100
[[0.0, 22.36, 33.42, 8.06, 19.21, 39.96, 34.48, 23.0, 23.09, 26.25, 22.47, 5.0, 12.21, 9.22, 39.81, 6.32, 23.77, 26.4, 25.5, 19.65, 35.11, 7.81, 7.28, 34.13, 29.73, 26.93, 19.24, 10.2, 19.1, 29.27, 23.09, 39.81, 30.61, 37.64, 6.08, 23.41, 18.38, 30.27, 28.43, 4.12, 25.0, 25.71, 37.54, 26.91, 33.6, 16.28, 22.2, 34.41, 5.83, 38.64, 18.87, 34.44, 22.47, 40.8, 19.24, 23.09, 35.17, 5.83, 42.54, 10.82, 21.26, 39.46, 32.8, 23.0, 19.85, 21.95, 27.89, 40.31, 33.84, 9.06, 30.61, 8.25, 26.68, 34.48, 10.77, 13.04, 18.03, 30.89, 6.71, 17.46, 37.44, 34.23, 9.0, 24.08, 42.06, 24.02, 15.23, 10.63, 16.4, 10.3, 30.81, 25.71, 20.88, 31.32, 12.65, 8.94, 8.54, 6.4, 22.02, 18.11, 33.24, 15.03, 30.63, 11.77, 20.18, 29.81, 20.18, 2.69, 18.9, 27.52, 47.71], [22.36, 0.0, 54.56, 26.17, 40.61, 44.01, 52.43, 44.15, 37.59, 44.82, 30.08, 23.77, 10.44, 29.07, 59.03, 22.36, 2.24, 31.26, 45.28, 39.32, 53.6, 21.93, 18.25, 49.65, 51.61, 49.24, 19.24, 22.0, 12.04, 42.15, 42.11, 50.45, 34.01, 58.8, 26.4, 34.18, 40.72, 46.65, 49.68, 23.6, 46.1, 47.76, 58.9, 48.83, 54.49, 8.06, 7.28, 55.17, 28.18, 55.07, 20.4, 53.91, 41.05, 61.52, 37.01, 3.61, 52.7, 25.96, 47.01, 32.2, 26.68, 50.96, 54.92, 10.44, 41.4, 42.45, 39.22, 47.17, 38.01, 19.03, 34.01, 29.12, 38.63, 40.11, 25.61, 34.21, 39.56, 37.34, 17.46, 37.48, 41.01, 46.82, 27.59, 40.5, 61.72, 38.95, 17.09, 28.16, 37.8, 25.02, 51.66, 45.18, 40.2, 41.48, 34.93, 30.0, 17.69, 16.16, 44.1, 38.83, 55.0, 32.65, 50.28, 15.12, 41.8, 38.45, 41.8, 24.44, 26.41, 42.98, 67.94], [33.42, 54.56, 0.0, 28.43, 14.21, 42.76, 13.04, 26.08, 23.19, 13.04, 33.73, 34.99, 45.28, 25.5, 10.77, 37.22, 55.44, 37.34, 10.44, 31.06, 11.4, 32.8, 40.22, 19.7, 6.08, 12.17, 41.63, 40.71, 46.65, 25.18, 33.02, 31.78, 40.05, 4.24, 28.28, 29.27, 19.42, 17.46, 5.0, 31.11, 26.31, 20.4, 4.47, 8.06, 1.41, 47.01, 51.87, 2.24, 28.02, 18.44, 40.31, 7.81, 34.0, 7.62, 35.23, 54.2, 14.42, 33.12, 43.42, 22.67, 36.4, 29.97, 7.81, 51.11, 13.6, 12.21, 28.02, 38.6, 40.05, 41.34, 40.05, 30.87, 27.0, 38.21, 29.68, 20.52, 25.18, 36.01, 40.0, 17.2, 42.3, 26.25, 27.02, 19.1, 11.05, 22.09, 40.31, 35.47, 17.03, 38.48, 3.16, 32.25, 32.02, 30.27, 23.77, 24.76, 37.01, 39.7, 12.65, 28.16, 4.24, 22.83, 7.65, 40.11, 13.31, 32.53, 13.31, 30.86, 34.31, 20.06, 14.87], [8.06, 26.17, 28.43, 0.0, 14.76, 32.8, 27.31, 25.3, 15.03, 19.24, 15.56, 12.65, 17.49, 3.16, 33.29, 14.32, 27.02, 19.85, 19.21, 23.85, 28.18, 4.47, 15.03, 26.31, 25.94, 24.74, 16.03, 18.25, 18.97, 21.21, 27.46, 31.78, 24.08, 32.65, 2.83, 15.65, 18.03, 22.56, 23.6, 4.0, 27.2, 26.08, 32.8, 23.26, 28.32, 18.6, 23.71, 29.0, 7.81, 31.05, 15.13, 28.02, 27.2, 35.36, 24.76, 25.81, 27.86, 12.53, 35.23, 7.07, 15.26, 31.4, 29.55, 23.41, 15.65, 16.28, 19.92, 32.65, 26.91, 17.0, 24.08, 13.45, 18.68, 27.2, 3.61, 8.54, 20.25, 23.6, 14.14, 11.31, 30.48, 26.17, 1.41, 16.28, 35.81, 16.0, 13.15, 17.49, 12.08, 18.03, 25.5, 29.53, 25.24, 23.41, 13.6, 5.0, 8.6, 12.65, 18.97, 21.47, 29.15, 7.28, 24.3, 11.85, 16.1, 22.15, 16.1, 5.85, 12.62, 19.6, 41.87], [19.21, 40.61, 14.21, 14.76, 0.0, 38.08, 18.11, 18.6, 16.12, 10.77, 24.33, 21.02, 31.11, 11.66, 21.59, 23.26, 41.62, 28.64, 8.06, 21.19, 18.0, 19.24, 26.08, 21.02, 11.18, 11.05, 29.61, 26.93, 33.62, 21.26, 24.17, 31.24, 32.28, 18.44, 14.21, 21.19, 9.43, 17.0, 9.22, 17.03, 19.85, 15.81, 18.38, 8.54, 14.42, 33.29, 38.47, 15.26, 13.89, 23.54, 28.44, 16.28, 24.7, 21.63, 24.52, 40.5, 19.24, 19.31, 39.66, 8.49, 26.02, 30.0, 14.87, 38.08, 1.0, 4.12, 22.47, 35.61, 33.62, 27.29, 32.28, 17.46, 21.1, 32.65, 16.76, 6.4, 15.23, 29.55, 25.81, 5.1, 36.67, 24.84, 13.42, 13.45, 23.41, 15.81, 27.51, 22.36, 2.83, 25.0, 11.66, 24.7, 22.47, 25.81, 11.0, 10.63, 23.32, 25.5, 5.1, 18.03, 14.42, 11.0, 12.59, 26.62, 1.5, 26.62, 1.5, 16.65, 23.5, 16.65, 28.65], [39.96, 44.01, 42.76, 32.8, 38.08, 0.0, 31.02, 55.61, 21.95, 30.36, 17.49, 44.94, 42.45, 33.97, 38.05, 46.14, 43.01, 13.93, 33.84, 55.87, 33.02, 32.25, 45.19, 24.0, 45.22, 48.33, 25.32, 49.65, 32.06, 17.72, 59.41, 13.93, 10.2, 45.28, 35.61, 17.69, 46.62, 25.32, 40.8, 36.06, 57.2, 53.85, 46.39, 44.01, 41.59, 37.34, 37.01, 41.44, 40.46, 28.28, 24.52, 36.12, 59.4, 45.01, 57.38, 41.01, 30.0, 45.22, 3.0, 36.8, 19.31, 15.81, 49.04, 34.06, 38.95, 35.34, 15.65, 5.83, 6.32, 47.42, 10.2, 46.23, 17.0, 5.66, 29.41, 36.24, 51.09, 9.22, 43.86, 33.29, 3.0, 17.0, 32.65, 25.08, 41.11, 22.36, 28.86, 50.22, 37.44, 50.25, 40.02, 60.96, 57.28, 12.65, 44.6, 36.07, 33.62, 41.23, 42.94, 53.08, 46.32, 29.07, 35.11, 32.9, 39.39, 11.51, 39.39, 38.42, 21.24, 22.94, 47.38], [34.48, 52.43, 13.04, 27.31, 18.11, 31.02, 0.0, 35.47, 15.62, 8.25, 26.08, 37.66, 44.72, 25.3, 7.62, 39.81, 52.8, 28.64, 10.05, 39.05, 2.0, 30.89, 41.76, 7.07, 17.69, 23.02, 36.12, 43.74, 42.45, 14.56, 41.76, 18.97, 30.36, 14.56, 28.46, 21.1, 26.93, 6.71, 13.6, 31.02, 36.25, 30.89, 15.81, 18.03, 11.66, 44.41, 48.17, 11.18, 30.41, 5.83, 34.71, 5.39, 42.45, 14.0, 42.58, 51.22, 1.41, 36.35, 31.26, 24.33, 29.41, 17.09, 20.62, 46.67, 18.25, 14.04, 18.03, 26.31, 29.43, 43.42, 30.36, 35.06, 17.46, 27.17, 26.93, 22.2, 32.98, 25.71, 41.11, 17.26, 31.06, 14.04, 26.0, 12.04, 10.77, 14.21, 36.12, 40.05, 20.0, 42.3, 11.31, 41.79, 40.26, 19.24, 29.07, 25.71, 34.99, 39.92, 20.25, 35.9, 17.2, 20.12, 6.52, 37.32, 18.34, 22.19, 18.34, 31.8, 28.04, 10.55, 17.46], [23.0, 44.15, 26.08, 25.3, 18.6, 55.61, 35.47, 0.0, 33.97, 29.15, 39.82, 20.4, 33.73, 22.85, 36.5, 21.84, 45.89, 44.29, 25.94, 6.4, 34.79, 28.64, 25.96, 39.45, 20.02, 14.0, 41.0, 23.26, 42.05, 39.62, 7.07, 49.82, 48.37, 29.02, 22.8, 38.01, 9.22, 35.51, 22.56, 24.33, 2.0, 6.32, 28.07, 18.25, 27.17, 39.12, 45.1, 28.16, 18.25, 41.23, 40.26, 32.02, 8.25, 33.02, 10.82, 45.54, 36.77, 18.25, 57.49, 19.24, 40.31, 48.6, 20.22, 46.0, 18.03, 22.47, 40.36, 53.76, 50.48, 25.63, 48.37, 15.13, 38.95, 50.0, 28.79, 19.42, 5.1, 46.62, 26.68, 22.63, 53.82, 43.42, 24.7, 31.89, 37.12, 33.94, 37.48, 16.55, 18.38, 20.12, 25.5, 6.32, 6.71, 43.86, 11.7, 20.62, 31.14, 28.28, 15.23, 5.39, 23.02, 26.63, 29.09, 34.59, 17.76, 44.12, 17.76, 22.14, 37.62, 35.22, 40.11], [23.09, 37.59, 23.19, 15.03, 16.12, 21.95, 15.62, 33.97, 0.0, 10.2, 10.77, 27.46, 31.05, 14.56, 23.02, 29.27, 37.74, 14.14, 13.0, 35.0, 17.2, 17.26, 30.0, 12.08, 24.19, 26.57, 20.52, 33.24, 27.02, 6.32, 38.42, 17.09, 17.03, 26.68, 17.26, 6.08, 24.84, 9.22, 20.02, 19.03, 35.47, 31.91, 27.46, 22.56, 22.36, 29.53, 32.8, 22.56, 21.19, 17.49, 19.1, 18.79, 38.6, 27.86, 37.22, 36.06, 15.56, 26.93, 23.6, 16.12, 13.89, 16.49, 28.16, 31.14, 17.0, 13.6, 6.4, 19.8, 17.72, 32.02, 17.03, 26.93, 5.0, 16.55, 13.15, 15.0, 29.73, 13.6, 29.02, 11.4, 20.62, 11.18, 14.14, 4.12, 26.08, 1.41, 20.81, 31.62, 15.62, 32.76, 20.1, 39.62, 36.4, 9.9, 23.6, 16.16, 20.88, 27.17, 21.02, 32.02, 26.0, 8.54, 16.14, 22.59, 17.44, 10.51, 17.44, 20.72, 12.42, 5.41, 32.76], [26.25, 44.82, 13.04, 19.24, 10.77, 30.36, 8.25, 29.15, 10.2, 0.0, 20.88, 29.43, 36.72, 17.09, 14.21, 31.58, 45.34, 24.33, 3.61, 31.95, 8.94, 23.02, 33.53, 10.3, 14.87, 18.6, 29.68, 35.51, 35.47, 12.65, 34.93, 21.26, 27.02, 16.49, 20.25, 16.28, 20.12, 6.4, 10.44, 22.85, 30.23, 25.5, 17.26, 13.89, 12.17, 36.88, 41.04, 12.37, 22.2, 13.04, 28.3, 9.22, 35.47, 17.89, 35.17, 43.86, 9.06, 28.16, 31.38, 16.12, 23.77, 19.8, 18.68, 39.82, 11.18, 6.71, 15.13, 26.83, 27.17, 35.17, 27.02, 27.0, 14.04, 25.5, 19.21, 14.04, 26.0, 23.09, 32.89, 9.06, 29.61, 15.0, 17.89, 6.08, 16.97, 9.06, 29.07, 32.0, 12.17, 34.13, 10.0, 35.36, 33.24, 17.72, 21.38, 17.46, 27.2, 31.78, 14.21, 28.79, 16.12, 12.21, 6.04, 29.77, 11.41, 19.66, 11.41, 23.56, 21.91, 7.43, 23.43], [22.47, 30.08, 33.73, 15.56, 24.33, 17.49, 26.08, 39.82, 10.77, 20.88, 0.0, 27.46, 26.08, 17.2, 33.62, 28.65, 29.73, 4.47, 23.35, 39.2, 27.78, 14.76, 27.86, 21.21, 34.01, 35.36, 11.18, 32.2, 18.38, 12.81, 42.8, 20.4, 8.6, 37.36, 18.38, 5.0, 31.38, 19.42, 30.15, 18.6, 41.59, 39.22, 38.08, 32.02, 32.98, 22.36, 24.17, 33.24, 23.35, 26.87, 9.85, 29.55, 42.64, 38.63, 40.31, 27.86, 25.81, 27.8, 20.12, 20.59, 3.61, 20.88, 38.01, 21.95, 25.32, 23.0, 9.43, 18.44, 11.4, 30.08, 8.6, 29.0, 9.22, 12.08, 12.04, 20.62, 34.99, 8.54, 26.57, 19.24, 15.0, 17.0, 15.62, 14.87, 36.72, 12.08, 13.15, 32.8, 22.8, 32.76, 30.59, 44.65, 40.61, 11.4, 28.3, 19.42, 16.49, 24.04, 29.43, 36.62, 36.22, 13.6, 26.88, 16.51, 25.81, 8.51, 25.81, 21.01, 4.03, 15.53, 43.42], [5.0, 23.77, 34.99, 12.65, 21.02, 44.94, 37.66, 20.4, 27.46, 29.43, 27.46, 0.0, 13.34, 13.04, 42.38, 2.24, 25.5, 31.4, 28.16, 16.03, 38.08, 12.81, 5.83, 38.0, 30.61, 26.91, 23.85, 6.08, 22.8, 33.73, 19.24, 44.38, 35.61, 39.12, 10.2, 28.23, 17.8, 34.01, 30.02, 8.94, 22.36, 24.17, 38.83, 27.8, 35.36, 19.03, 25.02, 36.24, 7.28, 42.19, 23.6, 37.0, 18.44, 42.54, 14.87, 25.18, 38.47, 2.24, 47.51, 13.34, 26.25, 43.93, 33.24, 26.31, 21.47, 24.35, 32.57, 45.19, 38.83, 6.4, 35.61, 5.39, 31.32, 39.45, 15.65, 15.52, 15.81, 35.85, 6.32, 20.4, 42.44, 38.64, 13.34, 28.02, 44.38, 28.28, 19.72, 5.83, 18.38, 5.39, 32.65, 22.09, 17.12, 36.06, 12.04, 12.04, 13.04, 8.0, 22.8, 15.13, 34.21, 19.1, 33.2, 15.89, 21.71, 34.68, 21.71, 6.8, 23.9, 31.56, 49.65], [12.21, 10.44, 45.28, 17.49, 31.11, 42.45, 44.72, 33.73, 31.05, 36.72, 26.08, 13.34, 0.0, 20.0, 50.77, 12.04, 12.17, 28.64, 36.62, 29.07, 45.65, 13.93, 8.0, 43.01, 41.87, 39.12, 17.46, 12.37, 12.73, 36.5, 32.0, 46.04, 32.28, 49.52, 17.03, 29.07, 30.41, 39.56, 40.31, 14.21, 35.69, 37.34, 49.5, 39.05, 45.34, 7.21, 12.65, 46.1, 18.03, 48.1, 18.03, 45.49, 31.02, 52.5, 27.07, 12.0, 45.19, 15.52, 45.35, 22.63, 23.35, 46.17, 45.0, 14.76, 31.83, 33.42, 34.13, 44.41, 36.14, 9.22, 32.28, 18.68, 33.24, 37.66, 18.03, 24.76, 29.12, 34.37, 7.07, 28.6, 39.56, 41.44, 18.87, 33.24, 53.25, 32.28, 13.6, 18.0, 28.28, 15.13, 42.52, 35.01, 30.02, 37.01, 24.6, 20.52, 10.2, 5.83, 34.21, 28.44, 45.34, 24.6, 41.74, 9.62, 32.19, 34.53, 32.19, 14.53, 22.05, 36.21, 59.2], [9.22, 29.07, 25.5, 3.16, 11.66, 33.97, 25.3, 22.85, 14.56, 17.09, 17.2, 13.04, 20.0, 0.0, 30.89, 15.0, 30.0, 21.63, 16.64, 22.02, 26.0, 7.62, 16.49, 25.02, 22.83, 21.59, 19.0, 19.0, 22.14, 20.88, 25.61, 31.62, 25.81, 29.73, 3.16, 16.4, 15.13, 21.1, 20.62, 5.83, 24.7, 23.19, 29.83, 20.12, 25.46, 21.63, 26.83, 26.17, 6.71, 29.43, 18.03, 25.55, 25.5, 32.56, 23.43, 28.84, 25.96, 12.37, 36.24, 4.0, 17.46, 31.05, 26.4, 26.57, 12.53, 13.45, 20.12, 33.29, 28.32, 18.25, 25.81, 12.53, 18.79, 28.32, 6.08, 5.39, 17.89, 24.76, 15.81, 8.6, 31.83, 25.71, 2.0, 15.0, 33.29, 15.3, 16.28, 17.09, 8.94, 18.25, 22.63, 27.46, 23.43, 23.71, 11.18, 2.24, 11.66, 14.76, 15.81, 19.42, 26.08, 6.08, 21.78, 14.98, 12.97, 22.9, 12.97, 6.58, 14.77, 18.53, 39.2], [39.81, 59.03, 10.77, 33.29, 21.59, 38.05, 7.62, 36.5, 23.02, 14.21, 33.62, 42.38, 50.77, 30.89, 0.0, 44.6, 59.55, 36.25, 14.32, 41.05, 5.83, 37.2, 47.01, 14.14, 16.76, 22.8, 43.42, 48.38, 49.52, 22.14, 43.29, 25.18, 37.95, 9.9, 34.0, 28.65, 29.0, 14.32, 14.04, 36.72, 36.88, 31.05, 11.31, 18.25, 9.49, 51.09, 55.15, 8.54, 35.11, 10.2, 42.01, 5.39, 44.18, 7.62, 45.0, 58.05, 8.25, 40.8, 38.01, 29.15, 36.89, 23.19, 18.36, 53.81, 21.38, 18.03, 25.63, 33.02, 36.88, 48.47, 37.95, 39.05, 25.08, 34.53, 33.42, 26.93, 35.01, 33.24, 46.52, 22.36, 38.33, 21.1, 31.91, 19.21, 3.16, 21.63, 43.14, 43.93, 24.04, 46.57, 11.05, 42.76, 42.11, 26.68, 32.39, 30.87, 41.4, 45.65, 22.0, 38.01, 14.76, 26.4, 9.19, 43.98, 21.29, 29.74, 21.29, 37.12, 35.4, 18.12, 9.85], [6.32, 22.36, 37.22, 14.32, 23.26, 46.14, 39.81, 21.84, 29.27, 31.58, 28.65, 2.24, 12.04, 15.0, 44.6, 0.0, 24.19, 32.45, 30.36, 17.03, 40.26, 13.89, 4.12, 40.01, 32.8, 29.0, 24.21, 4.0, 22.47, 35.51, 20.02, 46.1, 36.62, 41.34, 12.04, 29.73, 19.85, 36.06, 32.25, 10.44, 23.77, 25.94, 41.05, 30.0, 37.59, 18.25, 24.19, 38.47, 9.49, 44.28, 24.08, 39.22, 19.1, 44.78, 15.3, 24.02, 40.61, 4.24, 48.76, 15.52, 27.2, 45.71, 35.38, 25.71, 23.71, 26.57, 34.21, 46.62, 39.96, 4.24, 36.62, 7.21, 32.98, 40.71, 17.09, 17.72, 17.46, 37.12, 5.0, 22.56, 43.57, 40.45, 15.13, 30.0, 46.62, 30.15, 20.0, 6.08, 20.62, 4.24, 34.89, 23.0, 18.0, 37.64, 14.14, 14.14, 13.45, 7.28, 25.0, 16.49, 36.4, 21.02, 35.42, 15.95, 23.94, 36.12, 23.94, 8.56, 24.96, 33.51, 51.88], [23.77, 2.24, 55.44, 27.02, 41.62, 43.01, 52.8, 45.89, 37.74, 45.34, 29.73, 25.5, 12.17, 30.0, 59.55, 24.19, 0.0, 30.59, 45.97, 41.19, 54.04, 22.67, 20.1, 49.74, 52.7, 50.54, 18.68, 24.02, 11.4, 42.05, 44.05, 50.0, 33.14, 59.67, 27.46, 34.01, 42.15, 46.87, 50.61, 24.7, 47.85, 49.34, 59.82, 49.93, 55.32, 8.49, 6.0, 55.97, 29.55, 55.23, 19.92, 54.49, 43.01, 62.29, 39.0, 2.0, 53.01, 27.66, 46.01, 33.29, 26.25, 50.6, 56.08, 9.06, 42.44, 43.28, 39.0, 46.39, 37.12, 21.0, 33.14, 30.81, 38.48, 39.32, 26.17, 35.23, 41.23, 36.67, 19.24, 38.29, 40.01, 46.62, 28.43, 40.8, 62.29, 39.12, 17.0, 30.07, 38.83, 27.0, 52.5, 47.1, 42.11, 41.11, 36.4, 31.06, 18.44, 17.72, 45.28, 40.61, 56.04, 33.24, 50.92, 15.57, 42.85, 37.98, 42.85, 25.71, 26.2, 43.14, 68.59], [26.4, 31.26, 37.34, 19.85, 28.64, 13.93, 28.64, 44.29, 14.14, 24.33, 4.47, 31.4, 28.64, 21.63, 36.25, 32.45, 30.59, 0.0, 27.07, 43.6, 30.46, 18.6, 31.3, 23.02, 38.01, 39.62, 12.04, 35.85, 19.24, 14.42, 47.2, 19.7, 4.24, 40.79, 22.67, 8.06, 35.85, 21.93, 34.01, 22.67, 46.07, 43.66, 41.59, 36.12, 36.5, 24.0, 24.74, 36.67, 27.66, 28.6, 11.0, 32.57, 47.01, 41.76, 44.6, 28.64, 28.18, 31.89, 16.76, 25.06, 5.39, 20.59, 42.01, 22.14, 29.61, 27.07, 10.82, 16.0, 7.62, 33.54, 4.24, 33.24, 11.18, 9.06, 16.28, 25.08, 39.45, 6.08, 29.97, 23.54, 11.18, 17.69, 20.0, 18.25, 39.4, 15.3, 15.13, 36.88, 27.2, 36.62, 34.23, 49.09, 45.0, 11.4, 32.76, 23.85, 19.7, 27.31, 33.73, 41.05, 40.05, 18.03, 30.21, 19.04, 30.1, 7.91, 30.1, 25.12, 7.5, 18.2, 46.1], [25.5, 45.28, 10.44, 19.21, 8.06, 33.84, 10.05, 25.94, 13.0, 3.61, 23.35, 28.16, 36.62, 16.64, 14.32, 30.36, 45.97, 27.07, 0.0, 29.12, 10.05, 23.35, 32.7, 13.6, 11.4, 15.0, 31.3, 34.21, 36.62, 16.16, 31.95, 24.84, 30.02, 14.32, 19.72, 19.03, 17.09, 9.9, 7.07, 22.47, 26.93, 22.02, 14.87, 10.3, 9.85, 37.48, 42.01, 10.3, 20.88, 15.52, 29.97, 8.94, 32.57, 16.4, 32.56, 44.6, 11.18, 26.68, 34.93, 14.87, 25.96, 23.35, 15.3, 41.05, 8.25, 4.0, 18.44, 30.41, 30.41, 34.18, 30.02, 25.18, 17.26, 28.86, 19.85, 12.65, 23.09, 26.31, 32.2, 8.06, 32.98, 18.6, 17.8, 9.06, 16.64, 12.04, 30.23, 30.15, 10.05, 32.56, 7.28, 32.2, 30.36, 21.19, 19.03, 16.55, 27.59, 31.38, 10.82, 25.96, 13.0, 12.81, 5.15, 30.44, 8.38, 22.95, 8.38, 22.81, 23.88, 10.97, 22.67], [19.65, 39.32, 31.06, 23.85, 21.19, 55.87, 39.05, 6.4, 35.0, 31.95, 39.2, 16.03, 29.07, 22.02, 41.05, 17.03, 41.19, 43.6, 29.12, 0.0, 38.64, 26.4, 21.1, 42.15, 25.18, 19.42, 38.63, 17.72, 38.64, 41.05, 3.61, 51.62, 47.8, 34.37, 21.1, 38.18, 12.17, 38.08, 27.02, 21.93, 7.81, 12.53, 33.54, 23.02, 32.02, 35.06, 41.05, 33.02, 16.12, 44.64, 38.08, 36.22, 3.61, 38.33, 4.47, 41.05, 40.26, 14.14, 58.0, 19.1, 39.12, 50.61, 25.96, 42.3, 20.88, 25.3, 41.23, 54.67, 50.33, 20.4, 47.8, 11.4, 39.82, 50.21, 27.46, 20.0, 6.08, 46.69, 22.02, 24.19, 53.81, 45.28, 23.6, 33.62, 42.01, 35.23, 34.79, 11.18, 20.12, 14.56, 30.02, 6.08, 1.41, 44.82, 11.4, 19.85, 28.16, 24.02, 19.1, 3.16, 28.44, 26.91, 32.96, 31.41, 20.74, 44.57, 20.74, 19.5, 36.47, 37.15, 45.54], [35.11, 53.6, 11.4, 28.18, 18.0, 33.02, 2.0, 34.79, 17.2, 8.94, 27.78, 38.08, 45.65, 26.0, 5.83, 40.26, 54.04, 30.46, 10.05, 38.64, 0.0, 31.91, 42.38, 9.06, 16.4, 21.95, 37.64, 44.15, 43.84, 16.49, 41.23, 20.88, 32.28, 12.65, 29.15, 22.83, 26.48, 8.54, 12.53, 31.78, 35.47, 29.97, 13.93, 17.0, 10.0, 45.61, 49.52, 9.43, 30.81, 7.07, 36.24, 3.61, 41.98, 12.0, 42.3, 52.5, 3.16, 36.67, 33.24, 24.74, 31.06, 18.97, 19.1, 48.1, 18.03, 14.04, 19.92, 28.28, 31.4, 43.97, 32.28, 35.23, 19.31, 29.15, 28.02, 22.56, 32.56, 27.66, 41.79, 17.72, 33.06, 16.03, 26.83, 13.45, 8.94, 15.81, 37.48, 40.2, 20.1, 42.58, 10.0, 41.11, 39.81, 21.21, 29.0, 26.25, 36.06, 40.72, 19.65, 35.51, 15.62, 21.1, 5.7, 38.5, 18.06, 24.14, 18.06, 32.42, 29.6, 12.3, 15.65], [7.81, 21.93, 32.8, 4.47, 19.24, 32.25, 30.89, 28.64, 17.26, 23.02, 14.76, 12.81, 13.93, 7.62, 37.2, 13.89, 22.67, 18.6, 23.35, 26.4, 31.91, 0.0, 13.34, 29.12, 30.41, 29.12, 12.37, 17.46, 14.56, 23.02, 29.97, 33.14, 22.8, 37.01, 6.0, 16.28, 22.02, 25.63, 28.02, 4.47, 30.59, 30.0, 37.2, 27.73, 32.65, 14.21, 19.24, 33.3, 10.44, 34.18, 11.7, 32.02, 29.53, 39.62, 26.63, 21.4, 31.3, 13.45, 34.89, 11.4, 13.45, 33.02, 34.01, 18.97, 20.12, 20.62, 21.1, 32.89, 26.08, 15.52, 22.8, 15.26, 20.02, 26.83, 4.12, 13.0, 23.54, 23.26, 12.17, 15.62, 29.68, 28.02, 5.83, 19.31, 39.82, 18.44, 9.0, 18.38, 16.55, 18.03, 29.83, 32.31, 27.73, 24.33, 17.12, 9.22, 4.24, 10.0, 23.41, 24.35, 33.62, 10.82, 28.36, 7.38, 20.57, 22.46, 20.57, 6.95, 11.1, 22.32, 46.01], [7.28, 18.25, 40.22, 15.03, 26.08, 45.19, 41.76, 25.96, 30.0, 33.53, 27.86, 5.83, 8.0, 16.49, 47.01, 4.12, 20.1, 31.3, 32.7, 21.1, 42.38, 13.34, 0.0, 41.3, 36.12, 32.65, 21.93, 5.0, 19.24, 36.06, 24.0, 46.39, 35.36, 44.41, 13.34, 29.61, 23.6, 37.48, 35.23, 11.05, 27.89, 29.97, 44.2, 33.3, 40.5, 14.56, 20.4, 41.34, 12.21, 45.89, 22.02, 41.63, 23.02, 47.71, 19.1, 20.0, 42.45, 8.06, 47.93, 17.89, 25.94, 46.17, 38.9, 22.14, 26.63, 29.07, 34.37, 46.17, 38.91, 2.24, 35.36, 11.18, 33.24, 39.92, 17.12, 20.12, 21.54, 36.4, 1.41, 24.7, 42.49, 41.05, 16.12, 31.26, 49.19, 31.02, 17.69, 10.0, 23.32, 7.28, 37.74, 27.02, 22.02, 37.66, 17.8, 16.16, 11.66, 4.24, 28.32, 20.62, 39.7, 22.2, 37.82, 13.44, 26.91, 35.78, 26.91, 9.96, 23.96, 34.63, 54.71], [34.13, 49.65, 19.7, 26.31, 21.02, 24.0, 7.07, 39.45, 12.08, 10.3, 21.21, 38.0, 43.01, 25.02, 14.14, 40.01, 49.74, 23.02, 13.6, 42.15, 9.06, 29.12, 41.3, 0.0, 23.6, 28.28, 32.02, 44.01, 38.83, 8.6, 45.19, 12.08, 24.17, 21.59, 28.07, 16.28, 30.41, 4.12, 19.21, 30.27, 40.5, 35.61, 22.8, 23.35, 18.38, 41.59, 44.65, 18.03, 31.06, 5.66, 30.61, 12.37, 45.69, 21.02, 45.22, 48.02, 6.0, 37.05, 24.19, 25.18, 24.76, 10.3, 26.93, 42.8, 21.47, 17.0, 12.21, 19.24, 22.8, 43.19, 24.17, 36.35, 12.04, 20.4, 25.0, 23.35, 36.25, 19.31, 40.45, 18.44, 24.19, 7.0, 25.18, 10.05, 17.26, 10.77, 32.76, 41.3, 22.14, 43.05, 17.49, 45.65, 43.46, 12.65, 31.32, 26.02, 32.89, 38.83, 24.41, 39.0, 23.71, 19.1, 12.35, 34.68, 21.71, 15.89, 21.71, 31.56, 23.9, 6.8, 23.77], [29.73, 51.61, 6.08, 25.94, 11.18, 45.22, 17.69, 20.02, 24.19, 14.87, 34.01, 30.61, 41.87, 22.83, 16.76, 32.8, 52.7, 38.01, 11.4, 25.18, 16.4, 30.41, 36.12, 23.6, 0.0, 6.08, 40.52, 36.06, 44.78, 27.51, 27.0, 35.51, 41.19, 9.22, 25.24, 30.07, 13.93, 20.59, 4.47, 28.02, 20.22, 14.32, 8.54, 2.83, 7.28, 44.42, 49.65, 8.25, 24.04, 23.43, 39.29, 13.04, 28.02, 13.15, 29.43, 51.62, 19.1, 28.6, 46.24, 19.42, 36.22, 33.84, 4.0, 49.24, 10.3, 11.05, 29.83, 41.63, 41.77, 37.01, 41.19, 26.08, 28.64, 40.26, 27.86, 17.49, 19.42, 37.66, 36.07, 15.52, 44.38, 29.53, 24.6, 20.4, 17.12, 23.35, 38.63, 30.41, 13.89, 33.62, 6.4, 26.17, 26.08, 32.57, 18.87, 21.63, 34.48, 36.12, 7.81, 22.36, 3.61, 21.59, 11.34, 37.8, 9.86, 34.33, 9.86, 27.34, 33.87, 22.3, 20.4], [26.93, 49.24, 12.17, 24.74, 11.05, 48.33, 23.02, 14.0, 26.57, 18.6, 35.36, 26.91, 39.12, 21.59, 22.8, 29.0, 50.54, 39.62, 15.0, 19.42, 21.95, 29.12, 32.65, 28.28, 6.08, 0.0, 40.31, 31.89, 43.68, 30.89, 21.02, 39.82, 43.17, 15.03, 23.41, 32.02, 9.22, 24.84, 9.43, 26.0, 14.14, 8.25, 14.14, 5.0, 13.34, 42.54, 48.1, 14.32, 21.1, 28.84, 39.2, 18.79, 22.09, 19.03, 23.77, 49.66, 24.41, 24.76, 49.65, 17.72, 37.05, 38.29, 6.71, 48.08, 10.05, 13.0, 32.7, 45.28, 44.27, 33.24, 43.17, 21.93, 31.38, 43.08, 27.29, 16.28, 13.93, 40.16, 32.8, 16.12, 47.17, 33.6, 23.54, 23.26, 23.19, 26.0, 37.85, 25.81, 13.04, 29.21, 12.08, 20.1, 20.22, 35.78, 14.87, 19.92, 32.89, 33.29, 6.0, 16.76, 9.06, 22.02, 16.51, 36.37, 9.55, 37.05, 9.55, 24.82, 34.51, 25.81, 26.17], [19.24, 19.24, 41.63, 16.03, 29.61, 25.32, 36.12, 41.0, 20.52, 29.68, 11.18, 23.85, 17.46, 19.0, 43.42, 24.21, 18.68, 12.04, 31.3, 38.63, 37.64, 12.37, 21.93, 32.02, 40.52, 40.31, 0.0, 26.87, 7.28, 23.85, 42.15, 31.32, 15.13, 45.62, 18.25, 15.81, 34.06, 29.7, 37.34, 16.76, 42.95, 42.11, 46.1, 38.08, 41.15, 12.04, 13.0, 41.59, 22.8, 37.64, 1.41, 38.83, 41.63, 47.51, 38.47, 16.76, 36.07, 25.06, 28.28, 23.0, 7.62, 31.95, 44.38, 10.82, 30.59, 29.73, 20.59, 28.02, 19.1, 24.08, 15.13, 27.31, 20.25, 21.0, 13.04, 24.08, 35.9, 18.11, 20.52, 25.0, 22.36, 28.18, 17.0, 24.21, 46.4, 21.93, 4.24, 29.68, 27.29, 28.43, 38.48, 44.6, 39.92, 22.47, 29.43, 21.02, 10.82, 17.69, 34.37, 36.69, 43.32, 18.97, 35.67, 8.51, 31.08, 19.3, 31.08, 19.14, 8.14, 25.81, 53.01], [10.2, 22.0, 40.71, 18.25, 26.93, 49.65, 43.74, 23.26, 33.24, 35.51, 32.2, 6.08, 12.37, 19.0, 48.38, 4.0, 24.02, 35.85, 34.21, 17.72, 44.15, 17.46, 5.0, 44.01, 36.06, 31.89, 26.87, 0.0, 24.19, 39.46, 20.22, 50.01, 39.96, 44.78, 16.03, 33.53, 22.67, 40.05, 35.78, 14.32, 25.08, 28.02, 44.42, 33.29, 41.15, 19.31, 25.0, 42.05, 13.34, 48.26, 26.91, 43.01, 19.1, 48.3, 15.03, 24.19, 44.55, 7.62, 52.33, 19.42, 30.53, 49.65, 38.42, 26.93, 27.31, 30.36, 38.08, 50.33, 43.42, 3.16, 39.96, 10.0, 36.88, 44.28, 20.88, 21.59, 19.42, 40.72, 6.4, 26.48, 47.01, 44.41, 19.1, 34.0, 50.33, 34.13, 22.63, 6.71, 24.35, 3.16, 38.48, 23.35, 18.44, 41.48, 17.2, 18.11, 16.4, 9.22, 28.3, 17.89, 39.66, 25.02, 39.22, 18.4, 27.52, 39.86, 27.52, 12.54, 28.41, 37.51, 55.46], [19.1, 12.04, 46.65, 18.97, 33.62, 32.06, 42.45, 42.05, 27.02, 35.47, 18.38, 22.8, 12.73, 22.14, 49.52, 22.47, 11.4, 19.24, 36.62, 38.64, 43.84, 14.56, 19.24, 38.83, 44.78, 43.68, 7.28, 24.19, 0.0, 30.89, 41.98, 38.6, 22.0, 50.77, 20.4, 22.83, 36.35, 36.24, 42.06, 18.11, 44.05, 44.18, 51.11, 42.15, 46.32, 5.83, 5.83, 46.87, 24.02, 44.41, 8.54, 44.69, 41.23, 53.01, 37.64, 9.49, 42.52, 24.52, 35.06, 25.96, 14.87, 39.22, 48.47, 4.47, 34.54, 34.48, 27.73, 35.13, 26.0, 21.1, 22.0, 27.29, 27.29, 28.07, 17.0, 27.51, 37.01, 25.32, 17.89, 29.53, 29.07, 35.34, 20.25, 30.41, 52.4, 28.43, 6.4, 28.46, 31.02, 26.4, 43.57, 44.72, 39.81, 29.73, 31.06, 23.77, 11.05, 15.23, 37.95, 37.22, 47.85, 23.85, 41.31, 7.52, 35.0, 26.58, 35.0, 20.01, 15.01, 32.41, 58.9], [29.27, 42.15, 25.18, 21.21, 21.26, 17.72, 14.56, 39.62, 6.32, 12.65, 12.81, 33.73, 36.5, 20.88, 22.14, 35.51, 42.05, 14.42, 16.16, 41.05, 16.49, 23.02, 36.06, 8.6, 27.51, 30.89, 23.85, 39.46, 30.89, 0.0, 44.41, 10.77, 15.81, 28.0, 23.54, 8.06, 30.41, 8.06, 23.09, 25.18, 41.01, 37.01, 29.02, 26.4, 24.08, 34.18, 36.72, 24.02, 27.51, 14.21, 22.47, 19.1, 44.65, 28.28, 43.42, 40.25, 13.93, 33.24, 18.79, 22.36, 16.4, 10.2, 31.32, 34.67, 22.02, 18.03, 3.61, 14.42, 15.03, 38.12, 15.81, 33.24, 3.61, 13.04, 19.0, 21.1, 35.61, 11.18, 35.01, 17.03, 17.12, 5.0, 20.4, 7.81, 25.3, 5.83, 25.08, 37.95, 21.26, 39.05, 22.36, 45.45, 42.44, 5.1, 29.68, 22.47, 26.31, 33.02, 25.81, 38.01, 28.64, 14.87, 17.56, 27.54, 22.41, 7.65, 22.41, 26.97, 15.88, 5.22, 31.95], [23.09, 42.11, 33.02, 27.46, 24.17, 59.41, 41.76, 7.07, 38.42, 34.93, 42.8, 19.24, 32.0, 25.61, 43.29, 20.02, 44.05, 47.2, 31.95, 3.61, 41.23, 29.97, 24.0, 45.19, 27.0, 21.02, 42.15, 20.22, 41.98, 44.41, 0.0, 54.92, 51.4, 36.06, 24.7, 41.73, 14.87, 41.15, 29.27, 25.5, 7.62, 13.34, 35.13, 25.08, 34.06, 38.21, 44.18, 35.06, 19.72, 47.43, 41.63, 38.64, 1.41, 40.05, 5.39, 44.0, 43.01, 17.46, 61.52, 22.63, 42.72, 53.85, 27.29, 45.54, 23.77, 28.23, 44.69, 58.14, 53.91, 23.09, 51.4, 14.87, 43.28, 53.76, 31.06, 23.43, 8.94, 50.25, 25.02, 27.46, 57.38, 48.55, 27.2, 36.89, 44.05, 38.6, 38.28, 14.0, 23.32, 17.12, 32.25, 3.16, 2.24, 48.27, 14.87, 23.43, 31.62, 27.17, 21.59, 6.4, 30.07, 30.41, 35.53, 34.82, 23.58, 48.09, 23.58, 23.05, 40.08, 40.39, 47.17], [39.81, 50.45, 31.78, 31.78, 31.24, 13.93, 18.97, 49.82, 17.09, 21.26, 20.4, 44.38, 46.04, 31.62, 25.18, 46.1, 50.0, 19.7, 24.84, 51.62, 20.88, 33.14, 46.39, 12.08, 35.51, 39.82, 31.32, 50.01, 38.6, 10.77, 54.92, 0.0, 18.6, 33.53, 34.21, 17.0, 40.61, 15.0, 31.06, 35.69, 51.09, 46.67, 34.79, 35.0, 30.46, 42.76, 44.27, 30.08, 38.28, 15.03, 30.08, 24.35, 55.23, 32.56, 54.12, 48.08, 17.72, 43.97, 13.15, 33.11, 23.77, 2.0, 38.95, 41.79, 31.89, 27.59, 12.04, 8.25, 15.56, 48.51, 18.6, 44.01, 13.15, 12.73, 29.27, 31.76, 46.04, 13.89, 45.28, 27.46, 15.26, 6.4, 31.05, 18.03, 28.07, 16.55, 33.54, 48.7, 31.62, 49.73, 29.53, 55.8, 53.0, 9.06, 40.31, 33.24, 36.0, 43.1, 35.36, 48.55, 35.78, 25.63, 24.38, 36.67, 32.22, 12.02, 32.22, 37.59, 24.25, 14.6, 34.01], [30.61, 34.01, 40.05, 24.08, 32.28, 10.2, 30.36, 48.37, 17.03, 27.02, 8.6, 35.61, 32.28, 25.81, 37.95, 36.62, 33.14, 4.24, 30.02, 47.8, 32.28, 22.8, 35.36, 24.17, 41.19, 43.17, 15.13, 39.96, 22.0, 15.81, 51.4, 18.6, 0.0, 43.29, 26.91, 11.18, 39.81, 23.77, 37.05, 26.91, 50.12, 47.54, 44.18, 39.46, 39.12, 27.17, 27.17, 39.2, 31.89, 29.53, 14.32, 34.71, 51.22, 43.93, 48.84, 31.14, 29.73, 36.12, 13.15, 29.15, 9.43, 19.85, 45.18, 24.33, 33.24, 30.41, 12.37, 13.34, 4.0, 37.59, 0.0, 37.48, 13.15, 6.32, 20.52, 29.07, 43.57, 5.0, 34.0, 27.2, 7.28, 18.03, 24.21, 21.0, 41.11, 18.0, 18.68, 41.11, 31.02, 40.8, 37.01, 53.25, 49.2, 11.66, 36.89, 28.02, 23.71, 31.3, 37.36, 45.22, 43.01, 21.93, 32.69, 22.77, 33.72, 8.28, 33.72, 29.36, 11.72, 20.3, 47.76], [37.64, 58.8, 4.24, 32.65, 18.44, 45.28, 14.56, 29.02, 26.68, 16.49, 37.36, 39.12, 49.52, 29.73, 9.9, 41.34, 59.67, 40.79, 14.32, 34.37, 12.65, 37.01, 44.41, 21.59, 9.22, 15.03, 45.62, 44.78, 50.77, 28.0, 36.06, 33.53, 43.29, 0.0, 32.53, 32.76, 23.09, 20.02, 9.22, 35.36, 29.02, 23.02, 1.41, 11.7, 4.47, 51.22, 56.04, 4.12, 32.2, 19.24, 44.28, 9.22, 37.12, 4.0, 38.64, 58.41, 15.81, 37.22, 45.71, 26.91, 40.16, 31.62, 9.22, 55.23, 17.8, 16.4, 31.06, 40.79, 43.01, 45.49, 43.29, 34.89, 30.15, 41.01, 33.84, 24.76, 28.64, 39.05, 44.2, 21.4, 45.04, 28.44, 31.24, 22.56, 8.94, 25.5, 44.42, 39.4, 21.26, 42.49, 7.21, 35.01, 35.23, 33.02, 27.73, 29.0, 41.23, 43.93, 16.55, 31.58, 6.0, 26.93, 10.61, 44.3, 17.5, 35.53, 17.5, 35.09, 38.16, 23.05, 11.18], [6.08, 26.4, 28.28, 2.83, 14.21, 35.61, 28.46, 22.8, 17.26, 20.25, 18.38, 10.2, 17.03, 3.16, 34.0, 12.04, 27.46, 22.67, 19.72, 21.1, 29.15, 6.0, 13.34, 28.07, 25.24, 23.41, 18.25, 16.03, 20.4, 23.54, 24.7, 34.21, 26.91, 32.53, 0.0, 18.36, 16.03, 24.19, 23.35, 2.83, 24.74, 24.0, 32.56, 22.47, 28.32, 19.24, 24.7, 29.07, 5.0, 32.56, 17.46, 28.65, 24.41, 35.47, 21.93, 26.42, 29.12, 9.85, 38.01, 5.83, 18.03, 33.73, 28.65, 24.74, 15.0, 16.4, 22.47, 35.36, 29.73, 15.13, 26.91, 10.63, 21.19, 30.0, 6.4, 7.81, 17.72, 26.4, 12.65, 11.66, 33.3, 28.44, 3.16, 18.03, 36.36, 18.11, 15.0, 14.76, 11.4, 15.52, 25.5, 26.83, 22.47, 26.0, 11.18, 3.61, 9.49, 11.66, 17.89, 18.79, 28.6, 9.0, 24.87, 12.98, 15.4, 24.87, 15.4, 3.5, 15.4, 21.5, 42.2], [23.41, 34.18, 29.27, 15.65, 21.19, 17.69, 21.1, 38.01, 6.08, 16.28, 5.0, 28.23, 29.07, 16.4, 28.65, 29.73, 34.01, 8.06, 19.03, 38.18, 22.83, 16.28, 29.61, 16.28, 30.07, 32.02, 15.81, 33.53, 22.83, 8.06, 41.73, 17.0, 11.18, 32.76, 18.36, 0.0, 29.15, 14.42, 26.0, 19.31, 39.66, 36.67, 33.54, 28.28, 28.44, 26.25, 28.65, 28.64, 23.02, 21.93, 14.42, 24.7, 41.73, 33.84, 39.82, 32.2, 20.81, 28.18, 19.85, 19.1, 8.49, 17.12, 34.06, 26.63, 22.14, 19.24, 5.1, 17.0, 12.53, 31.78, 11.18, 28.84, 4.47, 12.04, 12.65, 18.6, 33.42, 8.6, 28.44, 16.16, 15.81, 12.65, 15.26, 10.2, 31.76, 7.28, 17.09, 33.12, 20.12, 33.62, 26.17, 43.28, 39.6, 8.06, 26.91, 18.44, 19.0, 26.17, 26.25, 35.38, 32.02, 11.4, 22.19, 19.81, 22.61, 6.52, 22.61, 21.48, 7.83, 10.55, 38.47], [18.38, 40.72, 19.42, 18.03, 9.43, 46.62, 26.93, 9.22, 24.84, 20.12, 31.38, 17.8, 30.41, 15.13, 29.0, 19.85, 42.15, 35.85, 17.09, 12.17, 26.48, 22.02, 23.6, 30.41, 13.93, 9.22, 34.06, 22.67, 36.35, 30.41, 14.87, 40.61, 39.81, 23.09, 16.03, 29.15, 0.0, 26.42, 15.03, 18.25, 10.63, 8.06, 22.47, 11.4, 20.22, 34.48, 40.26, 21.21, 12.65, 32.57, 33.14, 24.08, 15.52, 26.93, 16.0, 41.44, 28.16, 15.62, 48.41, 11.18, 32.28, 39.41, 15.81, 40.61, 8.94, 13.42, 31.24, 44.6, 41.68, 24.08, 39.81, 12.73, 29.83, 41.05, 21.21, 10.77, 6.08, 37.74, 23.85, 13.45, 44.94, 34.21, 17.12, 22.67, 30.15, 24.76, 31.02, 16.64, 9.22, 20.0, 18.03, 15.26, 13.34, 34.71, 5.83, 13.04, 25.32, 24.6, 7.0, 9.06, 17.46, 17.89, 20.8, 28.85, 8.73, 35.11, 8.73, 16.62, 29.6, 26.0, 34.21], [30.27, 46.65, 17.46, 22.56, 17.0, 25.32, 6.71, 35.51, 9.22, 6.4, 19.42, 34.01, 39.56, 21.1, 14.32, 36.06, 46.87, 21.93, 9.9, 38.08, 8.54, 25.63, 37.48, 4.12, 20.59, 24.84, 29.7, 40.05, 36.24, 8.06, 41.15, 15.0, 23.77, 20.02, 24.19, 14.42, 26.42, 0.0, 16.12, 26.48, 36.62, 31.89, 21.1, 20.0, 16.28, 38.59, 42.01, 16.12, 27.02, 8.54, 28.28, 11.05, 41.63, 20.22, 41.11, 45.22, 6.4, 33.02, 25.96, 21.1, 22.8, 13.45, 24.17, 40.36, 17.49, 13.04, 11.4, 21.19, 23.09, 39.32, 23.77, 32.25, 10.77, 21.0, 21.54, 19.24, 32.2, 19.24, 36.67, 14.32, 25.02, 8.94, 21.38, 6.32, 17.46, 7.81, 30.0, 37.22, 18.03, 39.01, 14.87, 41.68, 39.4, 13.0, 27.2, 22.0, 29.55, 35.17, 20.62, 34.93, 21.19, 15.3, 9.82, 31.57, 17.76, 15.7, 17.76, 27.66, 21.57, 3.91, 24.17], [28.43, 49.68, 5.0, 23.6, 9.22, 40.8, 13.6, 22.56, 20.02, 10.44, 30.15, 30.02, 40.31, 20.62, 14.04, 32.25, 50.61, 34.01, 7.07, 27.02, 12.53, 28.02, 35.23, 19.21, 4.47, 9.43, 37.34, 35.78, 42.06, 23.09, 29.27, 31.06, 37.05, 9.22, 23.35, 26.0, 15.03, 16.12, 0.0, 26.17, 23.09, 17.46, 9.22, 4.47, 5.39, 42.2, 47.17, 6.32, 23.02, 19.42, 36.06, 9.49, 30.15, 12.53, 31.02, 49.41, 15.0, 28.18, 41.79, 17.69, 32.56, 29.41, 8.25, 46.53, 8.6, 7.62, 25.5, 37.16, 37.48, 36.36, 37.05, 26.0, 24.33, 35.9, 25.06, 15.56, 21.0, 33.38, 35.0, 12.53, 40.02, 25.06, 22.2, 16.12, 15.13, 19.1, 35.78, 30.68, 12.04, 33.62, 3.0, 28.86, 28.07, 28.16, 18.97, 19.8, 32.2, 34.71, 8.06, 24.0, 6.08, 18.38, 7.11, 35.36, 8.32, 30.01, 8.32, 25.87, 30.32, 17.87, 19.7], [4.12, 23.6, 31.11, 4.0, 17.03, 36.06, 31.02, 24.33, 19.03, 22.85, 18.6, 8.94, 14.21, 5.83, 36.72, 10.44, 24.7, 22.67, 22.47, 21.93, 31.78, 4.47, 11.05, 30.27, 28.02, 26.0, 16.76, 14.32, 18.11, 25.18, 25.5, 35.69, 26.91, 35.36, 2.83, 19.31, 18.25, 26.48, 26.17, 0.0, 26.31, 26.08, 35.38, 25.24, 31.14, 16.55, 22.14, 31.89, 6.08, 34.93, 16.16, 31.38, 25.06, 38.29, 22.2, 23.71, 31.62, 9.22, 38.59, 8.6, 17.69, 35.36, 31.38, 22.36, 17.8, 19.21, 23.77, 36.25, 30.0, 13.0, 26.91, 10.82, 22.56, 30.53, 6.71, 10.63, 19.24, 26.93, 10.2, 14.42, 33.6, 30.15, 5.1, 20.22, 39.12, 20.0, 13.15, 14.21, 14.21, 14.32, 28.32, 27.86, 23.26, 27.2, 13.0, 6.4, 7.07, 8.94, 20.59, 19.92, 31.4, 11.18, 27.61, 10.61, 18.2, 25.74, 18.2, 2.5, 15.21, 23.58, 45.0], [25.0, 46.1, 26.31, 27.2, 19.85, 57.2, 36.25, 2.0, 35.47, 30.23, 41.59, 22.36, 35.69, 24.7, 36.88, 23.77, 47.85, 46.07, 26.93, 7.81, 35.47, 30.59, 27.89, 40.5, 20.22, 14.14, 42.95, 25.08, 44.05, 41.01, 7.62, 51.09, 50.12, 29.02, 24.74, 39.66, 10.63, 36.62, 23.09, 26.31, 0.0, 6.0, 28.0, 18.68, 27.46, 41.11, 47.1, 28.44, 20.22, 42.05, 42.2, 32.57, 8.94, 33.02, 12.04, 47.52, 37.58, 20.22, 59.03, 21.02, 42.15, 49.82, 20.02, 48.0, 19.21, 23.6, 41.87, 55.23, 52.15, 27.51, 50.12, 17.12, 40.46, 51.61, 30.68, 21.1, 7.07, 48.26, 28.64, 24.08, 55.47, 44.69, 26.57, 33.24, 37.34, 35.38, 39.46, 18.38, 19.85, 21.93, 25.96, 6.0, 7.81, 45.34, 13.6, 22.47, 33.14, 30.27, 16.12, 7.28, 23.02, 28.3, 29.81, 36.59, 18.9, 45.7, 18.9, 24.13, 39.46, 36.5, 40.01], [25.71, 47.76, 20.4, 26.08, 15.81, 53.85, 30.89, 6.32, 31.91, 25.5, 39.22, 24.17, 37.34, 23.19, 31.05, 25.94, 49.34, 43.66, 22.02, 12.53, 29.97, 30.0, 29.97, 35.61, 14.32, 8.25, 42.11, 28.02, 44.18, 37.01, 13.34, 46.67, 47.54, 23.02, 24.0, 36.67, 8.06, 31.89, 17.46, 26.08, 6.0, 0.0, 22.0, 13.0, 21.59, 41.98, 47.85, 22.56, 20.22, 36.72, 41.19, 26.93, 14.56, 27.02, 17.0, 48.76, 32.25, 21.93, 55.47, 19.24, 40.26, 45.28, 14.04, 48.37, 15.0, 19.1, 38.28, 51.4, 49.19, 30.02, 47.54, 18.79, 36.89, 48.37, 29.27, 18.68, 8.6, 45.18, 30.46, 20.59, 52.35, 40.31, 25.18, 29.21, 31.4, 31.62, 39.0, 21.4, 16.55, 25.0, 20.25, 12.0, 13.0, 41.62, 13.15, 21.1, 33.14, 31.62, 11.31, 10.63, 17.03, 25.63, 24.38, 36.67, 14.6, 42.36, 14.6, 24.25, 37.59, 32.22, 34.01], [37.54, 58.9, 4.47, 32.8, 18.38, 46.39, 15.81, 28.07, 27.46, 17.26, 38.08, 38.83, 49.5, 29.83, 11.31, 41.05, 59.82, 41.59, 14.87, 33.54, 13.93, 37.2, 44.2, 22.8, 8.54, 14.14, 46.1, 44.42, 51.11, 29.02, 35.13, 34.79, 44.18, 1.41, 32.56, 33.54, 22.47, 21.1, 9.22, 35.38, 28.0, 22.0, 0.0, 11.18, 5.1, 51.4, 56.3, 5.0, 32.02, 20.59, 44.78, 10.44, 36.22, 5.1, 37.85, 58.6, 17.09, 36.89, 46.87, 26.87, 40.8, 32.89, 8.06, 55.57, 17.69, 16.64, 32.02, 41.98, 44.0, 45.22, 44.18, 34.48, 31.06, 42.05, 34.13, 24.76, 27.89, 40.01, 44.05, 21.63, 46.1, 29.61, 31.4, 23.35, 10.3, 26.31, 44.78, 38.91, 21.21, 42.06, 7.62, 34.0, 34.37, 34.06, 27.29, 29.0, 41.4, 43.86, 16.12, 30.81, 5.1, 27.29, 11.51, 44.53, 17.36, 36.5, 17.36, 35.02, 38.75, 24.01, 12.04], [26.91, 48.83, 8.06, 23.26, 8.54, 44.01, 18.03, 18.25, 22.56, 13.89, 32.02, 27.8, 39.05, 20.12, 18.25, 30.0, 49.93, 36.12, 10.3, 23.02, 17.0, 27.73, 33.3, 23.35, 2.83, 5.0, 38.08, 33.29, 42.15, 26.4, 25.08, 35.0, 39.46, 11.7, 22.47, 28.28, 11.4, 20.0, 4.47, 25.24, 18.68, 13.0, 11.18, 0.0, 9.0, 41.68, 46.96, 10.0, 21.21, 23.85, 36.88, 13.93, 26.02, 15.52, 27.17, 48.88, 19.42, 25.81, 45.19, 16.64, 34.06, 33.42, 6.32, 46.62, 7.62, 9.06, 28.46, 40.71, 40.26, 34.21, 39.46, 23.32, 27.2, 38.9, 25.3, 14.76, 17.12, 36.14, 33.24, 13.15, 43.01, 28.84, 21.93, 18.97, 19.0, 21.84, 36.06, 27.73, 11.18, 30.89, 7.28, 24.52, 24.0, 31.38, 16.12, 18.87, 31.76, 33.3, 5.0, 20.1, 6.4, 19.24, 11.51, 35.11, 7.16, 32.9, 7.16, 24.52, 31.64, 21.24, 22.8], [33.6, 54.49, 1.41, 28.32, 14.42, 41.59, 11.66, 27.17, 22.36, 12.17, 32.98, 35.36, 45.34, 25.46, 9.49, 37.59, 55.32, 36.5, 9.85, 32.02, 10.0, 32.65, 40.5, 18.38, 7.28, 13.34, 41.15, 41.15, 46.32, 24.08, 34.06, 30.46, 39.12, 4.47, 28.32, 28.44, 20.22, 16.28, 5.39, 31.14, 27.46, 21.59, 5.1, 9.0, 0.0, 46.86, 51.61, 1.0, 28.3, 17.03, 39.81, 6.4, 35.01, 7.21, 36.12, 54.04, 13.04, 33.54, 42.2, 22.8, 35.74, 28.64, 9.22, 50.77, 13.89, 12.04, 27.0, 37.36, 39.01, 41.68, 39.12, 31.38, 26.02, 37.12, 29.41, 20.62, 26.08, 35.0, 40.22, 17.03, 41.19, 25.0, 26.91, 18.25, 10.0, 21.21, 39.96, 36.06, 17.2, 39.0, 2.83, 33.38, 33.0, 29.15, 24.35, 24.84, 36.88, 39.82, 13.34, 29.07, 5.66, 22.47, 6.52, 39.91, 13.65, 31.5, 13.65, 31.0, 33.71, 19.01, 14.32], [16.28, 8.06, 47.01, 18.6, 33.29, 37.34, 44.41, 39.12, 29.53, 36.88, 22.36, 19.03, 7.21, 21.63, 51.09, 18.25, 8.49, 24.0, 37.48, 35.06, 45.61, 14.21, 14.56, 41.59, 44.42, 42.54, 12.04, 19.31, 5.83, 34.18, 38.21, 42.76, 27.17, 51.22, 19.24, 26.25, 34.48, 38.59, 42.2, 16.55, 41.11, 41.98, 51.4, 41.68, 46.86, 0.0, 6.0, 47.51, 21.84, 47.01, 13.0, 46.01, 37.34, 53.81, 33.54, 7.21, 44.65, 21.0, 40.31, 25.06, 19.1, 43.17, 47.89, 7.62, 34.13, 34.83, 31.32, 40.0, 31.14, 16.16, 27.17, 24.02, 30.68, 33.02, 17.69, 26.93, 34.23, 30.02, 13.34, 29.83, 34.37, 38.9, 20.0, 32.45, 53.81, 30.89, 9.22, 24.33, 30.53, 21.84, 44.05, 41.11, 36.12, 33.73, 28.86, 22.83, 10.0, 11.05, 37.12, 34.01, 47.71, 24.76, 42.43, 7.11, 34.56, 30.83, 34.56, 17.87, 18.55, 34.92, 60.11], [22.2, 7.28, 51.87, 23.71, 38.47, 37.01, 48.17, 45.1, 32.8, 41.04, 24.17, 25.02, 12.65, 26.83, 55.15, 24.19, 6.0, 24.74, 42.01, 41.05, 49.52, 19.24, 20.4, 44.65, 49.65, 48.1, 13.0, 25.0, 5.83, 36.72, 44.18, 44.27, 27.17, 56.04, 24.7, 28.65, 40.26, 42.01, 47.17, 22.14, 47.1, 47.85, 56.3, 46.96, 51.61, 6.0, 0.0, 52.2, 27.66, 50.22, 14.32, 50.25, 43.29, 58.41, 39.46, 4.0, 48.27, 27.0, 40.01, 30.46, 20.62, 44.94, 53.23, 3.16, 39.36, 39.66, 33.54, 40.45, 31.14, 21.84, 27.17, 30.02, 33.12, 33.38, 22.2, 32.2, 40.2, 30.81, 19.24, 34.67, 34.01, 41.15, 25.06, 36.12, 58.0, 34.21, 12.04, 30.27, 35.78, 27.66, 48.83, 47.1, 42.11, 35.47, 34.71, 28.23, 15.23, 17.03, 42.54, 40.01, 52.84, 29.21, 46.8, 11.85, 39.8, 32.26, 39.8, 23.65, 20.84, 38.2, 64.44], [34.41, 55.17, 2.24, 29.0, 15.26, 41.44, 11.18, 28.16, 22.56, 12.37, 33.24, 36.24, 46.1, 26.17, 8.54, 38.47, 55.97, 36.67, 10.3, 33.02, 9.43, 33.3, 41.34, 18.03, 8.25, 14.32, 41.59, 42.05, 46.87, 24.02, 35.06, 30.08, 39.2, 4.12, 29.07, 28.64, 21.21, 16.12, 6.32, 31.89, 28.44, 22.56, 5.0, 10.0, 1.0, 47.51, 52.2, 0.0, 29.15, 16.4, 40.25, 5.83, 36.01, 6.4, 37.12, 54.67, 12.53, 34.44, 41.98, 23.6, 36.06, 28.23, 10.0, 51.31, 14.76, 12.73, 27.02, 37.11, 39.0, 42.54, 39.2, 32.31, 26.08, 37.05, 30.0, 21.4, 27.07, 35.01, 41.05, 17.69, 41.11, 24.74, 27.59, 18.44, 9.0, 21.38, 40.5, 37.0, 18.03, 39.92, 3.61, 34.37, 34.0, 29.07, 25.3, 25.61, 37.54, 40.61, 14.32, 30.07, 6.4, 23.02, 6.52, 40.53, 14.53, 31.5, 14.53, 31.8, 34.08, 19.01, 13.42], [5.83, 28.18, 28.02, 7.81, 13.89, 40.46, 30.41, 18.25, 21.19, 22.2, 23.35, 7.28, 18.03, 6.71, 35.11, 9.49, 29.55, 27.66, 20.88, 16.12, 30.81, 10.44, 12.21, 31.06, 24.04, 21.1, 22.8, 13.34, 24.02, 27.51, 19.72, 38.28, 31.89, 32.2, 5.0, 23.02, 12.65, 27.02, 23.02, 6.08, 20.22, 20.22, 32.02, 21.21, 28.3, 21.84, 27.66, 29.15, 0.0, 35.06, 22.14, 29.73, 19.42, 35.51, 16.97, 28.79, 31.26, 6.0, 42.8, 6.08, 23.02, 37.64, 27.02, 28.16, 14.42, 17.09, 26.83, 39.96, 34.66, 13.42, 31.89, 5.83, 25.5, 34.83, 11.4, 8.25, 13.15, 31.24, 12.04, 13.15, 38.21, 32.28, 7.81, 21.21, 37.16, 21.84, 19.24, 10.44, 11.18, 12.0, 25.55, 21.93, 17.49, 30.41, 7.07, 5.1, 13.0, 12.21, 16.28, 13.93, 27.59, 12.65, 25.93, 16.51, 14.71, 29.54, 14.71, 4.03, 20.4, 24.82, 42.54], [38.64, 55.07, 18.44, 31.05, 23.54, 28.28, 5.83, 41.23, 17.49, 13.04, 26.87, 42.19, 48.1, 29.43, 10.2, 44.28, 55.23, 28.6, 15.52, 44.64, 7.07, 34.18, 45.89, 5.66, 23.43, 28.84, 37.64, 48.26, 44.41, 14.21, 47.43, 15.03, 29.53, 19.24, 32.56, 21.93, 32.57, 8.54, 19.42, 34.93, 42.05, 36.72, 20.59, 23.85, 17.03, 47.01, 50.22, 16.4, 35.06, 0.0, 36.24, 10.63, 48.08, 17.72, 48.05, 53.54, 4.47, 41.05, 28.02, 29.02, 30.41, 13.04, 26.17, 48.41, 23.77, 19.42, 17.8, 23.02, 27.86, 47.68, 29.53, 40.01, 17.69, 25.3, 30.08, 27.0, 38.6, 24.6, 45.12, 22.0, 28.86, 11.7, 29.83, 14.87, 13.04, 16.12, 38.28, 45.01, 25.18, 47.04, 17.03, 47.54, 45.88, 17.89, 34.37, 30.15, 38.08, 43.68, 26.0, 41.48, 22.67, 23.77, 12.35, 40.03, 23.9, 21.27, 23.9, 36.0, 29.52, 12.09, 19.1], [18.87, 20.4, 40.31, 15.13, 28.44, 24.52, 34.71, 40.26, 19.1, 28.3, 9.85, 23.6, 18.03, 18.03, 42.01, 24.08, 19.92, 11.0, 29.97, 38.08, 36.24, 11.7, 22.02, 30.61, 39.29, 39.2, 1.41, 26.91, 8.54, 22.47, 41.63, 30.08, 14.32, 44.28, 17.46, 14.42, 33.14, 28.28, 36.06, 16.16, 42.2, 41.19, 44.78, 36.88, 39.81, 13.0, 14.32, 40.25, 22.14, 36.24, 0.0, 37.44, 41.15, 46.14, 38.08, 18.03, 34.66, 24.7, 27.46, 22.02, 6.32, 30.68, 43.17, 12.21, 29.43, 28.46, 19.24, 27.0, 18.25, 24.21, 14.32, 26.83, 18.87, 20.02, 12.0, 23.02, 35.17, 17.03, 20.62, 23.77, 21.59, 26.83, 16.03, 22.8, 45.0, 20.52, 4.47, 29.41, 26.17, 28.32, 37.16, 44.01, 39.4, 21.19, 28.64, 20.1, 10.63, 17.8, 33.24, 36.06, 42.06, 17.72, 34.3, 8.75, 29.92, 18.07, 29.92, 18.58, 6.73, 24.4, 51.61], [34.44, 53.91, 7.81, 28.02, 16.28, 36.12, 5.39, 32.02, 18.79, 9.22, 29.55, 37.0, 45.49, 25.55, 5.39, 39.22, 54.49, 32.57, 8.94, 36.22, 3.61, 32.02, 41.63, 12.37, 13.04, 18.79, 38.83, 43.01, 44.69, 19.1, 38.64, 24.35, 34.71, 9.22, 28.65, 24.7, 24.08, 11.05, 9.49, 31.38, 32.57, 26.93, 10.44, 13.93, 6.4, 46.01, 50.25, 5.83, 29.73, 10.63, 37.44, 0.0, 39.46, 9.22, 40.05, 53.04, 6.71, 35.44, 36.5, 23.77, 32.65, 22.47, 15.56, 49.04, 16.12, 12.65, 22.36, 31.58, 34.13, 43.08, 34.71, 33.73, 21.59, 32.02, 28.32, 21.54, 30.15, 30.27, 41.15, 17.0, 36.0, 19.24, 26.63, 14.76, 7.81, 17.46, 38.29, 38.64, 18.68, 41.23, 6.71, 38.33, 37.34, 24.02, 27.17, 25.5, 36.24, 40.31, 17.12, 33.14, 12.04, 21.26, 3.81, 38.92, 16.07, 26.73, 16.07, 31.75, 30.96, 14.43, 14.21], [22.47, 41.05, 34.0, 27.2, 24.7, 59.4, 42.45, 8.25, 38.6, 35.47, 42.64, 18.44, 31.02, 25.5, 44.18, 19.1, 43.01, 47.01, 32.57, 3.61, 41.98, 29.53, 23.02, 45.69, 28.02, 22.09, 41.63, 19.1, 41.23, 44.65, 1.41, 55.23, 51.22, 37.12, 24.41, 41.73, 15.52, 41.63, 30.15, 25.06, 8.94, 14.56, 36.22, 26.02, 35.01, 37.34, 43.29, 36.01, 19.42, 48.08, 41.15, 39.46, 0.0, 41.11, 4.12, 43.01, 43.68, 16.76, 61.55, 22.67, 42.44, 54.2, 28.44, 44.72, 24.35, 28.79, 44.82, 58.26, 53.81, 22.02, 51.22, 14.32, 43.42, 53.74, 30.81, 23.6, 9.49, 50.21, 24.08, 27.78, 57.31, 48.88, 27.02, 37.22, 45.01, 38.83, 37.7, 13.04, 23.71, 16.03, 33.14, 4.47, 2.24, 48.41, 15.0, 23.35, 31.02, 26.31, 22.36, 6.71, 31.14, 30.48, 36.28, 34.15, 24.19, 48.13, 24.19, 22.59, 39.82, 40.75, 48.26], [40.8, 61.52, 7.62, 35.36, 21.63, 45.01, 14.0, 33.02, 27.86, 17.89, 38.63, 42.54, 52.5, 32.56, 7.62, 44.78, 62.29, 41.76, 16.4, 38.33, 12.0, 39.62, 47.71, 21.02, 13.15, 19.03, 47.51, 48.3, 53.01, 28.28, 40.05, 32.56, 43.93, 4.0, 35.47, 33.84, 26.93, 20.22, 12.53, 38.29, 33.02, 27.02, 5.1, 15.52, 7.21, 53.81, 58.41, 6.4, 35.51, 17.72, 46.14, 9.22, 41.11, 0.0, 42.58, 60.96, 