100
[[0.0, 11.4, 45.04, 46.57, 31.58, 23.19, 14.42, 31.62, 9.06, 26.17, 10.82, 18.0, 18.03, 33.02, 36.24, 36.72, 31.78, 45.61, 46.32, 42.05, 35.74, 46.04, 10.63, 37.0, 13.45, 51.97, 50.01, 30.27, 22.36, 30.41, 8.25, 38.28, 15.0, 46.4, 33.84, 51.92, 28.64, 34.37, 51.88, 17.0, 49.4, 37.66, 29.12, 49.5, 41.19, 60.8, 29.0, 45.88, 24.35, 15.3, 17.03, 42.76, 37.59, 17.46, 41.23, 32.02, 5.66, 23.54, 21.93, 36.4, 14.32, 11.18, 15.23, 38.6, 8.6, 24.19, 45.88, 13.6, 12.08, 29.83, 20.25, 46.4, 30.41, 38.42, 42.19, 48.26, 27.51, 42.76, 38.47, 37.22, 47.38, 40.0, 38.6, 29.68, 19.42, 23.09, 14.14, 33.73, 3.61, 10.77, 1.41, 30.02, 25.55, 30.81, 17.12, 17.0, 41.4, 15.0, 32.57, 8.06, 41.04, 27.73, 37.5, 27.5, 39.37, 12.51, 39.37, 35.0, 17.33, 25.0, 51.66], [11.4, 0.0, 42.95, 47.89, 20.22, 24.41, 9.49, 24.04, 13.42, 15.0, 20.22, 7.62, 19.21, 32.31, 26.25, 29.83, 28.28, 35.36, 38.63, 35.69, 24.35, 38.08, 6.4, 32.02, 7.28, 44.6, 46.01, 27.89, 11.4, 31.38, 3.16, 30.68, 23.77, 38.01, 36.4, 47.1, 32.53, 23.09, 44.92, 12.37, 43.57, 34.23, 17.72, 49.4, 38.64, 52.35, 20.12, 41.05, 20.22, 4.0, 6.32, 43.38, 30.81, 22.2, 31.14, 28.16, 15.03, 12.17, 17.12, 32.02, 11.18, 17.46, 12.08, 28.28, 18.11, 13.0, 40.31, 22.56, 2.0, 20.0, 24.08, 36.07, 19.42, 29.97, 39.62, 45.4, 30.48, 43.38, 38.91, 26.02, 38.01, 29.7, 28.28, 22.56, 13.0, 26.17, 14.21, 34.99, 8.06, 1.41, 12.17, 28.79, 30.61, 32.45, 19.1, 6.4, 33.11, 6.08, 35.0, 3.61, 31.91, 22.02, 36.37, 16.51, 34.51, 14.92, 34.51, 25.81, 9.55, 24.82, 52.77], [45.04, 42.95, 0.0, 14.0, 48.6, 22.56, 33.54, 24.84, 36.12, 48.37, 40.52, 47.76, 27.17, 12.37, 34.06, 20.62, 14.87, 38.01, 23.77, 17.46, 46.69, 25.0, 37.34, 14.14, 35.69, 24.0, 8.94, 15.13, 39.36, 16.55, 43.42, 23.02, 38.63, 27.2, 18.38, 13.0, 23.6, 51.22, 22.02, 30.59, 16.03, 9.43, 45.22, 9.85, 4.47, 34.23, 30.0, 11.05, 22.8, 43.97, 46.49, 10.44, 20.0, 30.36, 35.51, 15.23, 41.44, 45.18, 25.96, 12.81, 32.25, 35.69, 31.26, 36.4, 41.0, 47.41, 14.14, 39.22, 41.0, 33.42, 27.51, 38.91, 39.82, 26.63, 3.61, 4.24, 21.95, 10.44, 10.63, 53.91, 32.89, 36.62, 36.4, 24.41, 30.36, 24.7, 31.0, 15.0, 43.01, 41.77, 44.1, 15.03, 27.46, 17.49, 28.28, 39.22, 25.94, 37.36, 18.44, 44.41, 30.02, 22.36, 7.91, 39.53, 12.5, 32.6, 12.5, 30.1, 34.0, 20.16, 15.81], [46.57, 47.89, 14.0, 0.0, 58.05, 23.77, 38.59, 35.51, 37.64, 56.64, 39.12, 54.08, 29.15, 16.28, 45.65, 32.7, 23.6, 50.92, 37.48, 30.81, 57.2, 38.64, 41.59, 26.0, 40.82, 38.0, 22.36, 21.93, 47.42, 16.55, 47.42, 35.47, 36.0, 40.79, 13.04, 26.48, 19.0, 60.96, 36.01, 36.06, 30.02, 20.62, 54.49, 6.4, 16.49, 48.17, 40.0, 25.02, 29.73, 49.93, 52.7, 5.0, 32.31, 29.43, 47.93, 24.41, 41.77, 53.15, 32.65, 24.17, 36.72, 35.69, 35.85, 48.3, 40.31, 55.32, 28.07, 37.01, 46.14, 43.6, 26.48, 51.87, 49.82, 39.0, 16.28, 17.26, 19.24, 5.0, 9.22, 63.89, 46.32, 48.75, 48.3, 34.41, 37.01, 23.54, 34.01, 13.0, 45.54, 46.53, 45.35, 19.85, 23.02, 15.81, 29.73, 45.8, 38.9, 43.27, 14.14, 48.33, 42.72, 31.24, 13.73, 48.87, 25.14, 34.47, 25.14, 41.62, 40.4, 23.07, 5.1], [31.58, 20.22, 48.6, 58.05, 0.0, 38.01, 23.77, 23.85, 32.14, 5.83, 40.0, 14.32, 34.18, 41.87, 17.26, 29.07, 34.66, 22.56, 33.54, 34.54, 5.83, 32.39, 24.08, 34.67, 22.36, 39.32, 47.85, 36.12, 11.7, 43.27, 23.35, 27.86, 43.1, 31.14, 49.4, 47.17, 47.42, 3.16, 40.61, 24.7, 42.06, 39.2, 3.61, 57.38, 44.2, 43.29, 18.6, 42.05, 28.6, 16.28, 14.87, 53.08, 29.97, 39.29, 20.02, 33.97, 35.06, 8.06, 26.08, 35.81, 25.96, 36.22, 26.25, 17.0, 38.01, 7.62, 39.92, 42.05, 20.02, 15.26, 40.16, 22.8, 8.94, 25.0, 45.0, 49.4, 44.72, 53.08, 48.92, 6.32, 28.07, 18.03, 17.0, 24.21, 22.36, 41.23, 30.08, 46.62, 28.28, 21.1, 32.39, 38.42, 46.82, 44.94, 34.79, 16.12, 27.66, 19.24, 48.02, 23.54, 24.19, 26.87, 44.55, 9.19, 36.79, 32.16, 36.79, 20.08, 20.08, 36.79, 62.23], [23.19, 24.41, 22.56, 23.77, 38.01, 0.0, 15.56, 21.21, 14.14, 35.23, 18.03, 31.14, 5.39, 10.2, 31.0, 22.85, 12.81, 39.32, 32.25, 25.81, 38.9, 32.65, 18.03, 19.21, 17.69, 36.4, 29.07, 9.9, 26.42, 7.28, 23.71, 25.63, 16.64, 34.01, 12.04, 31.91, 9.49, 41.15, 35.47, 13.6, 31.14, 17.2, 34.44, 26.31, 19.31, 46.87, 23.09, 26.4, 11.0, 26.91, 29.73, 19.65, 23.26, 8.06, 35.13, 13.6, 19.03, 31.62, 12.37, 17.69, 13.45, 13.15, 12.73, 34.0, 18.44, 33.6, 27.59, 17.0, 22.8, 26.31, 5.66, 40.31, 31.32, 27.89, 20.25, 26.25, 6.71, 19.65, 15.3, 44.28, 37.64, 35.01, 34.0, 19.1, 15.65, 4.12, 10.3, 10.77, 21.84, 23.02, 22.09, 8.06, 10.05, 8.06, 6.08, 23.43, 29.73, 20.52, 10.63, 24.6, 31.78, 15.13, 14.71, 29.44, 20.86, 10.79, 20.86, 27.57, 18.31, 3.2, 28.79], [14.42, 9.49, 33.54, 38.59, 23.77, 15.56, 0.0, 17.2, 9.49, 20.12, 18.03, 15.62, 10.82, 22.85, 22.83, 22.36, 19.03, 32.25, 31.91, 27.86, 26.02, 31.62, 4.12, 23.35, 2.24, 37.59, 37.05, 18.44, 12.17, 22.2, 10.0, 23.85, 20.22, 32.02, 27.59, 38.47, 24.41, 26.93, 37.58, 3.0, 35.44, 25.02, 20.4, 39.92, 29.27, 46.4, 15.0, 32.39, 11.0, 11.4, 14.21, 34.0, 23.26, 15.52, 27.78, 19.0, 14.42, 16.55, 8.06, 23.09, 2.24, 13.15, 2.83, 25.5, 16.55, 18.36, 32.02, 19.42, 7.62, 16.55, 16.55, 33.12, 19.1, 24.08, 30.27, 36.12, 22.02, 34.0, 29.53, 30.08, 33.3, 26.83, 25.5, 15.26, 5.0, 18.03, 6.32, 25.81, 11.18, 8.25, 14.21, 19.31, 23.26, 23.43, 11.18, 8.06, 27.02, 5.0, 26.17, 11.0, 26.91, 13.6, 26.88, 16.51, 25.81, 8.51, 25.81, 21.01, 4.03, 15.53, 43.42], [31.62, 24.04, 24.84, 35.51, 23.85, 21.21, 17.2, 0.0, 25.5, 24.35, 33.6, 26.0, 20.62, 20.25, 10.44, 6.0, 12.08, 18.11, 14.76, 12.0, 21.93, 14.42, 21.1, 10.82, 18.36, 20.62, 24.35, 14.56, 16.12, 23.35, 26.0, 6.71, 34.48, 14.87, 29.61, 24.33, 30.0, 26.4, 20.88, 14.87, 20.0, 15.56, 20.59, 33.97, 20.52, 29.21, 5.39, 18.68, 10.44, 23.19, 25.02, 30.53, 7.0, 26.93, 14.0, 11.18, 31.11, 21.59, 10.82, 12.04, 17.69, 28.02, 16.97, 13.34, 32.65, 23.77, 17.12, 34.13, 22.14, 8.6, 25.96, 19.1, 15.0, 7.21, 21.26, 25.55, 27.0, 30.53, 26.83, 29.07, 17.0, 14.14, 13.34, 2.24, 12.21, 25.32, 20.0, 25.96, 28.3, 23.41, 31.4, 17.46, 31.26, 25.32, 21.93, 18.25, 9.9, 18.03, 28.44, 26.93, 10.77, 6.08, 21.78, 14.98, 12.97, 22.9, 12.97, 6.58, 14.77, 18.53, 39.2], [9.06, 13.42, 36.12, 37.64, 32.14, 14.14, 9.49, 25.5, 0.0, 27.66, 8.54, 21.02, 9.0, 24.0, 32.2, 29.83, 23.41, 41.59, 39.7, 34.67, 35.06, 39.62, 8.06, 29.07, 10.05, 45.0, 41.48, 21.59, 21.02, 21.38, 11.4, 31.83, 11.0, 40.31, 25.08, 43.66, 20.25, 35.23, 44.65, 10.82, 41.59, 29.12, 29.02, 40.45, 32.39, 54.49, 24.19, 37.7, 16.64, 17.09, 19.7, 33.73, 30.61, 9.22, 37.12, 23.77, 5.83, 24.33, 14.87, 28.23, 8.06, 4.12, 8.6, 34.93, 7.21, 25.71, 38.01, 10.05, 12.65, 26.0, 11.66, 42.49, 28.44, 32.65, 33.38, 39.46, 18.79, 33.73, 29.43, 38.33, 42.2, 36.25, 34.93, 23.35, 13.89, 14.32, 5.83, 24.74, 8.06, 12.08, 8.0, 21.1, 17.69, 21.84, 8.06, 16.03, 35.38, 13.0, 23.77, 12.04, 35.81, 20.62, 28.5, 25.74, 31.32, 3.54, 31.32, 30.1, 13.46, 16.01, 42.72], [26.17, 15.0, 48.37, 56.64, 5.83, 35.23, 20.12, 24.35, 27.66, 0.0, 35.13, 8.54, 30.89, 40.36, 20.1, 30.08, 33.84, 26.93, 36.01, 35.9, 11.31, 35.0, 19.65, 34.93, 18.38, 42.0, 48.7, 34.83, 9.22, 41.11, 18.03, 29.43, 38.47, 34.06, 47.01, 48.51, 44.42, 8.25, 43.05, 21.63, 43.74, 38.95, 5.39, 56.61, 43.91, 47.07, 18.97, 43.01, 26.91, 11.0, 9.22, 51.74, 31.05, 35.47, 23.77, 33.29, 30.02, 3.61, 24.04, 35.78, 22.36, 31.78, 22.83, 20.62, 33.06, 2.0, 41.23, 37.34, 15.13, 16.28, 36.67, 27.31, 11.05, 27.07, 44.78, 49.66, 41.88, 51.74, 47.42, 11.05, 31.78, 21.84, 20.62, 24.17, 19.85, 38.08, 26.4, 44.6, 23.02, 16.03, 27.07, 36.8, 43.38, 42.64, 31.3, 12.08, 30.02, 15.23, 45.61, 18.11, 27.07, 26.08, 43.5, 9.62, 37.23, 28.15, 37.23, 22.05, 16.92, 34.44, 61.07], [10.82, 20.22, 40.52, 39.12, 40.0, 18.03, 18.03, 33.6, 8.54, 35.13, 0.0, 27.66, 14.42, 28.16, 40.72, 37.48, 29.68, 50.09, 47.38, 41.87, 43.29, 47.42, 16.12, 35.81, 18.44, 52.4, 47.01, 27.29, 29.27, 24.33, 17.46, 39.7, 4.24, 48.27, 26.08, 49.65, 20.22, 43.01, 51.86, 19.24, 48.26, 34.89, 37.05, 43.05, 37.34, 62.24, 32.65, 43.91, 24.04, 24.19, 26.48, 36.01, 38.18, 10.2, 45.62, 30.23, 5.39, 32.02, 22.8, 34.67, 16.55, 5.66, 17.0, 43.46, 2.24, 33.14, 44.65, 2.83, 20.02, 34.54, 13.15, 50.99, 36.88, 40.8, 38.28, 44.27, 20.0, 36.01, 32.14, 46.04, 50.48, 44.78, 43.46, 31.4, 22.36, 16.12, 13.6, 27.07, 12.65, 19.1, 9.43, 26.0, 16.49, 24.08, 13.04, 24.08, 43.42, 21.21, 25.02, 17.72, 44.1, 28.32, 32.63, 34.12, 37.86, 10.7, 37.86, 38.51, 21.98, 20.81, 44.18], [18.0, 7.62, 47.76, 54.08, 14.32, 31.14, 15.62, 26.0, 21.02, 8.54, 27.66, 0.0, 26.17, 38.08, 25.08, 32.0, 32.89, 33.29, 39.62, 38.0, 19.42, 38.83, 13.6, 35.51, 13.45, 45.71, 49.65, 33.11, 10.2, 37.8, 10.2, 32.14, 31.32, 38.33, 43.19, 50.16, 39.7, 16.76, 46.39, 18.03, 46.0, 38.6, 12.81, 55.01, 43.32, 52.2, 21.1, 44.28, 25.08, 4.24, 1.41, 49.4, 33.0, 29.68, 29.53, 32.57, 22.36, 7.07, 21.93, 35.9, 17.69, 25.08, 18.44, 26.42, 25.5, 6.71, 43.05, 30.08, 8.6, 19.65, 31.4, 33.84, 16.64, 30.59, 44.27, 49.73, 37.48, 49.4, 44.94, 19.42, 37.16, 27.78, 26.42, 25.08, 17.46, 33.3, 21.26, 41.4, 15.13, 8.94, 19.03, 34.48, 38.01, 39.05, 26.25, 8.54, 33.73, 10.82, 41.77, 10.05, 31.62, 25.71, 41.82, 14.09, 37.98, 22.33, 37.98, 25.83, 13.87, 31.1, 58.83], [18.03, 19.21, 27.17, 29.15, 34.18, 5.39, 10.82, 20.62, 9.0, 30.89, 14.42, 26.17, 0.0, 15.0, 29.43, 23.6, 15.26, 38.33, 33.42, 27.59, 35.69, 33.6, 12.81, 21.4, 12.81, 38.18, 32.89, 13.0, 22.47, 12.65, 18.36, 26.08, 14.21, 34.67, 17.2, 35.34, 13.6, 37.34, 37.54, 9.49, 33.84, 20.62, 30.68, 31.58, 23.54, 48.27, 21.21, 29.53, 10.3, 21.93, 24.76, 25.0, 24.21, 6.32, 33.96, 15.81, 14.32, 27.29, 10.2, 20.25, 8.6, 8.94, 8.06, 32.39, 14.32, 29.15, 30.23, 14.14, 17.69, 24.02, 6.08, 39.29, 28.28, 27.73, 24.52, 30.59, 11.31, 25.0, 20.62, 40.5, 37.58, 33.54, 32.39, 18.38, 12.17, 7.21, 5.0, 16.16, 16.49, 17.8, 17.0, 12.17, 12.65, 13.42, 1.41, 18.87, 30.02, 15.81, 15.81, 19.24, 31.38, 14.76, 19.51, 26.09, 23.44, 5.52, 23.44, 26.44, 14.12, 7.02, 34.18], [33.02, 32.31, 12.37, 16.28, 41.87, 10.2, 22.85, 20.25, 24.0, 40.36, 28.16, 38.08, 15.0, 0.0, 30.68, 19.03, 8.25, 37.34, 26.68, 19.65, 41.34, 27.46, 26.25, 13.15, 25.08, 29.55, 19.42, 5.83, 31.14, 5.0, 32.28, 22.02, 26.4, 29.27, 10.05, 22.67, 13.04, 44.82, 28.18, 20.12, 23.02, 8.94, 38.29, 17.09, 9.43, 40.31, 24.19, 17.8, 13.45, 34.0, 36.72, 11.4, 19.0, 18.03, 33.73, 9.22, 29.15, 36.88, 16.4, 11.18, 21.19, 23.35, 20.25, 33.53, 28.64, 39.05, 19.72, 26.93, 30.46, 27.78, 15.23, 38.33, 33.84, 25.18, 10.3, 16.16, 10.63, 11.4, 7.07, 47.8, 34.01, 34.21, 33.53, 18.79, 20.81, 12.53, 19.24, 6.0, 31.26, 31.02, 32.0, 3.61, 16.28, 6.71, 16.03, 29.68, 26.0, 27.29, 9.22, 33.24, 29.15, 15.26, 4.53, 32.72, 13.76, 20.51, 13.76, 26.73, 24.27, 8.02, 20.81], [36.24, 26.25, 34.06, 45.65, 17.26, 31.0, 22.83, 10.44, 32.2, 20.1, 40.72, 25.08, 29.43, 30.68, 0.0, 13.45, 22.47, 9.43, 16.28, 18.03, 13.42, 15.13, 25.81, 20.0, 23.02, 22.09, 31.62, 25.0, 15.26, 33.73, 29.0, 11.4, 42.38, 14.0, 40.02, 30.41, 40.11, 18.97, 23.35, 21.54, 25.08, 25.24, 15.0, 43.6, 30.0, 27.2, 8.25, 25.81, 20.0, 23.85, 24.6, 40.71, 14.14, 35.69, 5.0, 21.54, 37.22, 18.68, 19.24, 21.63, 24.17, 35.47, 23.77, 3.0, 39.36, 20.4, 23.32, 41.79, 24.76, 6.4, 35.23, 10.3, 9.06, 8.06, 30.61, 33.97, 37.12, 40.71, 37.16, 21.02, 12.08, 4.12, 3.0, 12.17, 18.38, 35.01, 27.51, 36.4, 32.65, 26.17, 36.4, 27.89, 41.01, 35.69, 30.59, 19.85, 10.44, 21.26, 38.83, 29.73, 7.0, 16.12, 31.98, 11.07, 21.59, 30.37, 21.59, 4.03, 19.14, 28.57, 49.09], [36.72, 29.83, 20.62, 32.7, 29.07, 22.85, 22.36, 6.0, 29.83, 30.08, 37.48, 32.0, 23.6, 19.03, 13.45, 0.0, 11.05, 18.44, 9.9, 6.0, 26.4, 10.0, 26.4, 6.71, 23.77, 15.26, 18.79, 14.14, 22.09, 23.09, 31.62, 3.0, 37.8, 11.18, 29.0, 18.44, 30.59, 31.38, 15.23, 19.72, 14.0, 12.08, 26.0, 30.23, 16.64, 24.76, 11.18, 13.0, 13.45, 29.15, 31.02, 27.86, 1.0, 29.68, 15.23, 10.05, 35.61, 27.46, 15.0, 8.54, 22.47, 31.83, 21.63, 15.81, 36.8, 29.61, 11.18, 37.64, 27.89, 13.93, 28.18, 19.42, 20.12, 6.32, 17.2, 20.62, 27.66, 27.86, 24.74, 33.84, 15.13, 16.12, 15.81, 7.28, 17.46, 26.93, 24.08, 25.02, 33.54, 29.12, 36.36, 17.12, 32.57, 25.08, 25.0, 24.19, 7.07, 23.77, 28.02, 32.57, 10.2, 9.22, 19.3, 20.55, 8.14, 26.88, 8.14, 9.55, 20.4, 19.78, 35.85], [31.78, 28.28, 14.87, 23.6, 34.66, 12.81, 19.03, 12.08, 23.41, 33.84, 29.68, 32.89, 15.26, 8.25, 22.47, 11.05, 0.0, 29.15, 19.7, 13.04, 33.6, 20.25, 23.0, 6.4, 21.1, 23.6, 18.25, 3.16, 24.7, 12.04, 29.02, 14.04, 29.07, 21.84, 18.03, 20.25, 19.65, 37.48, 22.67, 16.03, 18.6, 6.0, 31.14, 22.8, 10.44, 34.13, 16.4, 14.32, 8.06, 29.12, 31.62, 18.6, 11.18, 20.52, 25.5, 1.0, 29.15, 30.53, 11.18, 5.0, 18.03, 24.19, 17.03, 25.3, 29.53, 32.76, 15.0, 29.21, 26.31, 20.0, 18.44, 30.15, 26.25, 17.03, 11.4, 17.12, 16.76, 18.6, 14.76, 40.36, 26.17, 25.96, 25.3, 10.82, 15.52, 16.64, 17.72, 14.14, 29.27, 27.17, 31.05, 6.08, 21.93, 14.04, 16.64, 24.35, 18.11, 22.56, 17.0, 30.02, 21.02, 7.81, 9.92, 25.47, 8.2, 19.96, 8.2, 18.5, 19.16, 9.6, 27.59], [45.61, 35.36, 38.01, 50.92, 22.56, 39.32, 32.25, 18.11, 41.59, 26.93, 50.09, 33.29, 38.33, 37.34, 9.43, 18.44, 29.15, 0.0, 15.56, 20.59, 17.12, 14.14, 35.23, 25.0, 32.45, 19.72, 33.42, 32.06, 24.08, 41.05, 38.21, 15.52, 51.62, 12.04, 47.17, 31.11, 48.04, 23.09, 21.63, 30.87, 25.46, 30.36, 21.54, 47.85, 34.54, 21.0, 17.46, 28.02, 28.44, 32.65, 33.02, 46.17, 18.68, 44.64, 4.47, 28.16, 46.65, 26.42, 28.16, 26.93, 33.54, 44.78, 33.11, 7.07, 48.76, 27.73, 25.0, 51.08, 33.97, 15.81, 43.93, 1.0, 16.64, 12.17, 34.93, 36.89, 45.04, 46.17, 43.17, 24.02, 6.71, 5.66, 7.07, 20.22, 27.73, 43.42, 36.77, 43.29, 42.01, 35.38, 45.8, 35.06, 49.37, 43.05, 39.56, 29.0, 12.08, 30.61, 46.1, 38.9, 8.25, 24.19, 37.72, 19.3, 25.81, 39.65, 25.81, 11.88, 28.57, 36.62, 53.71], [46.32, 38.63, 23.77, 37.48, 33.54, 32.25, 31.91, 14.76, 39.7, 36.01, 47.38, 39.62, 33.42, 26.68, 16.28, 9.9, 19.7, 15.56, 0.0, 7.07, 29.41, 1.41, 35.85, 13.6, 33.12, 6.08, 18.03, 22.85, 29.43, 31.32, 40.72, 8.06, 47.63, 3.61, 36.67, 15.56, 39.22, 35.17, 7.07, 29.41, 9.9, 18.11, 31.14, 33.53, 21.1, 14.87, 18.68, 13.0, 23.35, 37.36, 38.83, 33.14, 9.22, 39.41, 14.76, 18.79, 45.45, 34.06, 24.84, 15.52, 32.2, 41.73, 31.4, 17.09, 46.69, 36.01, 9.85, 47.51, 36.77, 20.1, 37.74, 16.28, 25.08, 9.06, 21.21, 21.93, 36.4, 33.14, 31.02, 37.0, 9.43, 16.55, 17.09, 16.64, 26.93, 36.24, 33.97, 32.56, 43.05, 38.08, 46.04, 25.63, 41.63, 33.24, 34.83, 32.57, 6.0, 32.7, 35.9, 41.63, 9.49, 19.1, 25.54, 26.5, 13.09, 36.78, 13.09, 14.01, 29.52, 29.09, 39.56], [42.05, 35.69, 17.46, 30.81, 34.54, 25.81, 27.86, 12.0, 34.67, 35.9, 41.87, 38.0, 27.59, 19.65, 18.03, 6.0, 13.04, 20.59, 7.07, 0.0, 31.38, 8.0, 31.95, 6.71, 29.41, 10.63, 13.6, 16.12, 28.07, 24.35, 37.36, 6.71, 41.73, 10.05, 29.61, 12.65, 32.31, 36.67, 10.0, 25.08, 8.0, 11.05, 31.62, 27.31, 14.32, 21.1, 17.12, 7.81, 18.03, 35.13, 37.01, 26.31, 5.0, 33.3, 18.44, 12.21, 40.5, 33.38, 20.12, 8.54, 27.73, 36.24, 26.83, 19.85, 41.4, 35.51, 5.39, 41.73, 33.73, 19.65, 31.4, 21.47, 25.63, 10.0, 14.56, 16.4, 29.55, 26.31, 24.0, 38.95, 15.52, 19.8, 19.85, 13.15, 23.09, 29.68, 28.84, 25.5, 39.0, 34.93, 41.59, 18.79, 34.89, 26.25, 29.0, 30.15, 8.6, 29.61, 28.86, 38.33, 12.81, 14.32, 18.51, 26.32, 6.02, 31.5, 6.02, 14.53, 26.2, 22.61, 33.24], [35.74, 24.35, 46.69, 57.2, 5.83, 38.9, 26.02, 21.93, 35.06, 11.31, 43.29, 19.42, 35.69, 41.34, 13.42, 26.4, 33.6, 17.12, 29.41, 31.38, 0.0, 28.16, 27.17, 32.56, 25.02, 34.93, 44.94, 35.51, 14.04, 43.38, 27.51, 24.7, 46.04, 26.68, 49.66, 43.83, 48.38, 6.0, 36.4, 26.31, 38.48, 37.48, 6.71, 55.9, 42.43, 38.05, 17.2, 39.12, 28.64, 20.62, 19.72, 52.2, 27.2, 41.3, 15.13, 32.8, 38.64, 12.53, 26.57, 33.94, 28.07, 39.01, 28.16, 12.37, 41.44, 12.81, 36.72, 45.1, 23.77, 13.6, 41.77, 17.26, 7.62, 21.47, 43.14, 47.01, 45.54, 52.2, 48.26, 7.62, 23.02, 13.15, 12.37, 22.8, 23.54, 42.45, 32.14, 46.53, 32.28, 25.0, 36.4, 38.08, 48.27, 45.19, 36.5, 19.24, 23.77, 22.09, 48.33, 27.86, 19.92, 26.08, 43.5, 9.62, 34.44, 34.53, 34.44, 16.92, 22.05, 37.23, 61.07], [46.04, 38.08, 25.0, 38.64, 32.39, 32.65, 31.62, 14.42, 39.62, 35.0, 47.42, 38.83, 33.6, 27.46, 15.13, 10.0, 20.25, 14.14, 1.41, 8.0, 28.16, 0.0, 35.51, 14.32, 32.76, 7.0, 19.42, 23.41, 28.64, 32.02, 40.25, 7.81, 47.8, 2.24, 37.48, 16.97, 39.85, 33.96, 8.25, 29.21, 11.31, 19.03, 30.07, 34.79, 22.2, 14.87, 18.03, 14.32, 23.43, 36.69, 38.08, 34.23, 9.43, 39.66, 13.42, 19.31, 45.34, 33.14, 24.76, 16.28, 32.02, 41.77, 31.24, 15.81, 46.67, 35.06, 11.18, 47.63, 36.25, 19.24, 38.08, 14.87, 24.02, 8.25, 22.36, 23.26, 37.0, 34.23, 32.0, 35.74, 8.06, 15.23, 15.81, 16.4, 26.63, 36.67, 33.94, 33.38, 42.72, 37.58, 45.8, 26.25, 42.15, 33.96, 35.0, 31.95, 5.1, 32.2, 36.67, 41.15, 8.25, 19.1, 26.5, 25.54, 14.01, 36.78, 14.01, 13.09, 29.09, 29.52, 40.8], [10.63, 6.4, 37.34, 41.59, 24.08, 18.03, 4.12, 21.1, 8.06, 19.65, 16.12, 13.6, 12.81, 26.25, 25.81, 26.4, 23.0, 35.23, 35.85, 31.95, 27.17, 35.51, 0.0, 27.46, 2.83, 41.59, 41.11, 22.2, 13.15, 25.06, 6.08, 27.78, 19.03, 35.81, 30.0, 42.58, 26.17, 27.17, 41.63, 7.07, 39.56, 29.0, 21.0, 43.32, 33.14, 50.22, 18.38, 36.5, 15.03, 9.43, 12.21, 37.16, 27.31, 16.12, 30.81, 23.02, 11.7, 16.28, 12.17, 27.17, 5.1, 12.17, 6.08, 28.3, 14.32, 17.72, 36.14, 18.0, 5.0, 19.42, 17.8, 36.06, 20.88, 27.8, 34.13, 40.05, 24.08, 37.16, 32.7, 30.27, 36.77, 29.68, 28.3, 19.24, 8.94, 19.8, 7.81, 28.65, 7.21, 5.0, 10.63, 22.8, 24.41, 26.08, 12.73, 8.0, 30.81, 5.1, 28.6, 7.07, 30.41, 17.72, 30.44, 18.07, 29.92, 8.75, 29.92, 24.4, 6.73, 18.58, 46.52], [37.0, 32.02, 14.14, 26.0, 34.67, 19.21, 23.35, 10.82, 29.07, 34.93, 35.81, 35.51, 21.4, 13.15, 20.0, 6.71, 6.4, 25.0, 13.6, 6.71, 32.56, 14.32, 27.46, 0.0, 25.18, 17.2, 14.14, 9.43, 26.25, 17.72, 33.24, 9.49, 35.38, 16.12, 23.19, 15.13, 25.63, 37.2, 16.28, 20.4, 12.53, 5.39, 31.38, 23.6, 10.0, 27.78, 16.12, 9.06, 12.65, 32.14, 34.37, 21.19, 6.32, 26.87, 21.93, 5.66, 34.89, 31.95, 15.3, 2.0, 22.8, 30.23, 21.84, 22.47, 35.51, 34.18, 8.94, 35.47, 30.02, 19.42, 24.84, 25.96, 25.81, 13.0, 10.63, 14.76, 22.85, 21.19, 18.25, 39.82, 21.02, 22.83, 22.47, 10.77, 19.03, 23.02, 23.26, 19.1, 34.21, 31.06, 36.4, 12.08, 28.18, 19.65, 22.8, 27.17, 13.15, 26.0, 22.36, 34.23, 16.76, 10.0, 12.75, 25.74, 2.5, 25.74, 2.5, 16.01, 22.5, 16.01, 29.15], [13.45, 7.28, 35.69, 40.82, 22.36, 17.69, 2.24, 18.36, 10.05, 18.38, 18.44, 13.45, 12.81, 25.08, 23.02, 23.77, 21.1, 32.45, 33.12, 29.41, 25.02, 32.76, 2.83, 25.18, 0.0, 38.91, 39.01, 20.62, 11.0, 24.41, 8.06, 25.06, 21.02, 33.02, 29.73, 40.31, 26.4, 25.5, 39.0, 5.1, 37.11, 27.07, 19.1, 42.15, 31.4, 47.43, 15.56, 34.23, 13.04, 9.22, 12.04, 36.24, 24.7, 17.09, 28.02, 21.02, 14.32, 14.87, 10.0, 25.02, 4.24, 14.0, 5.0, 25.55, 16.76, 16.55, 33.73, 20.1, 5.39, 16.64, 18.36, 33.29, 18.44, 25.0, 32.39, 38.21, 24.08, 36.24, 31.76, 28.64, 33.94, 26.93, 25.55, 16.55, 6.32, 20.0, 8.06, 28.02, 10.0, 6.08, 13.45, 21.54, 25.06, 25.61, 13.04, 6.32, 28.02, 3.16, 28.32, 9.06, 27.59, 15.3, 29.09, 15.7, 27.66, 9.82, 27.66, 21.57, 3.91, 17.76, 45.65], [51.97, 44.6, 24.0, 38.0, 39.32, 36.4, 37.59, 20.62, 45.0, 42.0, 52.4, 45.71, 38.18, 29.55, 22.09, 15.26, 23.6, 19.72, 6.08, 10.63, 34.93, 7.0, 41.59, 17.2, 38.91, 0.0, 16.49, 26.63, 35.51, 34.44, 46.62, 13.93, 52.35, 8.25, 39.22, 13.0, 42.49, 40.79, 2.24, 34.99, 8.06, 20.62, 37.05, 33.24, 22.36, 10.77, 24.74, 13.04, 28.43, 43.42, 44.91, 34.13, 14.42, 43.93, 19.92, 22.8, 50.8, 40.11, 30.23, 18.87, 37.74, 46.75, 36.89, 22.56, 51.86, 42.05, 10.2, 52.33, 42.72, 26.17, 42.01, 20.25, 31.02, 15.13, 22.2, 21.21, 39.82, 34.13, 32.76, 42.45, 13.04, 21.84, 22.56, 22.36, 32.65, 40.22, 39.2, 35.11, 48.76, 44.01, 51.62, 29.15, 45.28, 36.25, 39.6, 38.6, 12.04, 38.63, 38.63, 47.54, 15.13, 24.41, 27.54, 32.53, 15.88, 41.93, 15.88, 20.06, 35.39, 33.2, 39.32], [50.01, 46.01, 8.94, 22.36, 47.85, 29.07, 37.05, 24.35, 41.48, 48.7, 47.01, 49.65, 32.89, 19.42, 31.62, 18.79, 18.25, 33.42, 18.03, 13.6, 44.94, 19.42, 41.11, 14.14, 39.01, 16.49, 0.0, 19.92, 40.26, 24.21, 47.04, 20.25, 45.65, 21.63, 27.02, 4.12, 31.83, 50.12, 14.32, 34.06, 8.54, 12.37, 44.78, 17.0, 10.0, 26.0, 29.73, 5.83, 26.08, 46.27, 48.51, 19.31, 17.89, 37.12, 31.83, 18.11, 47.13, 45.88, 29.02, 14.0, 36.22, 41.79, 35.23, 33.42, 47.17, 48.08, 8.49, 46.07, 44.01, 32.7, 34.48, 34.21, 38.91, 23.6, 9.22, 5.1, 29.83, 19.31, 19.42, 52.48, 27.46, 33.3, 33.42, 24.74, 33.02, 31.91, 35.9, 23.35, 47.52, 45.0, 49.24, 21.02, 35.47, 25.5, 34.18, 41.3, 21.93, 40.05, 26.91, 48.04, 26.17, 24.08, 15.57, 39.27, 11.67, 37.98, 11.67, 28.04, 36.55, 26.2, 23.02], [30.27, 27.89, 15.13, 21.93, 36.12, 9.9, 18.44, 14.56, 21.59, 34.83, 27.29, 33.11, 13.0, 5.83, 25.0, 14.14, 3.16, 32.06, 22.85, 16.12, 35.51, 23.41, 22.2, 9.43, 20.62, 26.63, 19.92, 0.0, 25.61, 9.0, 28.28, 17.12, 26.4, 25.0, 15.13, 22.36, 16.49, 39.05, 25.61, 15.52, 21.26, 7.62, 32.56, 21.95, 11.0, 37.22, 18.36, 16.64, 8.06, 29.15, 31.78, 16.97, 14.32, 17.8, 28.28, 4.12, 27.2, 31.4, 11.18, 7.81, 17.12, 21.93, 16.12, 27.89, 27.31, 33.6, 17.69, 26.63, 25.96, 21.95, 15.56, 33.06, 28.02, 20.0, 12.0, 18.03, 13.6, 16.97, 12.81, 42.01, 29.27, 28.64, 27.89, 13.0, 15.65, 13.6, 16.12, 11.4, 28.02, 26.68, 29.43, 3.0, 18.79, 11.0, 14.32, 24.6, 21.21, 22.47, 14.04, 29.27, 24.0, 9.43, 8.75, 26.95, 10.97, 18.07, 10.97, 21.1, 19.24, 6.73, 26.25], [22.36, 11.4, 39.36, 47.42, 11.7, 26.42, 12.17, 16.12, 21.02, 9.22, 29.27, 10.2, 22.47, 31.14, 15.26, 22.09, 24.7, 24.08, 29.43, 28.07, 14.04, 28.64, 13.15, 26.25, 11.0, 35.51, 40.26, 25.61, 0.0, 32.02, 14.42, 22.02, 32.02, 28.16, 38.01, 40.45, 35.78, 14.87, 36.22, 13.0, 36.06, 29.97, 8.25, 47.43, 34.89, 42.15, 11.0, 34.71, 17.69, 8.6, 9.49, 42.52, 23.09, 27.66, 20.0, 24.19, 24.74, 5.83, 14.87, 26.93, 14.32, 25.0, 14.56, 17.03, 27.46, 8.06, 33.24, 31.06, 10.3, 9.49, 28.46, 24.76, 8.06, 20.4, 35.78, 40.85, 33.12, 42.52, 38.21, 18.03, 27.29, 18.44, 17.03, 15.52, 10.82, 29.55, 18.44, 35.47, 18.79, 11.66, 22.85, 27.59, 35.11, 33.6, 23.09, 5.39, 23.54, 8.06, 36.62, 15.0, 21.54, 17.0, 34.3, 5.15, 28.64, 20.65, 28.64, 15.66, 8.38, 25.4, 51.86], [30.41, 31.38, 16.55, 16.55, 43.27, 7.28, 22.2, 23.35, 21.38, 41.11, 24.33, 37.8, 12.65, 5.0, 33.73, 23.09, 12.04, 41.05, 31.32, 24.35, 43.38, 32.02, 25.06, 17.72, 24.41, 34.44, 24.21, 9.0, 32.02, 0.0, 30.87, 26.08, 22.14, 33.73, 6.32, 27.59, 8.06, 46.32, 33.12, 19.85, 28.02, 13.89, 39.66, 19.1, 14.21, 45.19, 26.57, 22.8, 14.76, 33.6, 36.4, 12.37, 23.19, 14.14, 37.22, 13.04, 26.02, 37.54, 17.2, 15.81, 20.25, 20.0, 19.42, 36.67, 25.08, 39.62, 24.7, 22.8, 29.68, 30.08, 11.18, 42.05, 35.78, 29.0, 15.0, 20.59, 5.66, 12.37, 8.06, 49.4, 38.21, 37.48, 36.67, 21.59, 21.26, 8.25, 17.46, 3.61, 29.12, 30.02, 29.27, 6.0, 11.31, 2.0, 13.34, 29.73, 30.15, 27.02, 5.1, 31.78, 33.0, 17.72, 8.75, 34.3, 18.58, 18.07, 18.58, 29.92, 24.4, 6.73, 21.54], [8.25, 3.16, 43.42, 47.42, 23.35, 23.71, 10.0, 26.0, 11.4, 18.03, 17.46, 10.2, 18.36, 32.28, 29.0, 31.62, 29.02, 38.21, 40.72, 37.36, 27.51, 40.25, 6.08, 33.24, 8.06, 46.62, 47.04, 28.28, 14.42, 30.87, 0.0, 32.7, 21.19, 40.31, 35.51, 48.37, 31.24, 26.17, 46.82, 13.0, 45.12, 35.01, 20.88, 49.34, 39.2, 54.71, 22.47, 42.3, 21.0, 7.07, 9.06, 43.08, 32.57, 20.52, 33.94, 29.0, 12.17, 15.3, 18.03, 33.06, 11.18, 15.26, 12.17, 31.14, 15.3, 16.03, 41.77, 19.92, 4.24, 22.67, 22.67, 38.95, 22.47, 32.25, 40.2, 46.1, 29.41, 43.08, 38.63, 29.07, 40.61, 32.56, 31.14, 24.35, 14.32, 25.0, 13.42, 34.44, 5.0, 2.83, 9.06, 28.86, 29.0, 31.76, 18.03, 9.22, 35.36, 8.06, 34.13, 1.0, 34.41, 23.35, 36.5, 19.56, 35.72, 13.51, 35.72, 28.31, 11.24, 24.52, 52.39], [38.28, 30.68, 23.02, 35.47, 27.86, 25.63, 23.85, 6.71, 31.83, 29.43, 39.7, 32.14, 26.08, 22.02, 11.4, 3.0, 14.04, 15.52, 8.06, 6.71, 24.7, 7.81, 27.78, 9.49, 25.06, 13.93, 20.25, 17.12, 22.02, 26.08, 32.7, 0.0, 40.22, 8.6, 32.0, 19.31, 33.54, 29.97, 14.32, 21.4, 14.32, 14.87, 25.0, 32.76, 19.24, 22.67, 11.05, 14.42, 15.81, 29.61, 31.26, 30.68, 3.16, 32.25, 12.53, 13.04, 37.54, 27.07, 16.97, 11.4, 24.21, 34.06, 23.43, 13.45, 38.9, 29.15, 12.08, 40.0, 28.79, 13.15, 30.87, 16.49, 18.97, 3.61, 19.72, 22.63, 30.59, 30.68, 27.66, 32.25, 12.17, 13.6, 13.45, 8.6, 18.87, 29.73, 26.17, 28.02, 34.99, 30.08, 38.01, 20.1, 35.44, 28.07, 27.46, 24.74, 4.12, 24.7, 31.02, 33.62, 7.28, 11.4, 22.19, 19.81, 10.55, 29.03, 10.55, 7.83, 21.48, 22.61, 38.47], [15.0, 23.77, 38.63, 36.0, 43.1, 16.64, 20.22, 34.48, 11.0, 38.47, 4.24, 31.32, 14.21, 26.4, 42.38, 37.8, 29.07, 51.62, 47.63, 41.73, 46.04, 47.8, 19.03, 35.38, 21.02, 52.35, 45.65, 26.4, 32.02, 22.14, 21.19, 40.22, 0.0, 48.83, 23.02, 48.55, 17.0, 46.17, 51.62, 20.88, 47.63, 33.84, 40.01, 40.31, 35.78, 62.48, 34.18, 43.01, 24.41, 27.66, 30.08, 33.24, 38.42, 8.6, 47.17, 29.73, 9.43, 35.23, 23.71, 34.06, 18.44, 7.07, 18.68, 45.22, 6.4, 36.5, 44.05, 1.41, 23.35, 36.4, 11.18, 52.55, 39.32, 41.68, 36.67, 42.54, 17.26, 33.24, 29.61, 49.25, 51.48, 46.49, 45.22, 32.25, 24.04, 13.93, 14.87, 24.52, 16.55, 22.56, 13.6, 24.7, 13.04, 21.59, 12.81, 27.02, 44.1, 24.0, 22.09, 21.54, 45.18, 28.84, 30.73, 36.67, 37.26, 12.02, 37.26, 39.85, 24.25, 19.7, 41.01], [46.4, 38.01, 27.2, 40.79, 31.14, 34.01, 32.02, 14.87, 40.31, 34.06, 48.27, 38.33, 34.67, 29.27, 14.0, 11.18, 21.84, 12.04, 3.61, 10.05, 26.68, 2.24, 35.81, 16.12, 33.02, 8.25, 21.63, 25.0, 28.16, 33.73, 40.31, 8.6, 48.83, 0.0, 39.32, 19.1, 41.48, 32.56, 9.85, 29.73, 13.45, 21.0, 29.0, 37.0, 24.33, 14.42, 17.89, 16.55, 24.41, 36.4, 37.64, 36.35, 10.77, 40.82, 11.7, 20.88, 45.97, 32.39, 25.5, 18.11, 32.56, 42.64, 31.83, 14.32, 47.42, 34.23, 13.42, 48.6, 36.24, 18.68, 39.36, 12.73, 23.02, 8.06, 24.52, 25.5, 38.6, 36.35, 34.01, 34.21, 5.83, 13.6, 14.32, 16.97, 27.02, 38.08, 34.71, 35.23, 43.01, 37.59, 46.23, 27.89, 43.66, 35.69, 36.06, 31.78, 5.0, 32.25, 38.47, 41.18, 7.0, 20.0, 28.5, 24.75, 16.01, 37.58, 16.01, 12.5, 29.26, 30.92, 43.01], [33.84, 36.4, 18.38, 13.04, 49.4, 12.04, 27.59, 29.61, 25.08, 47.01, 26.08, 43.19, 17.2, 10.05, 40.02, 29.0, 18.03, 47.17, 36.67, 29.61, 49.66, 37.48, 30.0, 23.19, 29.73, 39.22, 27.02, 15.13, 38.01, 6.32, 35.51, 32.0, 23.02, 39.32, 0.0, 30.81, 6.08, 52.48, 37.7, 25.5, 32.2, 18.68, 45.79, 17.46, 17.49, 49.98, 32.89, 26.83, 21.02, 38.95, 41.77, 10.44, 29.02, 16.49, 43.42, 19.03, 28.86, 43.42, 23.32, 21.21, 25.5, 22.8, 24.76, 42.95, 27.29, 45.45, 29.15, 24.0, 34.83, 36.4, 13.6, 48.17, 42.05, 35.06, 18.03, 22.63, 6.32, 10.44, 7.81, 55.57, 44.05, 43.74, 42.95, 27.89, 27.2, 10.77, 22.2, 4.12, 33.11, 35.0, 32.57, 12.17, 10.2, 4.47, 17.49, 35.38, 36.01, 32.53, 1.41, 36.36, 39.05, 24.04, 11.85, 40.5, 23.65, 22.15, 23.65, 36.18, 30.15, 12.62, 18.11], [51.92, 47.1, 13.0, 26.48, 47.17, 31.91, 38.47, 24.33, 43.66, 48.51, 49.65, 50.16, 35.34, 22.67, 30.41, 18.44, 20.25, 31.11, 15.56, 12.65, 43.83, 16.97, 42.58, 15.13, 40.31, 13.0, 4.12, 22.36, 40.45, 27.59, 48.37, 19.31, 48.55, 19.1, 30.81, 0.0, 35.38, 49.24, 10.77, 35.51, 5.66, 14.76, 44.27, 21.02, 13.45, 22.02, 29.61, 6.08, 27.66, 47.01, 49.09, 23.41, 17.46, 39.96, 30.0, 19.92, 49.4, 45.89, 30.41, 15.52, 37.85, 44.28, 36.88, 31.91, 49.66, 48.05, 7.28, 48.88, 45.1, 32.28, 37.44, 31.83, 38.28, 22.36, 12.81, 9.22, 33.24, 23.41, 23.32, 51.43, 24.84, 31.62, 31.91, 25.08, 34.13, 35.0, 37.95, 27.02, 49.24, 46.17, 51.24, 23.85, 38.9, 29.0, 36.67, 42.01, 20.25, 41.05, 30.61, 49.37, 24.41, 25.08, 19.14, 38.94, 12.66, 40.21, 12.66, 27.12, 37.55, 28.9, 27.0], [28.64, 32.53, 23.6, 19.0, 47.42, 9.49, 24.41, 30.0, 20.25, 44.42, 20.22, 39.7, 13.6, 13.04, 40.11, 30.59, 19.65, 48.04, 39.22, 32.31, 48.38, 39.85, 26.17, 25.63, 26.4, 42.49, 31.83, 16.49, 35.78, 8.06, 31.24, 33.54, 17.0, 41.48, 6.08, 35.38, 0.0, 50.57, 41.18, 22.83, 36.06, 21.95, 43.86, 23.54, 21.93, 53.23, 32.39, 30.81, 20.22, 35.47, 38.29, 16.49, 30.81, 11.18, 44.0, 20.62, 23.41, 40.82, 21.84, 23.77, 22.2, 17.46, 21.63, 43.1, 21.59, 42.72, 32.76, 18.03, 31.14, 35.69, 8.6, 49.04, 40.8, 36.22, 22.63, 27.8, 3.0, 16.49, 13.42, 53.71, 45.71, 44.05, 43.1, 28.02, 25.08, 6.4, 18.44, 8.6, 28.3, 31.11, 27.31, 13.6, 4.12, 6.4, 13.45, 32.45, 37.66, 29.41, 5.39, 32.02, 40.2, 24.02, 16.26, 38.92, 26.61, 17.73, 26.61, 36.51, 27.54, 11.54, 24.02], [34.37, 23.09, 51.22, 60.96, 3.16, 41.15, 26.93, 26.4, 35.23, 8.25, 43.01, 16.76, 37.34, 44.82, 18.97, 31.38, 37.48, 23.09, 35.17, 36.67, 6.0, 33.96, 27.17, 37.2, 25.5, 40.79, 50.12, 39.05, 14.87, 46.32, 26.17, 29.97, 46.17, 32.56, 52.48, 49.24, 50.57, 0.0, 42.2, 27.86, 44.01, 41.87, 6.71, 60.14, 46.86, 44.05, 21.26, 44.29, 31.62, 19.1, 17.46, 55.97, 32.25, 42.45, 21.1, 36.77, 38.01, 11.0, 29.15, 38.42, 29.12, 39.32, 29.41, 18.25, 41.0, 10.2, 42.05, 45.1, 23.0, 17.8, 43.32, 23.19, 11.4, 26.93, 47.63, 51.87, 47.85, 55.97, 51.86, 3.16, 29.02, 19.1, 18.25, 26.91, 25.5, 44.38, 33.24, 49.65, 31.14, 24.02, 35.23, 41.4, 49.98, 48.02, 37.95, 19.24, 29.41, 22.36, 51.11, 26.31, 25.71, 29.73, 47.4, 12.1, 39.25, 35.31, 39.25, 22.14, 23.24, 39.88, 65.07], [51.88, 44.92, 22.02, 36.01, 40.61, 35.47, 37.58, 20.88, 44.65, 43.05, 51.86, 46.39, 37.54, 28.18, 23.35, 15.23, 22.67, 21.63, 7.07, 10.0, 36.4, 8.25, 41.63, 16.28, 39.0, 2.24, 14.32, 25.61, 36.22, 33.12, 46.82, 14.32, 51.62, 9.85, 37.7, 10.77, 41.18, 42.2, 0.0, 34.89, 6.0, 19.24, 38.21, 31.14, 20.62, 12.37, 25.32, 11.18, 28.02, 43.93, 45.54, 32.25, 14.32, 43.14, 21.54, 21.93, 50.48, 41.01, 30.02, 17.8, 37.59, 46.23, 36.72, 24.04, 51.4, 43.0, 8.54, 51.66, 43.01, 27.02, 41.11, 22.2, 32.14, 16.0, 20.4, 19.1, 38.59, 32.25, 31.05, 43.97, 15.0, 23.41, 24.04, 22.47, 32.7, 39.2, 38.83, 33.62, 48.75, 44.27, 51.48, 28.02, 44.1, 34.89, 38.95, 39.05, 13.04, 38.9, 37.16, 47.76, 16.49, 24.19, 25.93, 33.5, 14.71, 41.5, 14.71, 21.01, 35.58, 32.27, 37.22], [17.0, 12.37, 30.59, 36.06, 24.7, 13.6, 3.0, 14.87, 10.82, 21.63, 19.24, 18.03, 9.49, 20.12, 21.54, 19.72, 16.03, 30.87, 29.41, 25.08, 26.31, 29.21, 7.07, 20.4, 5.1, 34.99, 34.06, 15.52, 13.0, 19.85, 13.0, 21.4, 20.88, 29.73, 25.5, 35.51, 22.83, 27.86, 34.89, 0.0, 32.57, 22.02, 21.19, 37.16, 26.31, 44.05, 13.42, 29.43, 8.0, 13.89, 16.64, 31.38, 20.59, 15.03, 26.4, 16.0, 16.28, 18.03, 5.1, 20.1, 2.83, 13.93, 2.24, 24.35, 18.03, 20.0, 29.12, 20.25, 10.44, 15.52, 15.52, 31.78, 19.03, 21.93, 27.29, 33.14, 20.25, 31.38, 26.93, 31.02, 31.4, 25.63, 24.35, 12.81, 3.16, 16.55, 6.08, 23.43, 13.93, 11.18, 16.64, 16.55, 22.14, 21.21, 10.2, 9.9, 24.76, 7.21, 24.08, 14.0, 25.0, 10.77, 24.05, 16.69, 22.85, 8.86, 22.85, 19.29, 4.72, 13.12, 40.82], [49.4, 43.57, 16.03, 30.02, 42.06, 31.14, 35.44, 20.0, 41.59, 43.74, 48.26, 46.0, 33.84, 23.02, 25.08, 14.0, 18.6, 25.46, 9.9, 8.0, 38.48, 11.31, 39.56, 12.53, 37.11, 8.06, 8.54, 21.26, 36.06, 28.02, 45.12, 14.32, 47.63, 13.45, 32.2, 5.66, 36.06, 44.01, 6.0, 32.57, 0.0, 14.21, 39.29, 25.18, 14.87, 18.25, 25.08, 5.39, 25.08, 43.1, 45.01, 26.31, 13.0, 39.05, 24.41, 18.03, 47.41, 41.3, 27.51, 13.6, 35.11, 42.72, 34.18, 26.42, 48.02, 43.42, 3.61, 47.8, 41.59, 27.46, 36.8, 26.17, 33.24, 17.09, 14.56, 13.15, 33.6, 26.31, 25.3, 46.1, 19.21, 26.08, 26.42, 21.1, 30.81, 34.66, 35.78, 28.18, 46.49, 42.76, 48.85, 23.35, 39.2, 29.68, 35.23, 38.12, 14.76, 37.48, 31.76, 46.1, 18.87, 21.84, 20.36, 34.12, 10.4, 38.27, 10.4, 21.98, 34.03, 27.99, 31.26], [37.66, 34.23, 9.43, 20.62, 39.2, 17.2, 25.02, 15.56, 29.12, 38.95, 34.89, 38.6, 20.62, 8.94, 25.24, 12.08, 6.0, 30.36, 18.11, 11.05, 37.48, 19.03, 29.0, 5.39, 27.07, 20.62, 12.37, 7.62, 29.97, 13.89, 35.01, 14.87, 33.84, 21.0, 18.68, 14.76, 21.95, 41.87, 19.24, 22.02, 14.21, 0.0, 35.81, 18.44, 5.0, 31.38, 20.62, 9.22, 14.04, 34.93, 37.36, 15.81, 11.7, 25.24, 27.31, 6.08, 34.79, 35.78, 17.12, 3.61, 24.02, 29.55, 23.02, 27.78, 34.93, 38.01, 10.82, 34.13, 32.25, 24.08, 22.8, 31.32, 30.48, 18.38, 5.83, 11.18, 19.42, 15.81, 13.04, 44.6, 26.17, 28.18, 27.78, 15.0, 21.38, 20.52, 23.54, 14.56, 35.23, 33.14, 36.88, 9.22, 25.0, 15.65, 21.93, 30.08, 18.44, 28.44, 18.03, 36.01, 22.14, 13.0, 7.52, 30.11, 5.02, 25.62, 5.02, 21.22, 25.0, 14.15, 23.85], [29.12, 17.72, 45.22, 54.49, 3.61, 34.44, 20.4, 20.59, 29.02, 5.39, 37.05, 12.81, 30.68, 38.29, 15.0, 26.0, 31.14, 21.54, 31.14, 31.62, 6.71, 30.07, 21.0, 31.38, 19.1, 37.05, 44.78, 32.56, 8.25, 39.66, 20.88, 25.0, 40.01, 29.0, 45.79, 44.27, 43.86, 6.71, 38.21, 21.19, 39.29, 35.81, 0.0, 53.91, 40.8, 41.77, 15.26, 39.0, 25.0, 13.93, 13.04, 49.52, 26.93, 35.9, 18.44, 30.48, 32.25, 5.83, 22.47, 32.45, 22.56, 33.06, 22.8, 15.3, 35.13, 6.4, 37.0, 39.0, 17.26, 12.08, 36.69, 21.93, 6.08, 22.36, 41.62, 46.14, 41.15, 49.52, 45.34, 9.85, 26.48, 16.49, 15.3, 20.81, 18.79, 37.7, 26.68, 43.01, 25.71, 18.44, 29.83, 34.83, 43.32, 41.34, 31.32, 13.0, 25.18, 16.03, 44.42, 21.19, 22.0, 23.35, 41.02, 5.7, 33.56, 28.85, 33.56, 17.36, 16.62, 33.19, 58.69], [49.5, 49.4, 9.85, 6.4, 57.38, 26.31, 39.92, 33.97, 40.45, 56.61, 43.05, 55.01, 31.58, 17.09, 43.6, 30.23, 22.8, 47.85, 33.53, 27.31, 55.9, 34.79, 43.32, 23.6, 42.15, 33.24, 17.0, 21.95, 47.43, 19.1, 49.34, 32.76, 40.31, 37.0, 17.46, 21.02, 23.54, 60.14, 31.14, 37.16, 25.18, 18.44, 53.91, 0.0, 13.6, 43.0, 38.9, 20.62, 30.02, 50.99, 53.67, 7.07, 29.68, 33.0, 45.28, 23.43, 45.1, 53.25, 33.12, 22.02, 38.28, 39.05, 37.34, 46.04, 44.0, 55.47, 23.77, 41.19, 47.54, 42.43, 30.0, 48.75, 48.8, 36.36, 13.04, 12.04, 23.09, 7.07, 11.05, 62.94, 42.72, 46.32, 46.04, 33.24, 37.59, 27.0, 36.14, 16.0, 48.05, 48.1, 48.37, 20.62, 27.66, 19.0, 32.39, 46.53, 35.78, 44.28, 18.25, 50.29, 39.82, 30.61, 13.21, 48.21, 22.21, 37.07, 22.21, 39.6, 41.15, 24.86, 6.08], [41.19, 38.64, 4.47, 16.49, 44.2, 19.31, 29.27, 20.52, 32.39, 43.91, 37.34, 43.32, 23.54, 9.43, 30.0, 16.64, 10.44, 34.54, 21.1, 14.32, 42.43, 22.2, 33.14, 10.0, 31.4, 22.36, 10.0, 11.0, 34.89, 14.21, 39.2, 19.24, 35.78, 24.33, 17.49, 13.45, 21.93, 46.86, 20.62, 26.31, 14.87, 5.0, 40.8, 13.6, 0.0, 32.98, 25.61, 9.49, 18.44, 39.56, 42.06, 12.04, 16.12, 27.31, 31.76, 10.77, 37.85, 40.71, 21.59, 8.49, 28.07, 32.28, 27.07, 32.45, 37.64, 42.94, 12.17, 36.25, 36.67, 29.07, 24.6, 35.47, 35.47, 22.83, 1.0, 7.07, 19.85, 12.04, 10.44, 49.58, 29.83, 32.76, 32.45, 20.0, 25.96, 21.95, 27.07, 13.6, 39.01, 37.48, 40.31, 11.4, 25.5, 15.56, 24.74, 34.79, 22.47, 32.98, 17.2, 40.2, 26.4, 17.89, 5.7, 35.11, 8.73, 28.85, 8.73, 26.0, 29.6, 16.62, 19.24], [60.8, 52.35, 34.23, 48.17, 43.29, 46.87, 46.4, 29.21, 54.49, 47.07, 62.24, 52.2, 48.27, 40.31, 27.2, 24.76, 34.13, 21.0, 14.87, 21.1, 38.05, 14.87, 50.22, 27.78, 47.43, 10.77, 26.0, 37.22, 42.15, 45.19, 54.71, 22.67, 62.48, 14.42, 49.98, 22.02, 53.23, 44.05, 12.37, 44.05, 18.25, 31.38, 41.77, 43.0, 32.98, 0.0, 32.25, 23.54, 38.21, 50.57, 51.62, 44.55, 24.08, 54.2, 23.35, 33.29, 60.21, 45.88, 39.62, 29.53, 46.86, 56.59, 46.1, 26.48, 61.52, 47.54, 20.88, 62.37, 50.61, 32.7, 52.43, 21.02, 36.14, 22.47, 32.76, 31.02, 50.54, 44.55, 43.42, 45.01, 15.3, 25.32, 26.48, 31.24, 41.4, 50.77, 48.8, 45.88, 57.43, 51.97, 60.61, 39.82, 55.95, 47.01, 49.68, 46.07, 19.42, 46.65, 49.4, 55.57, 20.62, 33.94, 38.27, 38.27, 26.61, 51.62, 26.61, 26.61, 43.68, 43.68, 49.01], [29.0, 20.12, 30.0, 40.0, 18.6, 23.09, 15.0, 5.39, 24.19, 18.97, 32.65, 21.1, 21.21, 24.19, 8.25, 11.18, 16.4, 17.46, 18.68, 17.12, 17.2, 18.03, 18.38, 16.12, 15.56, 24.74, 29.73, 18.36, 11.0, 26.57, 22.47, 11.05, 34.18, 17.89, 32.89, 29.61, 32.39, 21.26, 25.32, 13.42, 25.08, 20.62, 15.26, 38.9, 25.61, 32.25, 0.0, 24.04, 12.17, 18.68, 20.22, 35.0, 12.17, 27.46, 13.0, 15.62, 29.41, 16.28, 11.05, 17.2, 16.12, 27.31, 15.65, 11.18, 31.38, 18.44, 22.36, 33.62, 18.36, 3.61, 27.07, 18.38, 9.9, 9.85, 26.4, 30.89, 29.43, 35.0, 31.06, 24.04, 18.38, 12.37, 11.18, 5.66, 10.3, 27.02, 19.31, 29.55, 25.5, 19.72, 29.0, 21.02, 33.02, 28.46, 22.36, 13.93, 13.0, 14.42, 31.62, 23.32, 12.04, 8.94, 26.32, 9.62, 18.34, 22.19, 18.34, 6.02, 11.67, 20.89, 43.93], [45.88, 41.05, 11.05, 25.02, 42.05, 26.4, 32.39, 18.68, 37.7, 43.01, 43.91, 44.28, 29.53, 17.8, 25.81, 13.0, 14.32, 28.02, 13.0, 7.81, 39.12, 14.32, 36.5, 9.06, 34.23, 13.04, 5.83, 16.64, 34.71, 22.8, 42.3, 14.42, 43.01, 16.55, 26.83, 6.08, 30.81, 44.29, 11.18, 29.43, 5.39, 9.22, 39.0, 20.62, 9.49, 23.54, 24.04, 0.0, 21.59, 41.05, 43.19, 21.1, 12.08, 34.41, 26.17, 13.93, 43.46, 40.26, 24.33, 9.49, 31.78, 38.47, 30.81, 27.66, 43.83, 42.45, 3.16, 43.27, 39.05, 26.93, 32.02, 28.84, 33.11, 17.8, 9.22, 8.94, 28.43, 21.1, 19.92, 46.65, 22.36, 27.59, 27.66, 19.24, 28.07, 29.73, 31.95, 22.83, 43.17, 40.11, 45.22, 18.44, 34.06, 24.41, 30.89, 36.06, 16.28, 35.01, 26.42, 43.29, 20.52, 19.03, 14.98, 33.53, 6.58, 34.27, 6.58, 22.21, 31.52, 23.31, 26.68], [24.35, 20.22, 22.8, 29.73, 28.6, 11.0, 11.0, 10.44, 16.64, 26.91, 24.04, 25.08, 10.3, 13.45, 20.0, 13.45, 8.06, 28.44, 23.35, 18.03, 28.64, 23.43, 15.03, 12.65, 13.04, 28.43, 26.08, 8.06, 17.69, 14.76, 21.0, 15.81, 24.41, 24.41, 21.02, 27.66, 20.22, 31.62, 28.02, 8.0, 25.08, 14.04, 25.0, 30.02, 18.44, 38.21, 12.17, 21.59, 0.0, 21.19, 23.77, 24.84, 14.14, 16.55, 24.19, 8.0, 22.47, 23.43, 3.16, 12.17, 10.2, 18.38, 9.22, 23.0, 23.43, 25.61, 21.54, 24.21, 18.25, 15.52, 15.52, 29.43, 21.02, 17.46, 19.42, 25.18, 17.26, 24.84, 20.52, 34.67, 27.31, 24.02, 23.0, 8.25, 7.62, 15.03, 10.82, 18.03, 21.59, 19.1, 23.77, 9.9, 21.02, 16.55, 11.66, 16.55, 19.72, 14.56, 19.7, 22.0, 21.19, 4.47, 16.81, 19.56, 15.04, 13.51, 15.04, 16.62, 11.24, 8.73, 34.21], [15.3, 4.0, 43.97, 49.93, 16.28, 26.91, 11.4, 23.19, 17.09, 11.0, 24.19, 4.24, 21.93, 34.0, 23.85, 29.15, 29.12, 32.65, 37.36, 35.13, 20.62, 36.69, 9.43, 32.14, 9.22, 43.42, 46.27, 29.15, 8.6, 33.6, 7.07, 29.61, 27.66, 36.4, 38.95, 47.01, 35.47, 19.1, 43.93, 13.89, 43.1, 34.93, 13.93, 50.99, 39.56, 50.57, 18.68, 41.05, 21.19, 0.0, 2.83, 45.28, 30.15, 25.55, 28.6, 28.86, 19.03, 8.25, 18.03, 32.39, 13.45, 21.19, 14.21, 25.61, 22.09, 9.0, 40.01, 26.48, 4.47, 17.89, 27.2, 33.3, 16.28, 28.46, 40.52, 46.1, 33.24, 45.28, 40.82, 22.02, 35.85, 27.02, 25.61, 22.02, 13.6, 29.07, 17.03, 37.2, 12.04, 5.1, 16.12, 30.41, 33.84, 34.83, 22.02, 5.0, 31.62, 6.71, 37.54, 7.28, 29.97, 22.2, 37.82, 13.44, 34.63, 18.18, 34.63, 23.96, 9.96, 26.91, 54.71], [17.03, 6.32, 46.49, 52.7, 14.87, 29.73, 14.21, 25.02, 19.7, 9.22, 26.48, 1.41, 24.76, 36.72, 24.6, 31.02, 31.62, 33.02, 38.83, 37.01, 19.72, 38.08, 12.21, 34.37, 12.04, 44.91, 48.51, 31.78, 9.49, 36.4, 9.06, 31.26, 30.08, 37.64, 41.77, 49.09, 38.29, 17.46, 45.54, 16.64, 45.01, 37.36, 13.04, 53.67, 42.06, 51.62, 20.22, 43.19, 23.77, 2.83, 0.0, 48.02, 32.02, 28.3, 29.15, 31.32, 21.21, 7.21, 20.62, 34.71, 16.28, 23.77, 17.03, 26.08, 24.33, 7.28, 42.01, 28.86, 7.21, 18.97, 30.0, 33.6, 16.4, 29.83, 43.01, 48.51, 36.07, 48.02, 43.57, 20.22, 36.67, 27.46, 26.08, 24.02, 16.16, 31.89, 19.85, 40.0, 14.04, 7.62, 18.0, 33.12, 36.62, 37.64, 24.84, 7.28, 32.98, 9.43, 40.36, 9.0, 31.02, 24.52, 40.48, 13.73, 36.84, 20.94, 36.84, 25.14, 12.54, 29.7, 57.45], [42.76, 43.38, 10.44, 5.0, 53.08, 19.65, 34.0, 30.53, 33.73, 51.74, 36.01, 49.4, 25.0, 11.4, 40.71, 27.86, 18.6, 46.17, 33.14, 26.31, 52.2, 34.23, 37.16, 21.19, 36.24, 34.13, 19.31, 16.97, 42.52, 12.37, 43.08, 30.68, 33.24, 36.35, 10.44, 23.41, 16.49, 55.97, 32.25, 31.38, 26.31, 15.81, 49.52, 7.07, 12.04, 44.55, 35.0, 21.1, 24.84, 45.28, 48.02, 0.0, 27.51, 26.02, 43.08, 19.42, 38.21, 48.27, 27.8, 19.31, 32.2, 32.14, 31.3, 43.38, 37.01, 50.45, 24.02, 34.13, 41.59, 38.6, 23.02, 47.13, 44.82, 34.18, 12.0, 14.32, 16.03, 0.0, 4.47, 58.9, 41.77, 43.86, 43.38, 29.41, 32.2, 20.02, 29.73, 9.06, 41.48, 42.05, 41.59, 15.0, 20.62, 12.04, 25.71, 41.05, 34.21, 38.59, 11.18, 44.01, 37.95, 26.25, 8.75, 43.89, 20.5, 30.44, 20.5, 36.68, 35.64, 18.58, 9.43], [37.59, 30.81, 20.0, 32.31, 29.97, 23.26, 23.26, 7.0, 30.61, 31.05, 38.18, 33.0, 24.21, 19.0, 14.14, 1.0, 11.18, 18.68, 9.22, 5.0, 27.2, 9.43, 27.31, 6.32, 24.7, 14.42, 17.89, 14.32, 23.09, 23.19, 32.57, 3.16, 38.42, 10.77, 29.02, 17.46, 30.81, 32.25, 14.32, 20.59, 13.0, 11.7, 26.93, 29.68, 16.12, 24.08, 12.17, 12.08, 14.14, 30.15, 32.02, 27.51, 0.0, 30.23, 15.65, 10.2, 36.4, 28.44, 15.81, 8.25, 23.32, 32.53, 22.47, 16.4, 37.54, 30.59, 10.2, 38.29, 28.86, 14.87, 28.65, 19.65, 21.02, 6.71, 16.64, 19.85, 27.89, 27.51, 24.52, 34.67, 15.03, 16.64, 16.4, 8.25, 18.38, 27.31, 24.84, 25.0, 34.44, 30.08, 37.22, 17.26, 32.89, 25.18, 25.61, 25.18, 7.0, 24.74, 28.07, 33.53, 10.44, 10.0, 19.04, 21.51, 7.5, 27.61, 7.5, 10.31, 21.36, 20.16, 35.36], [17.46, 22.2, 30.36, 29.43, 39.29, 8.06, 15.52, 26.93, 9.22, 35.47, 10.2, 29.68, 6.32, 18.03, 35.69, 29.68, 20.52, 44.64, 39.41, 33.3, 41.3, 39.66, 16.12, 26.87, 17.09, 43.93, 37.12, 17.8, 27.66, 14.14, 20.52, 32.25, 8.6, 40.82, 16.49, 39.96, 11.18, 42.45, 43.14, 15.03, 39.05, 25.24, 35.9, 33.0, 27.31, 54.2, 27.46, 34.41, 16.55, 25.55, 28.3, 26.02, 30.23, 0.0, 40.26, 21.21, 12.37, 31.95, 16