100
[[0.0, 20.25, 9.22, 35.17, 17.46, 35.61, 13.42, 21.54, 14.32, 40.61, 29.41, 7.81, 33.53, 21.02, 35.36, 20.4, 13.42, 12.04, 27.73, 45.28, 32.98, 38.91, 29.41, 24.6, 8.0, 25.18, 30.41, 10.3, 29.07, 14.0, 15.81, 33.62, 31.4, 30.81, 14.04, 13.34, 17.46, 26.93, 35.23, 32.02, 17.49, 32.57, 37.54, 21.63, 22.85, 15.65, 5.39, 27.78, 44.6, 32.06, 10.0, 20.88, 42.01, 32.76, 20.25, 9.22, 27.89, 20.0, 22.47, 33.84, 28.16, 25.63, 21.1, 36.22, 29.53, 14.21, 14.76, 17.03, 11.4, 35.17, 16.49, 44.41, 31.4, 14.56, 24.7, 12.65, 29.07, 32.02, 38.28, 21.38, 23.77, 30.02, 34.89, 44.55, 38.28, 14.21, 18.11, 7.07, 17.03, 33.73, 38.91, 26.93, 11.18, 13.42, 18.25, 10.63, 23.09, 32.28, 14.56, 26.42, 12.81, 15.56, 33.23, 2.12, 25.95, 23.55, 25.95, 11.1, 11.1, 25.95, 50.91], [20.25, 0.0, 19.72, 17.12, 18.03, 15.56, 29.43, 12.73, 20.22, 20.52, 22.83, 23.77, 34.21, 20.59, 24.08, 7.62, 25.5, 32.02, 24.35, 25.61, 22.85, 18.97, 31.06, 22.56, 17.26, 11.31, 29.07, 17.89, 15.0, 11.4, 35.38, 13.42, 21.26, 22.2, 32.57, 31.05, 14.32, 20.12, 15.0, 26.4, 8.94, 21.19, 18.79, 1.41, 12.81, 10.44, 25.55, 25.96, 24.84, 25.81, 27.02, 17.26, 23.77, 17.0, 12.81, 29.21, 10.77, 7.07, 30.08, 21.84, 10.44, 7.28, 28.86, 32.65, 15.3, 28.07, 24.08, 36.88, 29.73, 26.25, 13.93, 24.21, 23.32, 7.62, 24.33, 15.81, 9.22, 14.32, 30.61, 8.06, 18.03, 9.85, 20.02, 25.0, 18.03, 23.41, 9.06, 26.0, 28.07, 24.17, 18.97, 9.85, 22.02, 25.5, 14.04, 21.47, 19.21, 21.54, 31.78, 24.74, 33.02, 6.0, 14.09, 22.33, 13.87, 14.09, 13.87, 18.5, 13.87, 6.5, 31.4], [9.22, 19.72, 0.0, 30.89, 9.06, 35.0, 22.47, 26.02, 22.36, 39.82, 21.21, 17.03, 41.63, 28.16, 28.02, 16.4, 6.08, 15.3, 18.97, 45.22, 38.01, 36.24, 37.58, 15.81, 15.65, 20.12, 37.95, 2.24, 23.41, 9.22, 17.46, 31.83, 24.02, 23.02, 22.14, 21.93, 23.19, 19.03, 34.06, 38.47, 21.1, 37.12, 38.47, 21.1, 27.07, 20.0, 12.65, 18.79, 44.41, 38.33, 8.06, 13.0, 43.38, 35.44, 25.0, 13.04, 23.85, 22.56, 31.4, 38.21, 24.41, 22.67, 30.0, 43.42, 32.76, 23.43, 23.6, 19.31, 11.18, 27.17, 22.2, 43.19, 37.05, 12.21, 15.65, 5.39, 26.87, 33.62, 29.83, 17.2, 16.0, 28.32, 38.08, 44.65, 36.8, 5.39, 13.6, 15.65, 26.17, 39.0, 36.24, 23.02, 20.0, 6.08, 11.4, 2.0, 29.43, 37.05, 23.26, 17.46, 17.12, 17.46, 33.8, 9.62, 29.77, 17.1, 29.77, 19.01, 6.02, 23.69, 51.04], [35.17, 17.12, 30.89, 0.0, 24.08, 14.32, 46.1, 28.23, 37.34, 16.12, 18.97, 40.2, 49.65, 37.0, 14.04, 14.87, 35.0, 45.69, 22.85, 22.02, 34.71, 8.06, 47.01, 23.32, 34.01, 10.82, 44.29, 28.65, 8.6, 21.93, 48.3, 9.43, 14.32, 16.49, 48.66, 47.38, 31.05, 17.89, 12.08, 40.22, 25.71, 32.56, 21.02, 16.28, 27.73, 27.46, 40.52, 25.08, 21.02, 39.41, 38.95, 20.52, 25.3, 25.5, 28.79, 43.08, 7.28, 23.09, 47.07, 32.53, 7.07, 10.0, 45.89, 46.62, 26.25, 45.0, 41.19, 50.09, 42.06, 18.0, 30.81, 17.12, 36.4, 20.62, 25.55, 25.55, 8.94, 21.26, 22.09, 13.93, 18.6, 10.0, 28.43, 22.09, 12.17, 32.02, 17.46, 41.77, 45.18, 36.12, 8.06, 8.25, 39.01, 35.0, 20.0, 31.91, 34.93, 33.3, 48.26, 24.6, 47.17, 23.09, 17.9, 37.02, 27.19, 14.85, 27.19, 35.56, 25.28, 10.69, 27.07], [17.46, 18.03, 9.06, 24.08, 0.0, 31.38, 30.87, 28.16, 28.32, 35.78, 12.17, 25.06, 46.87, 32.76, 19.1, 11.7, 11.18, 24.08, 10.3, 41.63, 39.81, 30.61, 43.01, 7.21, 21.93, 13.45, 42.54, 7.28, 15.81, 7.28, 25.71, 27.29, 15.13, 14.0, 31.05, 30.68, 26.83, 10.0, 29.97, 41.79, 23.09, 38.47, 36.14, 19.1, 28.86, 22.85, 21.59, 10.63, 40.72, 41.44, 16.28, 4.12, 41.23, 35.01, 27.51, 22.0, 17.8, 23.35, 38.21, 39.32, 18.6, 17.89, 36.8, 47.42, 33.06, 31.38, 30.48, 27.66, 19.42, 18.11, 25.94, 38.59, 39.56, 11.18, 7.81, 5.0, 22.36, 32.25, 20.88, 12.08, 7.07, 24.17, 38.0, 41.23, 32.25, 8.06, 9.22, 24.35, 33.6, 41.0, 30.61, 17.2, 27.02, 11.18, 4.47, 9.06, 33.11, 38.64, 31.95, 9.22, 26.02, 18.68, 31.41, 18.34, 30.91, 9.3, 30.91, 25.1, 7.43, 19.5, 47.42], [35.61, 15.56, 35.0, 14.32, 31.38, 0.0, 43.08, 20.1, 32.02, 5.0, 31.0, 38.01, 39.29, 29.02, 27.89, 19.7, 40.5, 47.51, 34.13, 10.3, 22.36, 8.6, 37.48, 33.54, 31.3, 19.24, 33.96, 33.02, 20.02, 26.08, 50.93, 5.1, 27.17, 29.07, 46.96, 45.19, 24.52, 29.07, 2.24, 28.79, 20.25, 20.12, 6.71, 14.14, 19.03, 22.47, 40.8, 36.22, 9.43, 27.86, 42.52, 29.12, 11.18, 12.53, 21.21, 44.69, 15.03, 17.09, 40.11, 19.72, 14.04, 13.6, 39.2, 34.93, 14.56, 41.11, 36.14, 52.4, 45.28, 31.58, 24.74, 8.94, 24.7, 22.8, 35.69, 30.53, 9.22, 8.54, 35.9, 19.31, 28.44, 7.28, 15.0, 9.85, 4.12, 38.08, 22.36, 40.82, 40.02, 23.71, 8.6, 15.13, 35.11, 40.5, 26.93, 36.62, 26.02, 21.02, 45.69, 35.36, 48.41, 20.25, 4.74, 37.72, 17.07, 23.93, 17.07, 31.48, 29.0, 11.88, 16.12], [13.42, 29.43, 22.47, 46.1, 30.87, 43.08, 0.0, 24.41, 12.04, 47.93, 42.72, 6.08, 26.08, 18.6, 48.27, 32.06, 25.46, 15.52, 41.15, 51.48, 32.8, 48.27, 22.2, 38.01, 12.17, 37.12, 25.0, 23.71, 41.19, 26.68, 19.24, 42.45, 44.38, 43.97, 5.39, 3.16, 19.42, 40.16, 43.32, 29.07, 22.85, 33.3, 43.05, 30.59, 25.81, 20.62, 10.63, 41.18, 51.0, 29.53, 20.0, 34.18, 46.62, 36.4, 23.02, 14.32, 39.01, 26.0, 13.0, 34.71, 39.05, 36.12, 12.04, 31.05, 32.8, 3.16, 8.6, 19.03, 19.24, 48.38, 18.87, 52.0, 30.23, 26.08, 38.08, 26.0, 38.64, 37.22, 51.62, 33.06, 37.0, 39.05, 37.54, 50.61, 46.49, 27.02, 30.27, 7.07, 7.07, 33.02, 48.27, 38.01, 8.06, 25.46, 31.32, 23.6, 22.02, 32.65, 2.83, 39.82, 14.14, 23.54, 39.58, 12.9, 28.9, 36.28, 28.9, 11.63, 24.19, 35.85, 56.6], [21.54, 12.73, 26.02, 28.23, 28.16, 20.1, 24.41, 0.0, 12.53, 24.52, 35.23, 20.52, 21.63, 9.06, 36.8, 20.0, 32.06, 33.12, 36.24, 27.31, 12.0, 27.17, 18.79, 34.01, 14.42, 24.04, 16.4, 25.02, 27.66, 20.88, 37.12, 21.21, 33.97, 34.83, 29.07, 27.02, 5.0, 32.45, 21.0, 13.89, 5.1, 11.18, 18.79, 12.81, 1.41, 6.08, 25.55, 37.58, 26.93, 13.42, 31.05, 28.64, 22.2, 12.04, 1.41, 30.41, 23.02, 5.66, 20.02, 12.37, 22.47, 19.42, 19.1, 20.0, 8.49, 21.95, 16.55, 38.08, 32.89, 38.95, 5.66, 28.64, 11.4, 17.09, 35.47, 24.33, 19.31, 13.0, 43.28, 20.62, 30.02, 18.68, 13.6, 26.4, 24.02, 31.02, 20.59, 24.21, 20.25, 13.04, 27.17, 22.2, 16.4, 32.06, 25.08, 28.02, 6.71, 11.05, 27.2, 36.25, 33.29, 9.49, 15.89, 23.51, 4.61, 26.5, 4.61, 13.09, 21.71, 17.92, 32.25], [14.32, 20.22, 22.36, 37.34, 28.32, 32.02, 12.04, 12.53, 0.0, 36.69, 38.6, 9.49, 19.31, 7.28, 42.49, 25.08, 27.51, 23.54, 38.21, 39.81, 21.1, 38.12, 15.23, 35.36, 6.71, 30.08, 16.12, 22.47, 34.18, 22.02, 27.66, 32.14, 38.95, 39.12, 17.03, 14.87, 7.62, 35.81, 32.56, 18.44, 12.04, 21.4, 31.3, 21.1, 13.89, 10.0, 16.12, 38.9, 39.4, 18.68, 24.19, 30.48, 34.67, 24.41, 11.18, 21.21, 30.81, 15.13, 10.3, 22.8, 30.59, 27.46, 8.94, 22.02, 20.81, 9.43, 4.12, 28.16, 25.0, 43.57, 7.28, 40.8, 18.79, 19.72, 36.12, 23.43, 29.02, 25.5, 47.43, 26.0, 32.8, 29.02, 25.5, 38.91, 35.69, 27.73, 24.19, 13.6, 8.06, 21.47, 38.12, 29.83, 4.47, 27.51, 27.02, 24.17, 10.3, 20.81, 14.87, 37.48, 23.09, 14.32, 28.15, 15.57, 16.92, 30.7, 16.92, 3.35, 20.89, 26.67, 44.78], [40.61, 20.52, 39.82, 16.12, 35.78, 5.0, 47.93, 24.52, 36.69, 0.0, 34.23, 42.94, 42.58, 33.24, 30.15, 24.19, 45.22, 52.5, 37.66, 6.08, 25.0, 8.54, 41.11, 37.36, 36.24, 23.09, 37.34, 37.8, 23.19, 30.81, 55.9, 8.54, 30.02, 32.06, 51.88, 50.09, 29.12, 32.56, 5.83, 31.78, 25.08, 22.8, 7.62, 19.1, 23.35, 27.31, 45.8, 39.81, 5.1, 30.81, 47.42, 33.24, 10.0, 15.3, 25.71, 49.68, 18.68, 21.93, 44.41, 22.14, 17.72, 17.89, 43.57, 37.64, 18.03, 45.88, 40.8, 57.38, 50.21, 34.06, 29.41, 4.12, 27.66, 27.66, 39.56, 35.23, 13.42, 12.0, 38.21, 23.71, 32.28, 11.66, 17.09, 6.0, 4.0, 42.72, 26.93, 45.79, 44.64, 26.25, 8.54, 18.97, 39.92, 45.22, 31.3, 41.4, 30.07, 23.77, 50.57, 39.05, 53.41, 25.24, 8.63, 42.71, 21.05, 27.83, 21.05, 36.31, 33.81, 16.38, 11.7], [29.41, 22.83, 21.21, 18.97, 12.17, 31.0, 42.72, 35.23, 38.6, 34.23, 0.0, 36.77, 55.9, 41.73, 8.06, 15.26, 22.2, 36.0, 4.24, 40.31, 45.62, 26.93, 52.33, 6.32, 32.76, 12.37, 51.09, 19.42, 11.05, 16.64, 37.22, 26.02, 5.0, 2.83, 43.17, 42.72, 35.38, 2.83, 29.02, 49.09, 30.61, 43.86, 37.12, 23.26, 35.51, 31.14, 33.73, 6.4, 39.32, 48.55, 28.02, 8.54, 42.05, 38.6, 35.0, 34.06, 16.03, 29.68, 48.83, 44.38, 17.03, 18.44, 47.43, 55.22, 37.7, 42.95, 41.34, 39.2, 31.06, 6.0, 34.66, 35.9, 46.14, 19.1, 8.06, 16.76, 22.09, 34.93, 8.94, 14.76, 5.83, 24.08, 41.76, 40.2, 30.27, 19.1, 14.87, 36.4, 44.78, 46.96, 26.93, 16.12, 38.08, 22.2, 11.66, 21.02, 41.23, 44.28, 43.97, 6.4, 38.01, 26.25, 32.81, 30.44, 36.68, 8.75, 36.68, 35.64, 18.58, 20.5, 45.71], [7.81, 23.77, 17.03, 40.2, 25.06, 38.01, 6.08, 20.52, 9.49, 42.94, 36.77, 0.0, 27.29, 16.76, 42.2, 26.02, 20.81, 14.14, 35.36, 46.87, 30.41, 42.72, 23.19, 32.25, 6.71, 31.06, 25.02, 18.03, 35.13, 20.62, 18.25, 37.0, 38.33, 37.95, 8.94, 7.28, 15.62, 34.18, 38.08, 27.89, 18.03, 30.53, 38.6, 25.0, 21.93, 15.81, 7.07, 35.51, 46.32, 28.16, 16.16, 28.23, 42.52, 32.53, 19.1, 12.0, 33.06, 21.1, 15.23, 31.91, 33.14, 30.27, 13.93, 31.06, 29.0, 6.4, 8.06, 18.68, 16.28, 42.38, 14.87, 46.96, 28.23, 20.02, 32.45, 20.12, 32.98, 32.8, 45.69, 27.02, 31.02, 33.53, 34.06, 46.04, 41.23, 21.93, 24.19, 4.12, 9.43, 30.87, 42.72, 32.06, 5.1, 20.81, 25.3, 18.38, 19.7, 30.02, 8.06, 34.13, 13.6, 18.03, 34.82, 7.91, 25.12, 30.21, 25.12, 7.5, 18.2, 30.1, 52.2], [33.53, 34.21, 41.63, 49.65, 46.87, 39.29, 26.08, 21.63, 19.31, 42.58, 55.9, 27.29, 0.0, 14.21, 58.26, 41.04, 46.82, 41.05, 56.22, 43.01, 18.0, 47.43, 4.12, 53.6, 26.0, 45.45, 5.39, 41.59, 49.2, 40.0, 45.01, 41.79, 55.23, 55.87, 31.26, 29.15, 20.52, 53.08, 40.8, 11.0, 25.5, 20.02, 35.23, 34.41, 21.95, 24.76, 34.37, 57.2, 43.05, 12.0, 43.17, 48.41, 36.01, 27.29, 21.4, 39.2, 44.65, 27.2, 13.15, 21.0, 44.1, 41.05, 14.04, 7.21, 24.74, 23.02, 19.24, 45.01, 43.57, 60.14, 21.26, 46.39, 15.03, 36.88, 54.64, 42.19, 40.71, 30.81, 64.35, 41.77, 50.33, 39.81, 26.02, 42.01, 43.42, 47.01, 41.04, 31.14, 19.03, 17.03, 47.43, 43.83, 22.56, 46.82, 44.82, 43.46, 15.0, 19.03, 28.28, 55.8, 40.0, 29.7, 34.56, 34.56, 22.66, 47.38, 22.66, 22.66, 39.54, 39.54, 46.17], [21.02, 20.59, 28.16, 37.0, 32.76, 29.02, 18.6, 9.06, 7.28, 33.24, 41.73, 16.76, 14.21, 0.0, 44.41, 27.02, 33.73, 30.81, 42.01, 35.44, 14.21, 36.22, 10.63, 39.41, 13.04, 31.62, 9.85, 27.86, 35.51, 25.81, 34.93, 30.27, 41.23, 41.77, 23.85, 21.63, 6.4, 38.9, 30.02, 11.18, 11.66, 14.87, 26.93, 21.02, 10.0, 10.63, 23.35, 43.01, 35.17, 11.4, 31.02, 34.21, 29.55, 19.31, 8.25, 28.44, 31.3, 13.93, 11.18, 16.28, 30.87, 27.73, 10.44, 15.3, 15.81, 15.62, 10.0, 35.44, 32.06, 46.1, 7.07, 37.34, 11.66, 22.67, 40.5, 28.18, 28.16, 21.38, 50.25, 27.8, 36.12, 27.66, 19.72, 34.48, 33.0, 33.53, 26.87, 20.88, 12.81, 14.42, 36.22, 30.41, 11.7, 33.73, 30.61, 30.08, 3.61, 14.14, 21.4, 41.62, 30.36, 15.62, 24.63, 22.51, 12.26, 33.26, 12.26, 10.01, 25.5, 26.46, 39.92], [35.36, 24.08, 28.02, 14.04, 19.1, 27.89, 48.27, 36.8, 42.49, 30.15, 8.06, 42.2, 58.26, 44.41, 0.0, 17.49, 29.83, 43.19, 12.21, 36.06, 45.8, 22.0, 55.0, 14.32, 37.34, 12.81, 53.15, 26.0, 9.22, 21.59, 44.72, 22.8, 4.0, 5.39, 49.37, 48.66, 38.01, 9.22, 25.71, 50.25, 32.8, 43.83, 34.48, 24.04, 36.77, 33.84, 40.11, 14.21, 35.06, 49.58, 35.36, 15.03, 39.05, 37.59, 36.88, 41.05, 14.42, 31.14, 52.77, 44.1, 15.26, 17.8, 51.43, 56.59, 37.44, 48.08, 45.69, 46.69, 38.47, 4.12, 37.44, 31.02, 46.86, 22.85, 16.12, 23.02, 20.12, 33.54, 8.06, 16.64, 12.04, 21.93, 40.71, 36.12, 26.17, 26.68, 18.38, 42.43, 49.4, 47.2, 22.0, 15.0, 42.72, 29.83, 17.12, 28.16, 43.28, 44.41, 49.82, 14.42, 45.1, 28.84, 30.73, 36.67, 37.26, 12.02, 37.26, 39.85, 24.25, 19.7, 41.01], [20.4, 7.62, 16.4, 14.87, 11.7, 19.7, 32.06, 20.0, 25.08, 24.19, 15.26, 26.02, 41.04, 27.02, 17.49, 0.0, 21.26, 30.87, 16.76, 29.97, 30.46, 19.85, 37.64, 15.13, 20.4, 5.1, 36.07, 14.21, 9.22, 7.21, 33.62, 15.81, 14.21, 14.87, 34.13, 33.02, 20.62, 12.53, 18.36, 33.84, 15.56, 28.79, 24.52, 8.25, 20.25, 16.4, 25.71, 18.44, 29.07, 33.29, 24.41, 10.0, 29.61, 24.19, 19.85, 28.23, 7.62, 14.42, 35.34, 29.41, 8.06, 6.4, 34.01, 40.0, 22.8, 31.4, 28.46, 35.36, 27.46, 19.1, 20.0, 27.2, 30.89, 6.0, 17.03, 11.31, 10.82, 21.0, 23.35, 1.0, 10.44, 12.53, 27.29, 29.55, 20.81, 18.6, 2.83, 27.17, 32.28, 31.78, 19.85, 6.71, 25.71, 21.26, 7.28, 17.69, 26.17, 29.15, 34.0, 17.26, 32.31, 11.4, 19.81, 22.19, 21.48, 6.52, 21.48, 22.61, 10.55, 7.83, 35.78], [13.42, 25.5, 6.08, 35.0, 11.18, 40.5, 25.46, 32.06, 27.51, 45.22, 22.2, 20.81, 46.82, 33.73, 29.83, 21.26, 0.0, 14.32, 19.0, 50.77, 44.05, 41.01, 42.72, 16.03, 20.88, 24.21, 43.42, 7.62, 26.93, 14.42, 15.03, 37.01, 25.96, 24.52, 23.85, 24.21, 29.07, 20.62, 39.41, 44.28, 27.17, 43.19, 44.28, 26.83, 33.14, 26.02, 14.87, 18.11, 49.93, 44.18, 6.32, 15.23, 49.24, 41.48, 31.02, 13.0, 28.32, 28.64, 35.85, 44.28, 29.0, 27.66, 34.48, 49.03, 38.83, 27.02, 28.18, 17.03, 9.06, 28.16, 28.07, 48.41, 43.01, 17.89, 15.03, 10.0, 32.02, 39.56, 30.02, 21.93, 18.03, 33.6, 44.15, 50.25, 42.01, 3.16, 18.44, 18.38, 30.23, 45.01, 41.01, 27.59, 24.6, 0.0, 15.0, 4.12, 35.23, 43.1, 25.61, 17.03, 16.49, 23.54, 39.58, 12.9, 35.85, 20.41, 35.85, 24.19, 11.63, 28.9, 56.6], [12.04, 32.02, 15.3, 45.69, 24.08, 47.51, 15.52, 33.12, 23.54, 52.5, 36.0, 14.14, 41.05, 30.81, 43.19, 30.87, 14.32, 0.0, 33.14, 57.28, 44.01, 50.25, 37.01, 30.07, 18.79, 35.11, 39.12, 17.46, 38.6, 23.77, 4.12, 45.22, 39.2, 38.05, 11.66, 13.0, 28.64, 34.06, 47.01, 41.98, 29.41, 43.86, 49.58, 33.42, 34.48, 27.46, 7.62, 32.39, 56.59, 42.2, 8.06, 28.16, 54.04, 44.65, 31.76, 2.83, 38.48, 32.02, 28.28, 45.19, 38.91, 36.72, 27.17, 45.18, 41.34, 18.25, 22.02, 5.0, 5.39, 42.0, 27.73, 56.22, 42.06, 25.55, 29.27, 20.62, 40.5, 44.05, 44.18, 31.78, 31.14, 41.62, 46.65, 56.57, 50.0, 17.12, 28.23, 10.05, 22.2, 44.6, 50.25, 37.58, 19.24, 14.32, 26.68, 15.03, 33.53, 43.46, 14.32, 31.26, 2.24, 27.59, 45.26, 9.92, 37.65, 32.38, 37.65, 21.03, 20.43, 37.31, 62.94], [27.73, 24.35, 18.97, 22.85, 10.3, 34.13, 41.15, 36.24, 38.21, 37.66, 4.24, 35.36, 56.22, 42.01, 12.21, 16.76, 19.0, 33.14, 0.0, 43.74, 47.17, 30.68, 52.5, 3.16, 32.02, 15.0, 51.61, 17.46, 14.56, 16.28, 34.01, 29.27, 9.22, 7.07, 41.11, 40.85, 35.81, 5.1, 32.25, 50.12, 31.38, 45.54, 40.0, 25.0, 36.67, 31.62, 31.62, 2.24, 42.76, 49.65, 25.08, 7.81, 45.01, 40.79, 35.85, 31.4, 19.1, 30.87, 48.27, 46.17, 20.1, 21.02, 46.86, 56.08, 39.56, 41.68, 40.61, 36.01, 28.02, 9.49, 35.0, 39.56, 47.42, 19.42, 4.12, 15.26, 25.02, 37.34, 11.05, 16.49, 6.32, 27.02, 43.93, 43.57, 33.73, 16.03, 15.65, 34.54, 43.83, 48.47, 30.68, 19.03, 37.2, 19.0, 11.4, 18.44, 41.88, 45.88, 42.15, 2.24, 35.23, 26.93, 35.53, 28.5, 38.16, 10.61, 38.16, 35.09, 17.5, 23.05, 49.24], [45.28, 25.61, 45.22, 22.02, 41.63, 10.3, 51.48, 27.31, 39.81, 6.08, 40.31, 46.87, 43.01, 35.44, 36.06, 29.97, 50.77, 57.28, 43.74, 0.0, 25.02, 14.14, 42.11, 43.42, 40.22, 29.12, 38.01, 43.27, 29.27, 36.36, 60.83, 14.56, 36.06, 38.12, 55.76, 53.85, 32.2, 38.64, 11.7, 32.02, 28.84, 23.0, 8.54, 24.21, 26.0, 31.06, 50.33, 45.89, 1.0, 31.02, 52.63, 39.22, 7.28, 16.28, 28.64, 54.45, 24.74, 25.81, 46.57, 22.02, 23.77, 23.77, 45.88, 37.34, 19.65, 49.19, 43.86, 62.23, 55.32, 40.01, 32.65, 5.83, 28.0, 33.02, 45.61, 40.82, 19.31, 14.32, 44.1, 29.55, 38.33, 17.46, 17.0, 1.0, 10.05, 48.37, 32.65, 50.0, 47.54, 26.08, 14.14, 25.0, 43.42, 50.77, 37.16, 46.87, 32.02, 24.0, 54.2, 45.12, 58.05, 29.73, 12.1, 47.4, 23.24, 33.86, 23.24, 39.88, 39.25, 22.14, 5.83], [32.98, 22.85, 38.01, 34.71, 39.81, 22.36, 32.8, 12.0, 21.1, 25.0, 45.62, 30.41, 18.0, 14.21, 45.8, 30.46, 44.05, 44.01, 47.17, 25.02, 0.0, 30.89, 17.46, 45.22, 25.3, 33.62, 13.15, 37.01, 36.62, 32.56, 48.1, 25.81, 43.57, 44.78, 38.01, 35.81, 15.52, 42.95, 24.19, 7.0, 17.03, 2.24, 17.46, 22.36, 11.05, 18.03, 36.4, 48.7, 25.08, 6.0, 42.76, 39.85, 18.03, 9.85, 13.04, 41.44, 31.4, 16.49, 23.85, 3.0, 30.61, 28.02, 23.6, 12.65, 8.49, 29.83, 24.21, 48.85, 44.38, 48.55, 16.49, 28.64, 3.16, 28.64, 46.84, 36.22, 26.17, 13.89, 53.0, 30.87, 40.85, 24.76, 8.06, 24.02, 26.4, 43.01, 31.62, 34.44, 26.87, 1.41, 30.89, 30.81, 25.55, 44.05, 36.4, 40.01, 10.82, 1.41, 35.61, 47.43, 43.86, 21.21, 17.68, 34.82, 9.01, 36.91, 9.01, 23.05, 33.63, 26.1, 28.28], [38.91, 18.97, 36.24, 8.06, 30.61, 8.6, 48.27, 27.17, 38.12, 8.54, 26.93, 42.72, 47.43, 36.22, 22.0, 19.85, 41.01, 50.25, 30.68, 14.14, 30.89, 0.0, 45.35, 30.87, 36.14, 17.2, 42.06, 34.06, 16.16, 27.02, 53.25, 6.0, 22.36, 24.52, 51.55, 50.0, 31.0, 25.63, 6.71, 37.16, 26.08, 28.65, 14.87, 17.72, 26.31, 28.16, 44.28, 32.89, 13.15, 36.25, 44.2, 27.46, 18.36, 21.1, 28.07, 47.51, 12.81, 23.02, 47.04, 28.3, 12.04, 13.6, 46.01, 43.38, 22.85, 46.69, 42.19, 54.92, 47.2, 26.02, 31.02, 9.06, 33.11, 24.7, 33.11, 31.14, 9.85, 17.0, 30.02, 19.1, 25.94, 9.22, 23.6, 14.32, 5.0, 38.21, 22.67, 44.94, 46.17, 32.25, 0.0, 13.45, 40.61, 41.01, 26.25, 37.54, 33.54, 29.53, 50.7, 32.31, 51.48, 24.74, 13.21, 40.92, 24.86, 21.78, 24.86, 36.99, 30.3, 12.97, 19.03], [29.41, 31.06, 37.58, 47.01, 43.01, 37.48, 22.2, 18.79, 15.23, 41.11, 52.33, 23.19, 4.12, 10.63, 55.0, 37.64, 42.72, 37.01, 52.5, 42.11, 17.46, 45.35, 0.0, 49.82, 21.93, 42.2, 4.47, 37.59, 46.04, 36.24, 41.0, 39.56, 51.86, 52.4, 27.46, 25.32, 17.03, 49.5, 38.83, 10.77, 22.2, 19.24, 34.0, 31.38, 19.31, 21.26, 30.27, 53.41, 42.05, 11.7, 39.05, 44.69, 35.36, 26.0, 18.36, 35.13, 41.68, 24.19, 9.49, 20.4, 41.18, 38.08, 10.2, 9.43, 23.09, 19.1, 15.13, 41.05, 39.46, 56.73, 17.69, 45.04, 14.32, 33.24, 50.8, 38.28, 38.08, 29.15, 60.88, 38.42, 46.69, 37.34, 25.18, 41.11, 41.59, 42.95, 37.48, 27.07, 15.13, 16.76, 45.35, 40.82, 18.44, 42.72, 41.11, 39.4, 12.08, 18.25, 24.52, 52.01, 36.01, 26.25, 32.81, 30.44, 20.5, 43.89, 20.5, 18.58, 35.64, 36.68, 45.71], [24.6, 22.56, 15.81, 23.32, 7.21, 33.54, 38.01, 34.01, 35.36, 37.36, 6.32, 32.25, 53.6, 39.41, 14.32, 15.13, 16.03, 30.07, 3.16, 43.42, 45.22, 30.87, 49.82, 0.0, 29.07, 14.32, 49.09, 14.32, 14.76, 13.6, 31.06, 28.86, 10.82, 8.94, 37.95, 37.7, 33.29, 5.66, 31.78, 47.85, 29.07, 43.68, 39.12, 23.35, 34.54, 29.15, 28.46, 3.61, 42.45, 47.42, 22.02, 5.39, 44.18, 39.32, 33.54, 28.28, 18.68, 28.79, 45.34, 44.38, 19.65, 20.1, 43.93, 53.71, 37.85, 38.59, 37.64, 33.06, 25.0, 12.17, 32.45, 39.56, 45.31, 17.0, 2.24, 12.21, 24.33, 36.06, 14.14, 15.03, 5.1, 26.31, 42.43, 43.17, 33.53, 13.0, 13.6, 31.38, 40.8, 46.49, 30.87, 18.44, 34.21, 16.03, 8.94, 15.3, 39.45, 43.97, 39.0, 2.24, 32.14, 24.6, 34.53, 25.35, 36.21, 9.62, 36.21, 32.19, 14.53, 22.05, 49.04], [8.0, 17.26, 15.65, 34.01, 21.93, 31.3, 12.17, 14.42, 6.71, 36.24, 32.76, 6.71, 26.0, 13.04, 37.34, 20.4, 20.88, 18.79, 32.02, 40.22, 25.3, 36.14, 21.93, 29.07, 0.0, 25.5, 22.56, 15.81, 29.61, 16.12, 22.85, 30.36, 33.62, 33.54, 15.65, 13.93, 9.85, 30.02, 31.38, 24.02, 11.4, 25.08, 32.02, 18.44, 15.81, 9.22, 11.18, 32.56, 39.66, 24.08, 18.0, 24.41, 36.07, 26.25, 13.04, 16.16, 27.02, 14.42, 16.28, 26.4, 27.0, 24.02, 14.87, 28.28, 22.8, 11.05, 8.6, 23.71, 19.24, 38.01, 8.94, 40.25, 23.54, 14.56, 29.7, 16.97, 26.48, 26.25, 41.68, 21.38, 26.93, 26.93, 28.02, 39.41, 34.54, 21.02, 18.97, 9.9, 12.08, 25.96, 36.14, 26.02, 5.39, 20.88, 21.1, 17.46, 15.13, 24.7, 14.56, 31.14, 18.87, 11.4, 28.15, 9.62, 19.01, 25.35, 19.01, 3.35, 14.53, 23.69, 45.61], [25.18, 11.31, 20.12, 10.82, 13.45, 19.24, 37.12, 24.04, 30.08, 23.09, 12.37, 31.06, 45.45, 31.62, 12.81, 5.1, 24.21, 35.11, 15.0, 29.12, 33.62, 17.2, 42.2, 14.32, 25.5, 0.0, 40.36, 17.89, 4.12, 11.4, 37.58, 14.56, 10.0, 11.18, 39.05, 38.0, 25.24, 10.05, 17.46, 37.64, 20.0, 31.76, 25.0, 11.4, 24.08, 21.1, 30.41, 17.03, 28.16, 37.01, 28.18, 10.3, 30.02, 26.25, 24.08, 32.57, 4.47, 18.38, 40.31, 32.2, 5.39, 6.08, 39.0, 43.93, 25.5, 36.5, 33.53, 39.4, 31.3, 15.0, 24.7, 25.5, 34.41, 11.05, 16.49, 14.76, 10.05, 22.56, 19.42, 4.12, 9.22, 12.04, 29.41, 28.86, 19.31, 21.26, 7.07, 32.06, 37.36, 34.99, 17.2, 4.12, 30.81, 24.21, 9.22, 21.1, 30.48, 32.25, 39.01, 16.12, 36.69, 16.12, 20.55, 26.88, 24.82, 4.74, 24.82, 27.68, 14.71, 8.14, 34.79], [30.41, 29.07, 37.95, 44.29, 42.54, 33.96, 25.0, 16.4, 16.12, 37.34, 51.09, 25.02, 5.39, 9.85, 53.15, 36.07, 43.42, 39.12, 51.61, 38.01, 13.15, 42.06, 4.47, 49.09, 22.56, 40.36, 0.0, 37.7, 44.05, 35.51, 43.19, 36.4, 50.21, 50.93, 30.36, 28.16, 15.81, 48.27, 35.44, 6.32, 20.52, 15.03, 30.07, 29.21, 16.64, 20.0, 32.0, 52.7, 38.0, 7.28, 40.31, 43.83, 31.14, 22.09, 16.28, 37.01, 39.41, 22.02, 13.04, 16.12, 38.83, 35.81, 13.42, 6.08, 19.42, 21.84, 17.12, 43.42, 41.05, 55.15, 16.64, 41.19, 10.05, 32.2, 50.25, 38.01, 35.36, 25.5, 59.41, 36.77, 45.61, 34.44, 21.02, 37.01, 38.08, 43.32, 36.24, 29.07, 18.03, 12.37, 42.06, 38.6, 20.0, 43.42, 40.22, 39.85, 9.9, 14.04, 27.51, 51.31, 38.33, 24.84, 29.23, 31.69, 17.27, 42.48, 17.27, 19.32, 35.33, 34.25, 41.44], [10.3, 17.89, 2.24, 28.65, 7.28, 33.02, 23.71, 25.02, 22.47, 37.8, 19.42, 18.03, 41.59, 27.86, 26.0, 14.21, 7.62, 17.46, 17.46, 43.27, 37.01, 34.06, 37.59, 14.32, 15.81, 17.89, 37.7, 0.0, 21.19, 7.07, 19.7, 29.73, 22.0, 21.1, 23.77, 23.41, 22.56, 17.12, 32.02, 37.85, 20.0, 36.01, 36.67, 19.24, 26.0, 19.1, 14.32, 17.49, 42.44, 37.66, 10.3, 11.05, 41.63, 33.96, 24.08, 15.13, 21.63, 21.21, 31.89, 37.05, 22.2, 20.52, 30.48, 43.01, 31.4, 24.41, 24.08, 21.54, 13.42, 25.32, 21.59, 41.11, 36.22, 10.3, 14.42, 3.16, 24.76, 31.95, 28.16, 15.0, 14.04, 26.25, 36.67, 42.72, 34.71, 6.0, 11.4, 17.09, 26.91, 38.05, 34.06, 20.81, 20.52, 7.62, 9.22, 3.61, 28.86, 36.0, 24.7, 16.12, 19.24, 16.12, 31.98, 11.07, 28.57, 14.92, 28.57, 19.14, 4.03, 21.59, 49.09], [29.07, 15.0, 23.41, 8.6, 15.81, 20.02, 41.19, 27.66, 34.18, 23.19, 11.05, 35.13, 49.2, 35.51, 9.22, 9.22, 26.93, 38.6, 14.56, 29.27, 36.62, 16.16, 46.04, 14.76, 29.61, 4.12, 44.05, 21.19, 0.0, 15.13, 40.85, 15.0, 7.28, 9.06, 43.01, 42.01, 29.15, 9.49, 18.0, 41.04, 23.85, 34.67, 26.31, 14.87, 27.59, 25.06, 34.23, 16.76, 28.28, 40.36, 31.38, 12.04, 31.14, 28.64, 27.8, 36.14, 5.39, 22.02, 44.38, 34.99, 6.32, 8.6, 43.08, 47.38, 28.3, 40.61, 37.64, 42.72, 34.54, 12.08, 28.65, 25.0, 37.64, 15.13, 17.0, 18.03, 11.4, 24.7, 16.55, 8.25, 10.0, 13.34, 31.78, 29.15, 19.24, 23.85, 11.0, 36.01, 41.48, 38.01, 16.16, 5.83, 34.93, 26.93, 12.08, 24.17, 34.21, 35.23, 43.05, 16.16, 40.26, 20.12, 22.19, 30.7, 28.04, 6.52, 28.04, 31.8, 18.34, 10.55, 34.71], [14.0, 11.4, 9.22, 21.93, 7.28, 26.08, 26.68, 20.88, 22.02, 30.81, 16.64, 20.62, 40.0, 25.81, 21.59, 7.21, 14.42, 23.77, 16.28, 36.36, 32.56, 27.02, 36.24, 13.6, 16.12, 11.4, 35.51, 7.07, 15.13, 0.0, 26.42, 22.67, 17.72, 17.46, 28.02, 27.17, 19.72, 13.89, 25.0, 34.54, 15.81, 31.26, 30.08, 12.65, 21.59, 15.65, 19.1, 17.2, 35.51, 34.18, 17.2, 8.49, 35.11, 28.16, 20.25, 21.19, 14.76, 16.12, 32.2, 32.14, 15.26, 13.45, 30.81, 40.25, 26.0, 26.57, 24.7, 28.18, 20.25, 21.93, 18.87, 34.06, 32.28, 4.0, 14.76, 4.47, 17.69, 25.71, 25.55, 8.06, 10.82, 19.21, 31.06, 35.85, 27.66, 12.08, 4.47, 21.02, 28.18, 33.73, 27.02, 13.89, 21.47, 14.42, 5.0, 10.63, 25.94, 31.4, 28.28, 15.81, 25.3, 11.4, 25.35, 15.57, 23.69, 9.62, 23.69, 19.01, 3.35, 14.53, 42.19], [15.81, 35.38, 17.46, 48.3, 25.71, 50.93, 19.24, 37.12, 27.66, 55.9, 37.22, 18.25, 45.01, 34.93, 44.72, 33.62, 15.03, 4.12, 34.01, 60.83, 48.1, 53.25, 41.0, 31.06, 22.85, 37.58, 43.19, 19.7, 40.85, 26.42, 0.0, 48.41, 40.79, 39.46, 14.87, 16.49, 32.7, 35.51, 50.33, 46.1, 33.29, 47.93, 53.26, 36.8, 38.47, 31.38, 11.7, 33.02, 60.11, 46.32, 9.49, 29.83, 57.8, 48.55, 35.78, 6.71, 41.18, 35.81, 32.14, 49.24, 41.68, 39.66, 31.06, 49.25, 45.28, 22.09, 26.08, 2.0, 6.32, 43.19, 31.78, 59.55, 46.17, 28.6, 30.0, 22.85, 43.6, 47.8, 45.0, 34.48, 32.76, 44.82, 50.61, 60.14, 53.26, 18.11, 30.89, 14.14, 26.08, 48.7, 53.25, 40.31, 23.35, 15.03, 28.79, 16.76, 37.64, 47.54, 17.72, 32.0, 5.1, 31.24, 48.87, 13.73, 41.62, 34.47, 41.62, 25.14, 23.07, 40.4, 66.53], [33.62, 13.42, 31.83, 9.43, 27.29, 5.1, 42.45, 21.21, 32.14, 8.54, 26.02, 37.0, 41.79, 30.27, 22.8, 15.81, 37.01, 45.22, 29.27, 14.56, 25.81, 6.0, 39.56, 28.86, 30.36, 14.56, 36.4, 29.73, 15.0, 22.67, 48.41, 0.0, 22.09, 24.02, 45.88, 44.27, 25.0, 24.19, 3.0, 31.76, 20.1, 23.6, 11.7, 12.08, 20.4, 22.2, 38.95, 31.4, 13.6, 30.89, 39.62, 24.7, 16.28, 16.28, 22.09, 42.44, 10.2, 17.03, 41.05, 23.43, 9.22, 9.43, 40.01, 38.08, 17.49, 40.79, 36.22, 50.0, 42.52, 26.48, 25.02, 11.4, 27.78, 19.85, 31.05, 27.02, 5.0, 12.04, 30.81, 15.26, 23.77, 3.61, 19.1, 14.32, 5.0, 34.41, 18.6, 39.4, 40.2, 27.2, 6.0, 10.44, 34.71, 37.01, 22.83, 33.3, 27.66, 24.41, 44.92, 30.59, 46.32, 18.97, 8.51, 35.67, 19.14, 19.3, 19.14, 31.08, 25.81, 8.14, 20.25], [31.4, 21.26, 24.02, 14.32, 15.13, 27.17, 44.38, 33.97, 38.95, 30.02, 5.0, 38.33, 55.23, 41.23, 4.0, 14.21, 25.96, 39.2, 9.22, 36.06, 43.57, 22.36, 51.86, 10.82, 33.62, 10.0, 50.21, 22.0, 7.28, 17.72, 40.79, 22.09, 0.0, 2.24, 45.4, 44.72, 34.83, 5.39, 25.08, 47.63, 29.73, 41.68, 33.54, 21.4, 34.06, 30.61, 36.12, 11.4, 35.06, 47.01, 31.4, 11.05, 38.33, 35.85, 33.94, 37.05, 12.65, 28.32, 49.24, 42.06, 13.6, 15.65, 47.89, 53.91, 35.36, 44.27, 42.05, 42.76, 34.53, 5.0, 34.21, 31.4, 44.41, 19.24, 12.81, 19.03, 18.68, 31.95, 9.43, 13.45, 8.06, 20.62, 39.0, 36.01, 26.02, 22.8, 14.76, 38.47, 45.69, 44.94, 22.36, 13.0, 39.0, 25.96, 13.15, 24.19, 40.31, 42.19, 45.89, 11.31, 41.11, 25.61, 29.47, 32.69, 34.82, 8.28, 34.82, 36.22, 20.3, 17.67, 41.3], [30.81, 22.2, 23.02, 16.49, 14.0, 29.07, 43.97, 34.83, 39.12, 32.06, 2.83, 37.95, 55.87, 41.77, 5.39, 14.87, 24.52, 38.05, 7.07, 38.12, 44.78, 24.52, 52.4, 8.94, 33.54, 11.18, 50.93, 21.1, 9.06, 17.46, 39.46, 24.02, 2.24, 0.0, 44.72, 44.15, 35.38, 4.0, 27.02, 48.6, 30.41, 42.94, 35.36, 22.47, 35.0, 31.14, 35.36, 9.22, 37.12, 48.01, 30.15, 10.05, 40.2, 37.34, 34.71, 36.0, 14.32, 29.21, 49.4, 43.38, 15.3, 17.09, 48.02, 54.82, 36.67, 44.01, 42.06, 41.44, 33.24, 4.47, 34.71, 33.54, 45.49, 19.42, 10.82, 18.25, 20.4, 33.53, 8.49, 14.21, 7.07, 22.36, 40.5, 38.05, 28.07, 21.38, 15.0, 37.85, 45.62, 46.14, 24.52, 14.56, 38.91, 24.52, 12.65, 23.02, 41.04, 43.42, 45.35, 9.22, 40.01, 26.17, 31.18, 31.98, 35.93, 8.51, 35.93, 36.28, 19.78, 19.14, 43.42], [14.04, 32.57, 22.14, 48.66, 31.05, 46.96, 5.39, 29.07, 17.03, 51.88, 43.17, 8.94, 31.26, 23.85, 49.37, 34.13, 23.85, 11.66, 41.11, 55.76, 38.01, 51.55, 27.46, 37.95, 15.65, 39.05, 30.36, 23.77, 43.01, 28.02, 14.87, 45.88, 45.4, 44.72, 0.0, 2.24, 24.08, 40.79, 47.01, 34.44, 26.93, 38.42, 47.43, 33.84, 30.48, 24.7, 9.49, 40.85, 55.23, 34.89, 17.8, 34.71, 51.22, 41.11, 27.66, 11.31, 41.44, 30.02, 18.11, 39.82, 41.59, 38.83, 17.26, 36.4, 37.54, 8.54, 13.89, 14.32, 16.28, 49.03, 23.43, 55.9, 35.51, 28.16, 37.7, 26.48, 41.76, 41.62, 51.92, 35.13, 37.66, 42.38, 42.43, 54.92, 50.16, 25.94, 32.02, 7.0, 12.37, 38.28, 51.55, 40.45, 12.73, 23.85, 32.25, 22.85, 27.2, 37.8, 3.0, 39.56, 9.85, 26.93, 43.73, 12.75, 33.63, 37.58, 33.63, 16.01, 25.12, 38.81, 61.03], [13.34, 31.05, 21.93, 47.38, 30.68, 45.19, 3.16, 27.02, 14.87, 50.09, 42.72, 7.28, 29.15, 21.63, 48.66, 33.02, 24.21, 13.0, 40.85, 53.85, 35.81, 50.0, 25.32, 37.7, 13.93, 38.0, 28.16, 23.41, 42.01, 27.17, 16.49, 44.27, 44.72, 44.15, 2.24, 0.0, 22.02, 40.26, 45.31, 32.2, 25.06, 36.24, 45.49, 32.28, 28.43, 22.83, 9.43, 40.72, 53.34, 32.65, 18.38, 34.21, 49.2, 39.05, 25.61, 12.21, 40.2, 28.18, 16.03, 37.64, 40.31, 37.48, 15.13, 34.21, 35.47, 6.32, 11.66, 16.12, 17.2, 48.51, 21.4, 54.13, 33.29, 27.02, 37.58, 25.96, 40.26, 39.66, 51.55, 34.01, 37.11, 40.8, 40.31, 53.0, 48.47, 26.08, 31.02, 6.32, 10.2, 36.06, 50.0, 39.2, 10.63, 24.21, 31.58, 22.83, 25.0, 35.61, 1.41, 39.4, 11.4, 25.3, 41.86, 12.35, 31.56, 36.78, 31.56, 14.01, 24.42, 37.37, 59.08], [17.46, 14.32, 23.19, 31.05, 26.83, 24.52, 19.42, 5.0, 7.62, 29.12, 35.38, 15.62, 20.52, 6.4, 38.01, 20.62, 29.07, 28.64, 35.81, 32.2, 15.52, 31.0, 17.03, 33.29, 9.85, 25.24, 15.81, 22.56, 29.15, 19.72, 32.7, 25.0, 34.83, 35.38, 24.08, 22.02, 0.0, 32.56, 25.18, 15.3, 5.39, 15.23, 23.71, 14.87, 6.4, 4.24, 21.02, 36.89, 31.78, 15.13, 27.29, 28.02, 27.2, 17.03, 3.61, 26.0, 25.08, 8.06, 16.12, 16.55, 24.7, 21.54, 15.03, 20.62, 13.45, 17.0, 11.7, 33.54, 28.86, 39.7, 1.0, 33.24, 14.04, 16.4, 34.48, 22.47, 22.36, 17.89, 43.86, 21.4, 29.83, 22.09, 18.44, 31.3, 28.28, 28.44, 20.52, 19.42, 15.52, 16.28, 31.0, 24.17, 11.4, 29.07, 24.41, 25.18, 6.32, 14.87, 22.2, 35.51, 28.65, 9.22, 20.55, 19.3, 9.55, 26.88, 9.55, 8.14, 19.78, 20.4, 37.22], [26.93, 20.12, 19.03, 17.89, 10.0, 29.07, 40.16, 32.45, 35.81, 32.56, 2.83, 34.18, 53.08, 38.9, 9.22, 12.53, 20.62, 34.06, 5.1, 38.64, 42.95, 25.63, 49.5, 5.66, 30.02, 10.05, 48.27, 17.12, 9.49, 13.89, 35.51, 24.19, 5.39, 4.0, 40.79, 40.26, 32.56, 0.0, 27.17, 46.32, 27.8, 41.23, 35.01, 20.62, 32.76, 28.32, 31.4, 7.28, 37.66, 45.79, 26.17, 6.08, 40.0, 36.14, 32.2, 32.0, 14.04, 26.93, 46.04, 41.79, 15.03, 16.12, 44.65, 52.43, 35.11, 40.31, 38.59, 37.48, 29.27, 8.25, 31.83, 34.48, 43.42, 16.28, 7.81, 14.32, 20.0, 32.56, 11.66, 12.08, 3.16, 22.0, 39.29, 38.47, 28.64, 17.46, 12.04, 33.96, 42.06, 44.28, 25.63, 14.0, 35.36, 20.62, 8.94, 19.03, 38.42, 41.63, 41.48, 6.71, 36.01, 23.43, 30.6, 28.04, 33.99, 6.04, 33.99, 32.87, 15.98, 18.17, 44.15], [35.23, 15.0, 34.06, 12.08, 29.97, 2.24, 43.32, 21.0, 32.56, 5.83, 29.02, 38.08, 40.8, 30.02, 25.71, 18.36, 39.41, 47.01, 32.25, 11.7, 24.19, 6.71, 38.83, 31.78, 31.38, 17.46, 35.44, 32.02, 18.0, 25.0, 50.33, 3.0, 25.08, 27.02, 47.01, 45.31, 25.18, 27.17, 0.0, 30.46, 20.62, 21.95, 8.94, 13.6, 20.02, 22.8, 40.5, 34.37, 10.77, 29.55, 41.73, 27.51, 13.34, 14.42, 22.02, 44.2, 13.15, 17.46, 41.01, 21.63, 12.17, 12.08, 40.05, 36.67, 16.16, 41.48, 36.67, 51.86, 44.55, 29.43, 25.32, 9.22, 26.4, 21.93, 33.96, 29.41, 7.62, 10.3, 33.73, 17.89, 26.68, 5.83, 17.03, 11.4, 3.16, 36.89, 21.1, 40.71, 40.61, 25.55, 6.71, 13.34, 35.44, 39.41, 25.5, 35.61, 27.17, 22.83, 45.88, 33.54, 48.01, 20.12, 6.52, 37.32, 18.34, 22.19, 18.34, 31.8, 28.04, 10.55, 17.46], [32.02, 26.4, 38.47, 40.22, 41.79, 28.79, 29.07, 13.89, 18.44, 31.78, 49.09, 27.89, 11.0, 11.18, 50.25, 33.84, 44.28, 41.98, 50.12, 32.02, 7.0, 37.16, 10.77, 47.85, 24.02, 37.64, 6.32, 37.85, 41.04, 34.54, 46.1, 31.76, 47.63, 48.6, 34.44, 32.2, 15.3, 46.32, 30.46, 0.0, 18.79, 9.06, 24.33, 26.25, 13.6, 18.97, 34.53, 51.43, 32.06, 1.0, 42.01, 42.49, 25.02, 16.49, 14.32, 39.62, 36.07, 19.42, 18.38, 10.0, 35.38, 32.53, 18.44, 6.4, 14.32, 25.94, 20.62, 46.57, 43.19, 52.63, 16.28, 35.51, 4.12, 30.87, 49.24, 37.64, 31.4, 20.25, 57.01, 34.41, 43.91, 30.23, 15.03, 31.02, 32.89, 43.74, 34.48, 32.02, 22.47, 6.08, 37.16, 35.36, 22.8, 44.28, 38.91, 40.45, 9.06, 8.06, 31.76, 50.09, 41.48, 23.26, 24.05, 33.59, 13.12, 40.35, 13.12, 21.15, 34.96, 30.78, 35.23], [17.49, 8.94, 21.1, 25.71, 23.09, 20.25, 22.85, 5.1, 12.04, 25.08, 30.61, 18.03, 25.5, 11.66, 32.8, 15.56, 27.17, 29.41, 31.38, 28.84, 17.03, 26.08, 22.2, 29.07, 11.4, 20.0, 20.52, 20.0, 23.85, 15.81, 33.29, 20.1, 29.73, 30.41, 26.93, 25.06, 5.39, 27.8, 20.62, 18.79, 0.0, 16.03, 20.62, 9.49, 6.0, 2.24, 22.02, 32.65, 28.3, 18.38, 26.57, 23.71, 24.76, 15.26, 4.47, 26.63, 19.7, 3.16, 21.38, 17.12, 19.31, 16.16, 20.22, 24.7, 12.08, 20.88, 16.12, 34.41, 28.64, 34.66, 5.1, 29.15, 16.49, 12.08, 30.46, 19.24, 17.12, 14.87, 38.9, 16.28, 25.24, 17.0, 17.46, 28.02, 23.77, 26.0, 15.81, 21.26, 20.1, 18.11, 26.08, 18.79, 14.87, 27.17, 20.12, 23.09, 10.63, 16.0, 25.5, 31.3, 29.83, 4.47, 16.81, 19.56, 8.73, 21.97, 8.73, 11.24, 16.62, 15.04, 34.21], [32.57, 21.19, 37.12, 32.56, 38.47, 20.12, 33.3, 11.18, 21.4, 22.8, 43.86, 30.53, 20.02, 14.87, 43.83, 28.79, 43.19, 43.86, 45.54, 23.0, 2.24, 28.65, 19.24, 43.68, 25.08, 31.76, 15.03, 36.01, 34.67, 31.26, 47.93, 23.6, 41.68, 42.94, 38.42, 36.24, 15.23, 41.23, 21.95, 9.06, 16.03, 0.0, 15.3, 20.62, 10.05, 17.26, 36.25, 47.13, 23.02, 8.06, 42.2, 38.33, 16.12, 7.62, 12.37, 41.23, 29.41, 15.13, 25.06, 1.41, 28.6, 26.08, 24.7, 14.87, 6.4, 30.41, 24.76, 48.75, 43.97, 46.65, 16.16, 26.48, 5.0, 27.29, 45.35, 35.06, 24.08, 11.66, 51.11, 29.15, 39.22, 22.63, 6.0, 22.0, 24.17, 42.01, 30.08, 34.48, 27.66, 3.61, 28.65, 28.84, 25.81, 43.19, 34.93, 39.12, 11.31, 1.0, 36.12, 45.88, 43.83, 20.02, 15.44, 34.47, 7.57, 35.19, 7.57, 23.07, 32.52, 24.13, 26.48], [37.54, 18.79, 38.47, 21.02, 36.14, 6.71, 43.05, 18.79, 31.3, 7.62, 37.12, 38.6, 35.23, 26.93, 34.48, 24.52, 44.28, 49.58, 40.0, 8.54, 17.46, 14.87, 34.0, 39.12, 32.02, 25.0, 30.07, 36.67, 26.31, 30.08, 53.26, 11.7, 33.54, 35.36, 47.43, 45.49, 23.71, 35.01, 8.94, 24.33, 20.62, 15.3, 0.0, 17.46, 17.46, 22.8, 42.43, 42.01, 8.25, 23.35, 45.49, 34.37, 5.1, 8.0, 20.12, 46.75, 21.1, 17.69, 38.08, 14.56, 20.1, 19.03, 37.36, 30.08, 11.18, 40.71, 35.34, 54.56, 48.01, 38.08, 24.19, 11.18, 20.22, 26.4, 41.19, 34.54, 15.03, 5.83, 42.45, 24.33, 34.06, 13.04, 9.49, 7.62, 9.9, 42.15, 26.93, 41.87, 39.0, 18.68, 14.87, 21.02, 34.99, 44.28, 31.78, 40.25, 23.54, 16.28, 45.79, 41.05, 50.21, 22.02, 4.74, 39.65, 14.71, 29.54, 14.71, 31.48, 32.65, 17.07, 13.6], [21.63, 1.41, 21.1, 16.28, 19.1, 14.14, 30.59, 12.81, 21.1, 19.1, 23.26, 25.0, 34.41, 21.02, 24.04, 8.25, 26.83, 33.42, 25.0, 24.21, 22.36, 17.72, 31.38, 23.35, 18.44, 11.4, 29.21, 19.24, 14.87, 12.65, 36.8, 12.08, 21.4, 22.47, 33.84, 32.28, 14.87, 20.62, 13.6, 26.25, 9.49, 20.62, 17.46, 0.0, 12.73, 11.18, 26.93, 26.68, 23.43, 25.61, 28.43, 18.11, 22.47, 16.03, 13.04, 30.61, 10.3, 7.21, 30.81, 21.19, 9.85, 6.71, 29.61, 32.56, 14.56, 29.15, 25.02, 38.29, 31.14, 26.4, 14.56, 22.8, 23.02, 8.94, 25.18, 17.09, 8.06, 13.15, 30.81, 8.54, 18.68, 8.54, 19.1, 23.6, 16.64, 24.7, 10.0, 27.31, 29.02, 23.71, 17.72, 9.43, 23.09, 26.83, 15.0, 22.83, 19.42, 21.02, 32.98, 25.5, 34.41, 7.07, 12.75, 23.72, 13.46, 14.58, 13.46, 19.53, 15.21, 5.59, 30.0], [22.85, 12.81, 27.07, 27.73, 28.86, 19.03, 25.81, 1.41, 13.89, 23.35, 35.51, 21.93, 21.95, 10.0, 36.77, 20.25, 33.14, 34.48, 36.67, 26.0, 11.05, 26.31, 19.31, 34.54, 15.81, 24.08, 16.64, 26.0, 27.59, 21.59, 38.47, 20.4, 34.06, 35.0, 30.48, 28.43, 6.4, 32.76, 20.02, 13.6, 6.0, 10.05, 17.46, 12.73, 0.0, 7.28, 26.93, 38.08, 25.63, 13.04, 32.28, 29.15, 20.81, 10.63, 2.83, 31.76, 22.8, 5.83, 21.1, 11.18, 22.2, 19.21, 20.22, 19.85, 7.07, 23.32, 17.89, 39.45, 34.18, 39.05, 7.07, 27.46, 10.77, 17.72, 36.06, 25.18, 18.79, 11.7, 43.42, 20.81, 30.41, 18.03, 12.21, 25.08, 23.0, 32.0, 21.02, 25.61, 21.54, 12.17, 26.31, 22.02, 17.8, 33.14, 25.63, 29.07, 7.28, 10.0, 28.6, 36.77, 34.67, 10.2, 14.71, 24.83, 3.2, 26.77, 3.2, 14.5, 22.59, 17.61, 30.89], [15.65, 10.44, 20.0, 27.46, 22.85, 22.47, 20.62, 6.08, 10.0, 27.31, 31.14, 15.81, 24.76, 10.63, 33.84, 16.4, 26.02, 27.46, 31.62, 31.06, 18.03, 28.16, 21.26, 29.15, 9.22, 21.1, 20.0, 19.1, 25.06, 15.65, 31.38, 22.2, 30.61, 31.14, 24.7, 22.83, 4.24, 28.32, 22.8, 18.97, 2.24, 17.26, 22.8, 11.18, 7.28, 0.0, 20.0, 32.76, 30.53, 18.68, 25.0, 23.85, 26.87, 17.2, 5.0, 24.7, 21.19, 5.39, 19.65, 18.44, 20.88, 17.72, 18.44, 24.6, 13.89, 18.68, 14.04, 32.45, 26.93, 35.47, 3.61, 31.38, 17.12, 12.21, 30.41, 18.68, 19.03, 17.03, 39.62, 17.2, 25.61, 19.03, 19.24, 30.23, 25.96, 25.08, 16.28, 19.1, 18.03, 19.0, 28.16, 20.25, 12.65, 26.02, 20.25, 22.0, 10.3, 17.12, 23.26, 31.38, 27.8, 5.0, 19.04, 17.68, 10.31, 22.64, 10.31, 9.01, 16.01, 16.77, 36.4], [5.39, 25.55, 12.65, 40.52, 21.59, 40.8, 10.63, 25.55, 16.12, 45.8, 33.73, 7.07, 34.37, 23.35, 40.11, 25.71, 14.87, 7.62, 31.62, 50.33, 36.4, 44.28, 30.27, 28.46, 11.18, 30.41, 32.0, 14.32, 34.23, 19.1, 11.7, 38.95, 36.12, 35.36, 9.49, 9.43, 21.02, 31.4, 40.5, 34.53, 22.02, 36.25, 42.43, 26.93, 26.93, 20.0, 0.0, 31.38, 49.68, 34.71, 9.43, 25.32, 46.75, 37.2, 24.19, 5.1, 33.24, 24.76, 22.14, 37.58, 33.53, 31.02, 20.88, 38.01, 33.84, 12.53, 15.13, 12.53, 9.22, 39.62, 20.12, 49.65, 34.48, 19.92, 28.23, 17.12, 34.44, 36.8, 42.45, 26.68, 28.28, 35.36, 39.12, 49.58, 43.57, 16.64, 23.35, 3.61, 16.16, 37.0, 44.28, 32.28, 12.0, 14.87, 23.02, 13.42, 25.96, 35.85, 10.82, 30.08, 7.81, 20.62, 38.24, 3.54, 30.1, 28.5, 30.1, 13.46, 16.01, 31.32, 55.9], [27.78, 25.96, 18.79, 25.08, 10.63, 36.22, 41.18, 37.58, 38.9, 39.81, 6.4, 35.51, 57.2, 43.01, 14.21, 18.44, 18.11, 32.39, 2.24, 45.89, 48.7, 32.89, 53.41, 3.61, 32.56, 17.03, 52.7, 17.49, 16.76, 17.2, 33.02, 31.4, 11.4, 9.22, 40.85, 40.72, 36.89, 7.28, 34.37, 51.43, 32.65, 47.13, 42.01, 26.68, 38.08, 32.76, 31.38, 0.0, 44.91, 50.99, 24.33, 8.94, 47.04, 42.58, 37.12, 30.81, 21.21, 32.31, 48.84, 47.8, 22.2, 23.0, 47.42, 57.31, 41.23, 41.88, 41.11, 35.01, 27.17, 11.18, 36.06, 41.76, 48.85, 20.59, 3.16, 15.62, 27.07, 39.2, 12.04, 18.25, 8.06, 29.07, 45.71, 45.71, 35.9, 15.3, 17.09, 34.44, 44.2, 49.98, 32.89, 21.1, 37.64, 18.11, 12.53, 18.03, 43.05, 47.43, 42.05, 1.41, 34.53, 28.18, 37.5, 28.4, 39.69, 12.51, 39.69, 35.71, 18.03, 25.0, 51.42], [44.6, 24.84, 44.41, 21.02, 40.72, 9.43, 51.0, 26.93, 39.4, 5.1, 39.32, 46.32, 43.05, 35.17, 35.06, 29.07, 49.93, 56.59, 42.76, 1.0, 25.08, 13.15, 42.05, 42.45, 39.66, 28.16, 38.0, 42.44, 28.28, 35.51, 60.11, 13.6, 35.06, 37.12, 55.23, 53.34, 31.78, 37.66, 10.77, 32.06, 28.3, 23.02, 8.25, 23.43, 25.63, 30.53, 49.68, 44.91, 0.0, 31.06, 51.86, 38.28, 7.62, 16.12, 28.23, 53.76, 23.77, 25.24, 46.32, 22.09, 22.8, 22.85, 45.61, 37.48, 19.42, 48.75, 43.46, 61.52, 54.56, 39.01, 32.2, 5.0, 28.02, 32.2, 44.64, 39.96, 18.38, 13.93, 43.1, 28.64, 37.36, 16.55, 17.03, 1.41, 9.06, 47.51, 31.76, 49.41, 47.17, 26.17, 13.15, 24.04, 42.94, 49.93, 36.25, 46.04, 31.78, 24.02, 53.71, 44.15, 57.38, 29.07, 11.51, 46.72, 22.94, 32.9, 22.94, 39.39, 38.42, 21.24, 6.71], [32.06, 25.81, 38.33, 39.41, 41.44, 27.86, 29.53, 13.42, 18.68, 30.81, 48.55, 28.16, 12.0, 11.4, 49.58, 33.29, 44.18, 42.2, 49.65, 31.02, 6.0, 36.25, 11.7, 47.42, 24.08, 37.01, 7.28, 37.66, 40.36, 34.18, 46.32, 30.89, 47.01, 48.01, 34.89, 32.65, 15.13, 45.79, 29.55, 1.0, 18.38, 8.06, 23.35, 25.61, 13.04, 18.68, 34.71, 50.99, 31.06, 0.0, 42.05, 42.05, 24.02, 15.52, 13.93, 39.81, 35.36, 18.87, 19.1, 9.0, 34.66, 31.83, 19.1, 7.21, 13.42, 26.42, 21.02, 46.84, 43.29, 52.01, 16.12, 34.53, 3.16, 30.46, 48.85, 37.36, 30.61, 19.31, 56.4, 33.84, 43.42, 29.41, 14.04, 30.02, 31.95, 43.57, 34.0, 32.28, 23.02, 5.1, 36.25, 34.66, 23.09, 44.18, 38.48, 40.31, 9.0, 7.07, 32.25, 49.66, 41.76, 22.85, 23.12, 33.68, 12.38, 39.81, 12.38, 21.29, 34.69, 30.05, 34.23], [10.0, 27.02, 8.06, 38.95, 16.28, 42.52, 20.0, 31.05, 24.19, 47.42, 28.02, 16.16, 43.17, 31.02, 35.36, 24.41, 6.32, 8.06, 25.08, 52.63, 42.76, 44.2, 39.05, 22.02, 18.0, 28.18, 40.31, 10.3, 31.38, 17.2, 9.49, 39.62, 31.4, 30.15, 17.8, 18.38, 27.29, 26.17, 41.73, 42.01, 26.57, 42.2, 45.49, 28.43, 32.28, 25.0, 9.43, 24.33, 51.86, 42.05, 0.0, 20.4, 50.25, 41.63, 29.83, 6.71, 31.91, 28.64, 31.38, 43.42, 32.45, 30.61, 30.08, 46.17, 38.63, 21.95, 24.04, 11.4, 3.16, 34.01, 26.31, 50.91, 41.3, 19.8, 21.21, 13.42, 34.71, 40.31, 36.12, 25.24, 23.35, 36.07, 44.01, 52.01, 44.55, 9.06, 21.63, 13.04, 25.5, 43.57, 44.2, 31.06, 20.62, 6.32, 19.31, 7.28, 33.06, 41.98, 19.8, 23.19, 10.2, 23.71, 40.92, 8.63, 35.26, 24.99, 35.26, 21.05, 13.9, 31.52, 58.41], [20.88, 17.26, 13.0, 20.52, 4.12, 29.12, 34.18, 28.64, 30.48, 33.24, 8.54, 28.23, 48.41, 34.21, 15.03, 10.0, 15.23, 28.16, 7.81, 39.22, 39.85, 27.46, 44.69, 5.39, 24.41, 10.3, 43.83, 11.05, 12.04, 8.49, 29.83, 24.7, 11.05, 10.05, 34.71, 34.21, 28.02, 6.08, 27.51, 42.49, 23.71, 38.33, 34.37, 18.11, 29.15, 23.85, 25.32, 8.94, 38.28, 42.05, 20.4, 0.0, 39.46, 34.13, 28.18, 26.02, 14.76, 23.41, 40.61, 39.05, 15.65, 15.52, 39.2, 48.37, 32.56, 34.44, 33.02, 31.78, 23.54, 14.32, 27.2, 35.78, 39.92, 11.66, 7.07, 8.25, 19.92, 31.0, 17.46, 10.05, 3.0, 21.84, 37.22, 38.9, 29.55, 12.08, 8.25, 27.89, 36.36, 41.11, 27.46, 14.32, 29.68, 15.23, 3.61, 13.15, 34.13, 38.6, 35.44, 7.62, 30.07, 19.24, 29.71, 21.97, 30.84, 5.7, 30.84, 27.41, 10.06, 17.36, 44.94], [42.01, 23.77, 43.38, 25.3, 41.23, 11.18, 46.62, 22.2, 34.67, 10.0, 42.05, 42.52, 36.01, 29.55, 39.05, 29.61, 49.24, 54.04, 45.01, 7.28, 18.03, 18.36, 35.36, 44.18, 36.07, 30.02, 31.14, 41.63, 31.14, 35.11, 57.8, 16.28, 38.33, 40.2, 51.22, 49.2, 27.2, 40.0, 13.34, 25.02, 24.76, 16.12, 5.1, 22.47, 20.81, 26.87, 46.75, 47.04, 7.62, 24.02, 50.25, 39.46, 0.0, 10.3, 23.6, 51.22, 26.02, 22.02, 40.5, 15.03, 25.02, 24.08, 39.92, 30.15, 13.89, 44.1, 38.59, 59.03, 52.7, 42.76, 27.8, 12.21, 21.1, 31.38, 46.27, 39.56, 20.0, 10.0, 47.07, 29.43, 39.12, 18.0, 10.2, 6.32, 13.42, 47.17, 32.02, 45.97, 42.06, 19.0, 18.36, 26.0, 38.6, 49.24, 36.88, 45.19, 26.0, 17.12, 49.41, 46.1, 54.56, 26.63, 9.82, 44.12, 17.76, 34.59, 17.76, 35.22, 37.62, 22.14, 10.44], [32.76, 17.0, 35.44, 25.5, 35.01, 12.53, 36.4, 12.04, 24.41, 15.3, 38.6, 32.53, 27.29, 19.31, 37.59, 24.19, 41.48, 44.65, 40.79, 16.28, 9.85, 21.1, 26.0, 39.32, 26.25, 26.25, 22.09, 33.96, 28.64, 28.16, 48.55, 16.28, 35.85, 37.34, 41.11, 39.05, 17.03, 36.14, 14.42, 16.49, 15.26, 7.62, 8.0, 16.03, 10.63, 17.2, 37.2, 42.58, 1