100
[[0.0, 11.4, 12.04, 17.49, 32.89, 41.04, 5.39, 28.18, 37.58, 30.23, 14.32, 34.66, 34.79, 13.0, 5.0, 34.0, 28.46, 7.21, 37.7, 45.97, 35.11, 18.44, 19.42, 9.0, 10.63, 32.56, 15.52, 5.1, 17.2, 22.67, 21.59, 26.42, 30.0, 22.14, 28.64, 33.96, 30.41, 28.44, 12.04, 38.29, 14.76, 7.81, 22.02, 13.34, 31.32, 12.37, 35.36, 26.25, 29.61, 28.0, 7.62, 5.0, 29.53, 10.0, 17.49, 17.03, 6.71, 33.29, 17.2, 11.7, 23.02, 32.45, 33.24, 14.0, 41.87, 2.24, 20.25, 15.23, 11.7, 13.04, 22.63, 17.12, 22.02, 10.0, 12.81, 11.66, 5.0, 15.81, 15.23, 10.3, 16.12, 13.15, 22.2, 13.0, 34.18, 38.01, 16.49, 25.55, 11.4, 35.78, 21.02, 19.42, 45.97, 19.03, 13.93, 28.16, 13.93, 13.15, 23.77, 6.4, 10.2, 14.87, 2.92, 32.53, 10.11, 23.63, 10.11, 25.04, 25.54, 11.28, 20.52], [11.4, 0.0, 8.54, 6.32, 38.05, 41.59, 9.85, 32.25, 41.59, 32.98, 25.08, 34.89, 24.33, 6.4, 12.37, 37.66, 18.11, 13.04, 47.89, 46.14, 30.61, 14.21, 23.09, 9.22, 22.02, 23.02, 12.53, 8.94, 17.72, 23.41, 16.97, 24.41, 38.08, 18.44, 39.12, 43.46, 39.56, 19.1, 11.18, 37.74, 25.61, 15.13, 30.08, 24.17, 21.1, 5.0, 32.56, 28.16, 23.85, 20.25, 18.44, 6.4, 18.38, 17.03, 28.84, 10.0, 10.44, 36.14, 23.19, 22.83, 26.31, 35.17, 24.19, 22.85, 42.95, 13.45, 19.7, 25.81, 11.18, 22.8, 24.04, 25.0, 15.26, 7.07, 17.26, 22.67, 15.0, 20.0, 13.93, 18.11, 5.1, 9.85, 33.3, 19.42, 44.29, 36.4, 7.62, 36.4, 22.36, 39.62, 14.42, 26.48, 46.14, 27.86, 25.06, 19.42, 4.47, 23.77, 19.1, 17.69, 7.62, 18.03, 12.75, 33.35, 5.59, 32.6, 5.59, 22.5, 30.52, 21.36, 25.0], [12.04, 8.54, 0.0, 10.44, 30.02, 33.12, 7.07, 24.02, 33.24, 24.52, 26.08, 26.42, 24.19, 14.76, 15.81, 29.27, 18.03, 17.46, 42.8, 37.74, 23.71, 6.71, 15.03, 15.62, 20.88, 21.19, 4.24, 7.0, 9.22, 14.87, 9.85, 16.28, 31.38, 10.82, 34.66, 37.74, 33.62, 17.09, 18.38, 29.41, 22.47, 18.97, 23.71, 25.08, 20.59, 4.0, 24.84, 19.65, 17.72, 16.03, 16.16, 8.94, 20.52, 21.19, 28.16, 5.39, 6.32, 27.66, 28.23, 23.19, 18.03, 26.68, 21.59, 17.69, 34.44, 13.04, 11.18, 22.2, 3.16, 25.08, 15.52, 18.87, 10.0, 2.24, 22.83, 20.12, 12.65, 12.37, 5.39, 21.84, 9.22, 1.41, 30.23, 13.04, 39.2, 28.32, 6.4, 32.65, 23.09, 31.26, 9.0, 19.7, 37.74, 22.2, 25.32, 16.49, 6.08, 25.02, 12.08, 16.49, 14.87, 10.2, 14.71, 24.83, 3.2, 26.77, 3.2, 14.5, 22.59, 17.61, 30.89], [17.49, 6.32, 10.44, 0.0, 40.2, 41.11, 14.87, 34.06, 43.01, 34.06, 31.38, 34.48, 18.11, 10.44, 18.68, 39.01, 12.0, 19.24, 52.7, 45.31, 27.66, 13.34, 25.32, 15.0, 28.02, 17.26, 13.0, 14.14, 19.03, 24.08, 15.23, 23.41, 41.79, 17.09, 44.2, 47.89, 43.83, 13.6, 16.28, 36.77, 31.11, 21.38, 34.01, 30.46, 15.0, 6.71, 30.53, 29.07, 20.52, 15.81, 24.08, 12.53, 12.08, 23.19, 34.99, 8.25, 15.0, 37.12, 29.02, 29.07, 28.07, 36.12, 18.68, 27.46, 42.72, 19.42, 20.1, 31.14, 13.6, 29.12, 25.02, 29.07, 12.21, 10.3, 23.02, 28.32, 20.52, 22.8, 15.03, 24.33, 1.41, 11.18, 38.9, 23.26, 49.09, 34.89, 5.1, 41.77, 28.64, 41.01, 11.66, 30.08, 45.31, 32.25, 31.3, 14.32, 4.47, 30.08, 17.0, 23.6, 13.04, 20.62, 19.04, 33.35, 9.01, 36.91, 9.01, 21.36, 32.88, 26.58, 30.41], [32.89, 38.05, 30.02, 40.2, 0.0, 17.03, 29.61, 6.32, 5.83, 8.49, 37.54, 15.65, 47.41, 43.42, 37.7, 5.1, 43.08, 39.92, 25.32, 21.1, 29.07, 27.89, 15.0, 41.48, 30.61, 42.54, 27.29, 30.59, 21.21, 17.09, 27.86, 21.63, 11.05, 26.0, 23.54, 19.1, 16.03, 39.81, 44.64, 18.97, 25.46, 39.81, 13.45, 36.88, 44.28, 34.01, 24.41, 12.53, 30.81, 35.36, 27.78, 34.71, 47.43, 41.59, 34.06, 32.56, 28.44, 7.62, 48.02, 34.83, 12.17, 8.06, 41.34, 20.25, 16.03, 31.38, 20.88, 24.04, 27.0, 40.0, 15.81, 16.64, 31.95, 31.02, 45.19, 27.02, 28.23, 18.11, 25.18, 41.18, 39.12, 29.07, 27.29, 19.92, 23.02, 21.93, 35.36, 25.63, 35.61, 5.1, 31.62, 13.89, 21.1, 16.97, 35.38, 38.01, 36.06, 37.64, 27.73, 30.02, 41.98, 20.02, 35.19, 13.73, 32.52, 15.44, 32.52, 23.07, 7.57, 24.13, 51.97], [41.04, 41.59, 33.12, 41.11, 17.03, 0.0, 36.24, 15.81, 12.65, 12.08, 49.93, 6.71, 41.3, 47.89, 46.01, 12.0, 39.01, 48.17, 42.3, 5.0, 18.68, 27.86, 22.02, 48.01, 42.72, 36.22, 29.07, 37.01, 24.41, 18.6, 25.96, 17.72, 28.0, 24.04, 40.2, 36.12, 33.0, 35.0, 51.04, 5.1, 38.91, 48.8, 28.16, 49.09, 39.05, 36.67, 13.34, 14.87, 24.02, 30.0, 38.6, 40.8, 44.05, 50.91, 47.85, 32.89, 34.83, 10.2, 58.0, 46.87, 18.6, 10.44, 34.37, 32.25, 2.24, 40.31, 21.95, 37.58, 31.06, 51.4, 18.44, 29.07, 29.61, 34.99, 53.81, 39.45, 37.54, 25.5, 27.78, 50.93, 40.5, 31.76, 42.72, 29.21, 40.05, 8.54, 36.06, 41.77, 47.43, 12.17, 29.83, 26.4, 5.0, 31.02, 48.02, 33.0, 38.08, 49.65, 24.52, 40.61, 47.71, 26.17, 43.85, 8.51, 36.28, 31.18, 36.28, 19.78, 19.14, 35.93, 61.52], [5.39, 9.85, 7.07, 14.87, 29.61, 36.24, 0.0, 24.35, 33.84, 25.94, 19.03, 29.73, 30.87, 14.0, 10.0, 30.08, 24.6, 12.04, 38.08, 41.11, 29.73, 13.15, 15.23, 12.08, 13.93, 28.16, 10.2, 1.0, 12.04, 17.69, 16.28, 21.1, 28.44, 16.76, 29.41, 33.62, 29.73, 24.04, 15.23, 33.24, 16.28, 13.04, 20.4, 18.03, 27.31, 8.6, 30.02, 21.63, 24.33, 23.09, 9.43, 5.1, 26.4, 15.26, 21.19, 12.37, 1.41, 29.07, 22.47, 16.12, 18.79, 28.18, 28.64, 13.0, 37.2, 6.0, 15.0, 16.28, 6.32, 18.25, 17.8, 15.3, 17.03, 5.39, 17.69, 13.6, 5.83, 11.7, 9.85, 15.65, 13.45, 8.0, 24.08, 10.0, 34.48, 32.8, 12.53, 26.91, 16.03, 31.95, 16.03, 17.03, 41.11, 18.03, 18.25, 23.54, 10.63, 18.0, 18.44, 9.49, 12.37, 10.3, 8.28, 27.72, 6.1, 22.77, 6.1, 19.68, 22.07, 11.72, 25.61], [28.18, 32.25, 24.02, 34.06, 6.32, 15.81, 24.35, 0.0, 9.49, 4.0, 34.83, 12.04, 41.18, 37.85, 33.12, 5.83, 36.77, 35.36, 28.79, 20.62, 23.85, 21.59, 9.22, 36.4, 27.66, 36.36, 21.1, 25.3, 15.03, 10.77, 21.54, 15.62, 13.93, 19.7, 25.02, 22.47, 18.68, 33.54, 39.56, 16.0, 23.32, 35.51, 12.37, 34.06, 38.01, 28.02, 19.7, 6.4, 24.84, 29.15, 24.08, 29.41, 41.11, 37.44, 32.25, 26.31, 23.09, 5.83, 44.2, 31.89, 6.0, 5.39, 35.23, 17.03, 15.65, 26.93, 14.56, 21.95, 21.1, 36.77, 9.49, 13.6, 25.63, 25.18, 40.82, 24.21, 23.85, 12.65, 19.03, 37.2, 33.02, 23.0, 26.93, 15.26, 25.96, 18.25, 29.15, 26.17, 32.56, 7.62, 25.3, 10.82, 20.62, 15.23, 32.8, 31.76, 30.0, 34.71, 21.47, 26.25, 36.69, 14.32, 30.7, 9.62, 26.67, 15.57, 26.67, 16.92, 3.35, 20.89, 48.01], [37.58, 41.59, 33.24, 43.01, 5.83, 12.65, 33.84, 9.49, 0.0, 9.06, 43.14, 13.45, 48.1, 47.3, 42.49, 4.0, 44.38, 44.72, 30.02, 16.03, 27.8, 30.07, 18.68, 45.88, 36.12, 43.08, 30.02, 34.79, 24.08, 19.03, 29.43, 22.14, 16.49, 27.46, 29.12, 24.02, 21.38, 40.8, 49.04, 15.81, 31.14, 44.78, 19.21, 42.45, 45.22, 37.22, 22.67, 14.04, 30.87, 36.06, 33.02, 38.9, 49.03, 46.65, 39.82, 35.01, 32.57, 6.32, 53.25, 40.36, 15.3, 7.28, 41.63, 25.61, 11.18, 36.24, 23.02, 29.73, 30.41, 45.45, 18.0, 22.02, 33.54, 34.53, 50.12, 32.56, 33.12, 22.14, 28.07, 46.32, 42.05, 32.14, 33.12, 24.6, 28.07, 19.21, 38.0, 31.38, 41.11, 2.0, 33.38, 19.21, 16.03, 22.67, 41.01, 38.9, 39.12, 43.19, 28.86, 35.23, 46.17, 23.77, 40.03, 12.35, 36.0, 21.27, 36.0, 23.9, 12.09, 29.52, 57.14], [30.23, 32.98, 24.52, 34.06, 8.49, 12.08, 25.94, 4.0, 9.06, 0.0, 38.01, 8.06, 39.4, 38.9, 35.23, 5.1, 35.44, 37.44, 32.57, 17.0, 20.62, 21.02, 10.82, 38.01, 30.81, 34.44, 21.1, 26.83, 15.3, 10.0, 20.4, 13.42, 17.72, 18.44, 29.02, 26.25, 22.56, 31.95, 41.15, 12.0, 26.83, 37.8, 16.28, 37.2, 36.4, 28.44, 16.12, 5.0, 22.47, 27.31, 26.91, 30.87, 40.02, 39.82, 35.78, 26.0, 24.6, 3.16, 46.75, 35.0, 7.21, 2.24, 33.12, 20.25, 12.21, 29.21, 14.0, 25.5, 21.84, 39.7, 9.06, 17.0, 24.52, 25.96, 43.01, 27.46, 26.25, 14.42, 19.24, 39.7, 33.14, 23.35, 30.81, 17.69, 29.83, 14.32, 29.02, 30.15, 35.61, 7.07, 24.33, 14.32, 17.0, 18.97, 36.06, 30.08, 30.27, 37.8, 19.92, 29.0, 38.08, 15.65, 32.9, 5.7, 27.41, 19.56, 27.41, 15.04, 7.16, 24.01, 50.45], [14.32, 25.08, 26.08, 31.38, 37.54, 49.93, 19.03, 34.83, 43.14, 38.01, 0.0, 44.29, 49.04, 24.21, 13.04, 40.36, 42.72, 13.45, 32.0, 54.92, 47.85, 32.02, 28.18, 18.44, 7.21, 46.87, 29.02, 19.1, 28.86, 33.24, 35.06, 38.33, 30.41, 35.23, 23.09, 30.59, 28.46, 42.76, 19.85, 48.3, 12.21, 11.31, 24.21, 1.0, 45.61, 26.68, 47.13, 35.36, 43.1, 42.11, 11.7, 18.97, 43.46, 10.82, 6.08, 31.26, 20.0, 40.61, 13.0, 3.16, 31.38, 40.0, 47.52, 17.8, 50.22, 13.04, 32.02, 13.6, 25.02, 4.12, 32.7, 21.26, 36.06, 24.19, 14.32, 10.63, 14.14, 25.08, 28.16, 9.43, 30.08, 27.02, 15.03, 21.02, 29.07, 48.85, 30.81, 19.03, 3.0, 41.73, 35.06, 24.08, 54.92, 20.62, 2.24, 42.43, 28.16, 1.41, 37.12, 10.2, 20.62, 25.3, 12.35, 41.86, 24.42, 23.51, 24.42, 37.37, 31.56, 14.01, 17.03], [34.66, 34.89, 26.42, 34.48, 15.65, 6.71, 29.73, 12.04, 13.45, 8.06, 44.29, 0.0, 35.9, 41.18, 39.6, 10.82, 33.06, 41.73, 40.52, 11.4, 14.42, 21.19, 16.12, 41.4, 37.12, 30.81, 22.36, 30.48, 17.8, 12.04, 19.42, 11.18, 25.71, 17.46, 37.05, 34.21, 30.59, 29.15, 44.41, 4.12, 33.84, 42.45, 24.08, 43.42, 33.38, 29.97, 9.22, 8.94, 18.44, 24.19, 32.76, 34.21, 38.01, 44.6, 42.72, 26.25, 28.32, 8.06, 51.74, 41.18, 13.0, 7.62, 29.12, 26.93, 8.25, 34.06, 15.26, 32.57, 24.41, 45.49, 12.04, 24.04, 23.19, 28.3, 47.38, 34.01, 31.4, 19.42, 21.1, 44.69, 33.84, 25.06, 38.47, 23.32, 37.85, 6.32, 29.41, 38.05, 41.68, 12.04, 23.35, 21.59, 11.4, 26.48, 42.49, 27.17, 31.38, 43.91, 18.11, 34.67, 41.05, 19.85, 37.5, 2.55, 29.58, 27.5, 29.58, 13.24, 15.01, 30.42, 55.17], [34.79, 24.33, 24.19, 18.11, 47.41, 41.3, 30.87, 41.18, 48.1, 39.4, 49.04, 35.9, 0.0, 28.02, 36.67, 44.38, 6.32, 37.34, 65.76, 44.01, 23.0, 21.21, 34.83, 33.06, 44.78, 5.1, 23.43, 30.46, 28.32, 30.53, 20.0, 26.0, 52.63, 21.63, 58.26, 60.14, 55.9, 7.81, 34.01, 36.22, 46.65, 39.46, 45.97, 48.08, 3.61, 22.47, 28.07, 34.89, 17.46, 12.08, 40.25, 30.08, 7.62, 41.3, 52.0, 18.87, 30.41, 41.79, 47.01, 46.49, 36.06, 40.85, 7.0, 41.4, 43.42, 36.4, 27.2, 46.32, 26.63, 47.07, 31.91, 41.77, 16.28, 25.5, 41.01, 44.29, 36.67, 33.94, 25.5, 42.43, 19.24, 23.85, 54.38, 36.24, 62.24, 33.06, 18.38, 56.61, 46.17, 46.24, 16.97, 41.73, 44.01, 45.34, 48.7, 9.43, 20.88, 47.8, 19.72, 40.31, 31.02, 31.83, 36.75, 36.06, 24.88, 49.5, 24.88, 24.38, 41.46, 41.76, 48.09], [13.0, 6.4, 14.76, 10.44, 43.42, 47.89, 14.0, 37.85, 47.3, 38.9, 24.21, 41.18, 28.02, 0.0, 11.31, 43.42, 22.2, 10.82, 50.7, 52.48, 36.88, 20.62, 28.64, 5.83, 23.02, 27.66, 18.87, 13.0, 23.77, 29.55, 23.35, 30.81, 42.3, 24.84, 41.63, 46.84, 43.17, 24.04, 6.0, 44.1, 27.73, 13.04, 34.23, 23.43, 25.18, 11.4, 38.95, 34.18, 30.0, 25.94, 20.62, 9.06, 21.1, 14.32, 29.0, 16.28, 15.03, 42.06, 19.1, 22.63, 32.02, 41.11, 29.12, 26.48, 49.19, 15.23, 25.94, 28.23, 17.09, 21.1, 30.08, 29.15, 21.4, 13.0, 13.15, 24.6, 17.72, 25.32, 20.12, 15.65, 9.85, 16.12, 34.99, 24.0, 47.17, 42.8, 13.6, 38.47, 21.93, 45.35, 20.62, 31.02, 52.48, 31.58, 24.76, 24.7, 10.63, 22.8, 25.46, 19.24, 3.61, 23.54, 12.9, 39.58, 11.63, 36.28, 11.63, 28.9, 35.85, 24.19, 20.1], [5.0, 12.37, 15.81, 18.68, 37.7, 46.01, 10.0, 33.12, 42.49, 35.23, 13.04, 39.6, 36.67, 11.31, 0.0, 38.95, 30.41, 2.24, 40.52, 50.93, 39.4, 22.47, 24.41, 5.83, 12.08, 35.06, 19.7, 9.43, 22.02, 27.59, 25.63, 31.06, 34.13, 26.4, 31.32, 37.34, 34.06, 31.02, 8.25, 43.19, 17.46, 3.16, 26.31, 12.21, 33.38, 15.03, 39.96, 31.24, 33.53, 31.26, 11.0, 7.07, 30.68, 5.39, 17.69, 20.22, 11.4, 38.28, 12.53, 11.31, 28.02, 37.44, 36.0, 18.25, 46.86, 6.32, 25.0, 18.25, 16.12, 10.44, 27.59, 21.59, 25.5, 13.6, 7.81, 14.32, 9.49, 20.81, 19.72, 6.08, 17.46, 17.09, 24.17, 17.89, 37.11, 42.8, 19.0, 27.86, 10.63, 40.71, 24.52, 24.04, 50.93, 23.09, 13.45, 31.02, 16.03, 11.66, 27.86, 9.06, 7.81, 19.85, 2.55, 37.5, 13.24, 27.5, 13.24, 29.58, 30.42, 15.01, 15.62], [34.0, 37.66, 29.27, 39.01, 5.1, 12.0, 30.08, 5.83, 4.0, 5.1, 40.36, 10.82, 44.38, 43.42, 38.95, 0.0, 40.52, 41.18, 30.41, 16.28, 24.76, 26.08, 14.87, 42.15, 33.24, 39.4, 26.02, 31.02, 20.1, 15.03, 25.5, 18.38, 16.0, 23.54, 28.28, 24.19, 21.0, 37.0, 45.31, 13.93, 28.6, 41.34, 17.0, 39.62, 41.44, 33.24, 19.85, 10.05, 27.29, 32.31, 29.83, 35.11, 45.12, 43.27, 37.44, 31.02, 28.79, 2.83, 50.0, 37.48, 11.4, 3.61, 38.01, 22.63, 11.18, 32.76, 19.03, 27.2, 26.48, 42.45, 14.0, 19.1, 29.61, 30.59, 46.65, 29.73, 29.68, 18.38, 24.08, 43.01, 38.05, 28.16, 31.38, 21.1, 28.07, 17.0, 34.0, 30.08, 38.18, 2.0, 29.43, 16.28, 16.28, 20.25, 38.29, 35.11, 35.13, 40.31, 25.0, 32.02, 42.38, 19.92, 36.53, 9.19, 32.07, 19.61, 32.07, 20.08, 8.85, 26.52, 53.82], [28.46, 18.11, 18.03, 12.0, 43.08, 39.01, 24.6, 36.77, 44.38, 35.44, 42.72, 33.06, 6.32, 22.2, 30.41, 40.52, 0.0, 31.14, 60.14, 42.3, 21.84, 15.81, 29.68, 27.0, 38.48, 5.83, 17.69, 24.17, 23.02, 26.0, 15.23, 22.36, 47.43, 17.09, 52.4, 54.67, 50.45, 4.12, 28.16, 34.06, 40.5, 33.24, 40.46, 41.76, 3.0, 16.16, 26.31, 30.68, 15.13, 9.06, 34.0, 23.77, 5.1, 35.13, 45.69, 12.81, 24.19, 38.08, 41.01, 40.16, 31.3, 37.11, 7.81, 35.47, 41.0, 30.08, 22.36, 40.22, 20.62, 40.79, 27.31, 36.07, 11.18, 19.24, 35.01, 38.08, 30.41, 28.43, 19.85, 36.22, 13.04, 17.8, 48.26, 30.41, 56.59, 31.26, 12.08, 50.61, 39.85, 42.45, 11.66, 36.24, 42.3, 39.6, 42.38, 6.08, 14.56, 41.48, 15.52, 34.01, 25.02, 26.25, 30.44, 32.81, 18.58, 43.89, 18.58, 20.5, 36.68, 35.64, 42.3], [7.21, 13.04, 17.46, 19.24, 39.92, 48.17, 12.04, 35.36, 44.72, 37.44, 13.45, 41.73, 37.34, 10.82, 2.24, 41.18, 31.14, 0.0, 42.2, 53.08, 41.15, 24.17, 26.63, 5.0, 13.6, 36.0, 21.47, 11.4, 24.08, 29.7, 27.31, 33.02, 36.22, 28.18, 32.98, 39.2, 36.01, 32.02, 6.71, 45.28, 19.24, 2.24, 28.44, 12.73, 34.13, 16.28, 41.88, 33.42, 35.11, 32.56, 13.04, 8.54, 31.05, 4.0, 18.6, 21.59, 13.45, 40.5, 10.77, 12.21, 30.23, 39.66, 37.05, 20.4, 49.04, 8.54, 27.02, 20.1, 18.03, 10.3, 29.73, 23.77, 26.93, 15.23, 5.66, 16.12, 11.7, 23.02, 21.63, 5.1, 18.11, 18.79, 25.63, 20.12, 38.83, 44.82, 20.1, 29.41, 11.4, 42.94, 25.96, 26.25, 53.08, 25.18, 14.21, 32.14, 17.03, 12.04, 29.55, 11.0, 7.21, 22.02, 4.74, 39.65, 14.71, 29.54, 14.71, 31.48, 32.65, 17.07, 13.6], [37.7, 47.89, 42.8, 52.7, 25.32, 42.3, 38.08, 28.79, 30.02, 32.57, 32.0, 40.52, 65.76, 50.7, 40.52, 30.41, 60.14, 42.2, 0.0, 46.04, 52.33, 44.55, 31.4, 46.17, 28.64, 61.62, 42.45, 38.95, 37.54, 36.89, 46.1, 43.05, 14.87, 44.82, 9.22, 6.32, 10.3, 58.0, 48.76, 44.15, 23.09, 40.79, 19.85, 32.02, 62.23, 46.04, 48.47, 34.44, 51.87, 54.67, 30.08, 42.05, 63.25, 41.44, 26.02, 47.51, 37.74, 32.76, 45.0, 31.14, 31.38, 32.98, 61.07, 25.24, 41.11, 35.47, 39.2, 22.47, 39.82, 36.01, 35.51, 24.08, 49.52, 42.44, 45.4, 26.25, 33.11, 31.83, 40.31, 40.31, 51.31, 42.64, 17.03, 29.83, 3.61, 46.84, 49.2, 13.04, 32.14, 30.15, 48.8, 24.08, 46.04, 20.62, 30.02, 56.64, 48.26, 33.02, 47.01, 31.62, 47.76, 33.94, 38.27, 38.27, 43.68, 16.26, 43.68, 43.68, 26.61, 26.61, 49.01], [45.97, 46.14, 37.74, 45.31, 21.1, 5.0, 41.11, 20.62, 16.03, 17.0, 54.92, 11.4, 44.01, 52.48, 50.93, 16.28, 42.3, 53.08, 46.04, 0.0, 21.02, 32.2, 27.02, 52.8, 47.71, 39.0, 33.62, 41.87, 29.21, 23.43, 30.08, 21.93, 32.14, 28.23, 44.55, 40.0, 37.12, 38.21, 55.8, 8.54, 43.83, 53.74, 32.89, 54.08, 42.05, 41.18, 16.03, 19.85, 27.17, 33.24, 43.6, 45.61, 47.38, 55.87, 52.77, 37.16, 39.7, 14.87, 62.97, 51.87, 23.6, 15.23, 37.01, 37.22, 5.1, 45.28, 26.63, 42.49, 35.81, 56.4, 23.35, 34.0, 33.53, 39.66, 58.73, 44.42, 42.52, 30.48, 32.45, 55.9, 44.78, 36.36, 47.43, 34.21, 44.01, 11.05, 40.31, 46.32, 52.43, 16.03, 33.84, 31.3, 0.0, 35.85, 53.0, 36.22, 42.49, 54.64, 28.46, 45.61, 52.43, 31.11, 48.79, 13.44, 40.92, 35.78, 40.92, 23.96, 23.96, 40.92, 66.47], [35.11, 30.61, 23.71, 27.66, 29.07, 18.68, 29.73, 23.85, 27.8, 20.62, 47.85, 14.42, 23.0, 36.88, 39.4, 24.76, 21.84, 41.15, 52.33, 21.02, 0.0, 17.0, 22.36, 39.12, 41.3, 18.03, 19.7, 30.08, 19.1, 16.28, 13.89, 10.05, 37.59, 13.0, 47.13, 46.07, 42.05, 17.72, 41.62, 13.6, 40.01, 42.54, 33.53, 46.87, 21.21, 25.81, 5.39, 17.89, 7.21, 13.0, 36.35, 32.65, 26.93, 44.78, 48.09, 20.62, 28.46, 21.93, 51.89, 44.72, 21.19, 21.21, 16.0, 33.06, 20.88, 35.44, 16.03, 39.05, 23.41, 47.8, 17.46, 31.4, 15.56, 25.94, 46.53, 39.05, 33.73, 24.02, 19.92, 45.31, 27.59, 22.36, 46.39, 28.0, 49.24, 10.2, 23.35, 47.07, 44.91, 26.25, 16.28, 29.83, 21.02, 34.71, 46.53, 15.81, 26.25, 47.07, 11.66, 37.66, 38.01, 23.02, 37.98, 15.57, 26.67, 37.32, 26.67, 10.55, 25.71, 35.51, 54.59], [18.44, 14.21, 6.71, 13.34, 27.89, 27.86, 13.15, 21.59, 30.07, 21.02, 32.02, 21.19, 21.21, 20.62, 22.47, 26.08, 15.81, 24.17, 44.55, 32.2, 17.0, 0.0, 13.89, 22.2, 26.17, 17.2, 3.0, 13.34, 7.21, 11.05, 3.16, 10.3, 31.62, 4.24, 37.2, 38.95, 34.71, 13.45, 24.84, 23.71, 26.57, 25.63, 24.76, 31.02, 17.69, 9.22, 18.38, 16.03, 11.18, 10.77, 21.21, 15.65, 19.7, 27.86, 33.38, 5.1, 12.04, 24.0, 34.93, 29.0, 15.81, 23.0, 17.0, 20.59, 29.41, 19.1, 7.07, 26.0, 7.0, 31.4, 12.17, 20.62, 5.0, 8.94, 29.53, 24.74, 18.03, 12.73, 4.47, 28.46, 12.65, 5.39, 34.01, 15.26, 41.04, 22.2, 8.25, 35.85, 29.02, 28.07, 4.24, 20.52, 32.2, 24.21, 31.02, 12.21, 10.3, 31.06, 5.39, 22.02, 21.26, 10.63, 21.22, 20.01, 9.71, 28.29, 9.71, 8.32, 21.08, 21.66, 37.59], [19.42, 23.09, 15.03, 25.32, 15.0, 22.02, 15.23, 9.22, 18.68, 10.82, 28.18, 16.12, 34.83, 28.64, 24.41, 14.87, 29.68, 26.63, 31.4, 27.02, 22.36, 13.89, 0.0, 27.31, 21.02, 30.41, 12.65, 16.16, 6.71, 6.08, 14.87, 12.37, 17.8, 13.45, 25.08, 25.5, 21.26, 27.02, 30.46, 20.12, 18.25, 27.02, 11.66, 27.29, 31.4, 19.03, 20.02, 7.21, 20.59, 23.35, 16.64, 20.25, 33.54, 29.07, 26.93, 18.03, 13.93, 13.89, 36.07, 25.06, 3.61, 13.04, 29.73, 11.18, 22.63, 18.44, 7.81, 17.12, 12.0, 29.41, 5.0, 9.06, 18.6, 16.03, 32.2, 18.03, 15.56, 3.61, 10.44, 29.0, 24.19, 14.14, 24.08, 7.21, 28.02, 20.88, 20.62, 24.74, 25.55, 16.76, 18.03, 7.62, 27.02, 12.37, 26.4, 25.5, 21.1, 27.78, 15.62, 18.6, 27.51, 5.1, 22.1, 13.73, 17.53, 15.44, 17.53, 12.54, 7.57, 14.4, 39.7], [9.0, 9.22, 15.62, 15.0, 41.48, 48.01, 12.08, 36.4, 45.88, 38.01, 18.44, 41.4, 33.06, 5.83, 5.83, 42.15, 27.0, 5.0, 46.17, 52.8, 39.12, 22.2, 27.31, 0.0, 17.89, 32.14, 19.85, 11.18, 23.6, 29.41, 25.24, 31.83, 39.0, 26.4, 37.0, 42.76, 39.32, 28.28, 3.16, 44.69, 23.09, 7.21, 31.02, 17.69, 30.0, 13.42, 40.46, 33.62, 32.65, 29.41, 16.28, 7.21, 26.48, 8.54, 23.43, 18.79, 13.42, 41.15, 14.04, 17.03, 30.87, 40.25, 33.38, 23.0, 49.09, 11.05, 26.25, 23.77, 17.03, 15.26, 29.68, 26.08, 24.17, 13.45, 8.06, 19.92, 14.0, 23.77, 20.52, 9.85, 14.04, 17.03, 29.97, 21.59, 42.72, 43.84, 16.76, 33.62, 16.28, 44.01, 23.26, 28.28, 52.8, 28.02, 19.1, 28.64, 13.6, 17.03, 27.46, 14.56, 2.24, 22.36, 7.91, 39.53, 12.5, 32.6, 12.5, 30.1, 34.0, 20.16, 15.81], [10.63, 22.02, 20.88, 28.02, 30.61, 42.72, 13.93, 27.66, 36.12, 30.81, 7.21, 37.12, 44.78, 23.02, 12.08, 33.24, 38.48, 13.6, 28.64, 47.71, 41.3, 26.17, 21.02, 17.89, 0.0, 42.06, 23.19, 14.32, 22.2, 26.25, 29.07, 31.58, 24.35, 29.0, 19.42, 26.0, 23.19, 37.95, 20.25, 41.15, 6.08, 12.17, 17.49, 6.4, 41.23, 22.36, 40.26, 28.18, 37.01, 36.67, 5.0, 15.62, 39.96, 13.0, 7.28, 26.25, 14.56, 33.42, 18.03, 4.24, 24.19, 32.8, 42.45, 10.63, 43.01, 8.6, 25.32, 7.28, 19.24, 9.43, 25.63, 14.14, 30.59, 19.31, 17.0, 3.61, 8.25, 18.03, 22.02, 12.04, 26.63, 21.59, 12.08, 13.93, 25.32, 41.79, 26.4, 15.81, 5.0, 34.66, 29.61, 16.97, 47.71, 13.89, 5.39, 37.36, 24.19, 7.07, 31.02, 4.47, 19.72, 18.44, 10.12, 34.68, 19.91, 17.39, 19.91, 30.76, 24.42, 6.8, 22.14], [32.56, 23.02, 21.19, 17.26, 42.54, 36.22, 28.16, 36.36, 43.08, 34.44, 46.87, 30.81, 5.1, 27.66, 35.06, 39.4, 5.83, 36.0, 61.62, 39.0, 18.03, 17.2, 30.41, 32.14, 42.06, 0.0, 19.72, 27.89, 24.08, 25.81, 15.56, 21.02, 48.17, 17.03, 54.41, 55.87, 51.62, 4.12, 33.54, 31.14, 43.38, 38.01, 41.77, 45.89, 3.61, 20.22, 23.02, 30.02, 12.37, 7.21, 37.34, 28.16, 10.0, 40.0, 49.34, 15.81, 27.51, 36.77, 46.17, 44.15, 31.4, 35.85, 2.24, 37.74, 38.33, 33.96, 22.67, 42.94, 23.26, 45.28, 27.2, 37.8, 12.21, 22.8, 40.2, 41.23, 33.84, 29.83, 21.63, 41.01, 18.11, 20.62, 51.0, 32.45, 58.14, 28.02, 16.12, 53.0, 43.93, 41.23, 13.04, 37.54, 39.0, 41.4, 46.32, 5.0, 19.03, 45.71, 15.0, 37.64, 30.27, 27.8, 34.79, 30.99, 22.46, 45.39, 22.46, 19.47, 36.8, 38.46, 47.68], [15.52, 12.53, 4.24, 13.0, 27.29, 29.07, 10.2, 21.1, 30.02, 21.1, 29.02, 22.36, 23.43, 18.87, 19.7, 26.02, 17.69, 21.47, 42.45, 33.62, 19.7, 3.0, 12.65, 19.85, 23.19, 19.72, 0.0, 10.44, 6.08, 11.18, 6.08, 12.04, 30.02, 6.71, 34.83, 37.01, 32.8, 15.81, 22.63, 25.24, 23.77, 22.85, 22.8, 28.02, 19.85, 7.62, 20.62, 16.12, 14.14, 13.6, 18.25, 13.04, 21.1, 25.08, 30.41, 5.39, 9.06, 24.19, 32.2, 26.0, 15.13, 23.19, 19.7, 18.03, 30.46, 16.12, 7.28, 23.26, 4.0, 28.44, 12.04, 18.38, 7.62, 6.4, 26.93, 21.84, 15.03, 10.82, 2.24, 25.63, 12.04, 2.83, 31.3, 12.81, 38.9, 24.08, 8.06, 33.29, 26.02, 28.02, 6.71, 18.6, 33.62, 21.93, 28.02, 14.76, 9.22, 28.07, 8.25, 19.03, 19.1, 8.6, 18.34, 20.89, 7.43, 26.2, 7.43, 10.26, 20.13, 18.85, 34.99], [5.1, 8.94, 7.0, 14.14, 30.59, 37.01, 1.0, 25.3, 34.79, 26.83, 19.1, 30.48, 30.46, 13.0, 9.43, 31.02, 24.17, 11.4, 38.95, 41.87, 30.08, 13.34, 16.16, 11.18, 14.32, 27.89, 10.44, 0.0, 12.73, 18.44, 16.49, 21.63, 29.43, 17.09, 30.23, 34.54, 30.68, 23.77, 14.32, 33.94, 16.97, 12.53, 21.38, 18.11, 26.93, 8.06, 30.53, 22.47, 24.52, 23.02, 10.0, 4.12, 25.81, 14.76, 21.54, 12.17, 2.24, 29.97, 21.95, 16.28, 19.7, 29.07, 28.44, 13.93, 38.01, 6.08, 15.62, 17.03, 6.71, 18.11, 18.6, 16.28, 17.0, 5.1, 17.03, 14.21, 6.4, 12.65, 10.3, 15.23, 12.73, 8.06, 24.76, 11.0, 35.36, 33.42, 12.08, 27.66, 16.12, 32.89, 16.0, 18.03, 41.87, 18.97, 18.44, 23.35, 10.0, 18.03, 18.68, 9.85, 11.4, 11.18, 7.91, 28.5, 5.59, 23.72, 5.59, 20.16, 23.05, 12.5, 25.0], [17.2, 17.72, 9.22, 19.03, 21.21, 24.41, 12.04, 15.03, 24.08, 15.3, 28.86, 17.8, 28.32, 23.77, 22.02, 20.1, 23.02, 24.08, 37.54, 29.21, 19.1, 7.21, 6.71, 23.6, 22.2, 24.08, 6.08, 12.73, 0.0, 5.83, 8.6, 9.49, 24.41, 7.62, 30.53, 31.83, 27.59, 20.52, 26.63, 21.21, 21.21, 25.0, 17.69, 27.89, 24.84, 13.15, 18.38, 10.44, 15.52, 17.2, 17.26, 16.4, 26.83, 27.2, 29.02, 11.4, 10.63, 18.44, 34.41, 25.71, 9.06, 17.46, 23.6, 14.56, 25.55, 17.0, 3.16, 20.4, 6.71, 29.15, 6.32, 13.89, 12.04, 10.77, 29.73, 20.0, 14.87, 5.83, 4.0, 27.46, 18.0, 8.06, 28.16, 9.22, 34.06, 20.81, 14.14, 29.55, 25.96, 22.09, 11.4, 13.45, 29.21, 17.49, 27.46, 19.1, 15.03, 28.16, 9.85, 18.68, 23.32, 4.12, 20.11, 15.95, 12.18, 21.32, 12.18, 8.56, 14.08, 16.53, 37.64], [22.67, 23.41, 14.87, 24.08, 17.09, 18.6, 17.69, 10.77, 19.03, 10.0, 33.24, 12.04, 30.53, 29.55, 27.59, 15.03, 26.0, 29.7, 36.89, 23.43, 16.28, 11.05, 6.08, 29.41, 26.25, 25.81, 11.18, 18.44, 5.83, 0.0, 10.77, 6.32, 22.67, 8.94, 31.02, 30.81, 26.63, 22.83, 32.45, 15.62, 24.08, 30.48, 17.46, 32.31, 27.29, 18.68, 14.14, 5.0, 15.0, 18.6, 21.54, 22.2, 30.36, 32.65, 32.56, 16.0, 16.28, 13.04, 39.82, 30.08, 5.66, 12.04, 24.84, 17.03, 19.72, 22.2, 4.0, 23.02, 12.53, 34.0, 1.41, 15.13, 14.87, 16.55, 35.36, 23.54, 19.72, 8.25, 9.49, 32.8, 23.19, 13.6, 30.15, 12.37, 33.62, 15.65, 19.03, 30.81, 30.46, 17.03, 14.56, 13.6, 23.43, 18.44, 31.62, 21.1, 20.4, 32.7, 10.82, 23.26, 29.15, 8.06, 25.54, 10.12, 17.92, 21.27, 17.92, 6.8, 11.01, 19.91, 43.19], [21.59, 16.97, 9.85, 15.23, 27.86, 25.96, 16.28, 21.54, 29.43, 20.4, 35.06, 19.42, 20.0, 23.35, 25.63, 25.5, 15.23, 27.31, 46.1, 30.08, 13.89, 3.16, 14.87, 25.24, 29.07, 15.56, 6.08, 16.49, 8.6, 10.77, 0.0, 8.25, 32.65, 2.0, 39.12, 40.31, 36.07, 12.21, 27.8, 21.54, 29.12, 28.79, 26.25, 34.06, 16.64, 12.04, 15.62, 15.52, 8.06, 8.6, 24.08, 18.79, 19.65, 31.02, 36.22, 7.21, 15.13, 23.19, 38.08, 32.02, 16.12, 22.2, 15.0, 22.85, 27.66, 22.2, 7.21, 28.46, 10.05, 34.53, 12.08, 22.47, 4.12, 12.08, 32.65, 27.46, 21.0, 14.42, 7.07, 31.62, 14.76, 8.54, 36.4, 17.46, 42.64, 19.72, 10.3, 38.01, 32.06, 27.46, 4.0, 22.02, 30.08, 26.08, 34.0, 10.63, 12.81, 34.13, 2.24, 25.0, 24.21, 12.53, 24.38, 18.56, 12.78, 29.91, 12.78, 6.18, 21.52, 24.25, 40.71], [26.42, 24.41, 16.28, 23.41, 21.63, 17.72, 21.1, 15.62, 22.14, 13.42, 38.33, 11.18, 26.0, 30.81, 31.06, 18.38, 22.36, 33.02, 43.05, 21.93, 10.05, 10.3, 12.37, 31.83, 31.58, 21.02, 12.04, 21.63, 9.49, 6.32, 8.25, 0.0, 28.6, 6.32, 37.34, 36.89, 32.76, 18.68, 34.66, 13.42, 30.0, 34.13, 23.77, 37.36, 23.09, 19.42, 8.94, 9.22, 9.22, 13.93, 26.68, 24.84, 27.17, 36.36, 38.21, 15.23, 19.72, 15.81, 43.57, 35.17, 11.66, 14.87, 19.72, 23.02, 19.42, 26.4, 6.32, 29.02, 15.0, 38.63, 7.62, 21.38, 12.04, 18.38, 38.6, 29.15, 24.35, 14.0, 11.4, 36.72, 22.85, 14.87, 36.35, 18.03, 39.82, 12.04, 18.38, 37.11, 35.44, 20.25, 12.17, 19.92, 21.93, 24.74, 36.88, 16.76, 20.59, 37.64, 7.0, 28.16, 31.14, 13.15, 29.33, 10.51, 19.47, 27.58, 19.47, 2.06, 16.71, 25.58, 46.62], [30.0, 38.08, 31.38, 41.79, 11.05, 28.0, 28.44, 13.93, 16.49, 17.72, 30.41, 25.71, 52.63, 42.3, 34.13, 16.0, 47.43, 36.22, 14.87, 32.14, 37.59, 31.62, 17.8, 39.0, 24.35, 48.17, 30.02, 29.43, 24.41, 22.67, 32.65, 28.6, 0.0, 31.14, 12.65, 8.54, 5.0, 44.82, 42.01, 29.43, 18.38, 35.51, 8.06, 29.97, 49.2, 35.11, 33.62, 19.72, 37.64, 41.04, 23.19, 33.24, 51.11, 36.88, 25.81, 35.36, 27.66, 18.11, 42.38, 28.23, 17.03, 18.25, 47.38, 16.0, 27.07, 28.02, 25.5, 17.09, 28.23, 33.62, 21.26, 13.15, 36.4, 31.62, 40.79, 20.88, 25.0, 19.24, 27.78, 36.14, 40.5, 30.87, 17.69, 18.68, 12.17, 32.02, 37.58, 15.26, 29.15, 16.12, 35.81, 11.7, 32.14, 11.05, 28.18, 43.28, 37.34, 30.87, 33.24, 25.32, 40.05, 21.47, 31.6, 23.42, 33.05, 6.96, 33.05, 29.45, 11.93, 19.16, 46.49], [22.14, 18.44, 10.82, 17.09, 26.0, 24.04, 16.76, 19.7, 27.46, 18.44, 35.23, 17.46, 21.63, 24.84, 26.4, 23.54, 17.09, 28.18, 44.82, 28.23, 13.0, 4.24, 13.45, 26.4, 29.0, 17.03, 6.71, 17.09, 7.62, 8.94, 2.0, 6.32, 31.14, 0.0, 38.08, 38.95, 34.71, 13.89, 29.07, 19.7, 28.64, 29.55, 25.0, 34.23, 18.36, 13.45, 14.14, 13.6, 8.06, 9.9, 24.0, 19.72, 21.59, 31.78, 36.06, 8.94, 15.52, 21.21, 38.91, 32.14, 14.42, 20.22, 16.28, 22.14, 25.71, 22.56, 5.66, 27.89, 10.44, 34.93, 10.3, 21.47, 6.08, 13.04, 33.62, 27.17, 21.1, 13.42, 7.07, 32.31, 16.55, 9.43, 35.74, 16.76, 41.4, 18.03, 12.08, 37.16, 32.25, 25.5, 6.0, 20.81, 28.23, 25.06, 34.06, 12.21, 14.42, 34.37, 2.24, 25.08, 25.5, 11.7, 24.99, 16.57, 13.9, 28.71, 13.9, 4.27, 19.83, 23.84, 41.68], [28.64, 39.12, 34.66, 44.2, 23.54, 40.2, 29.41, 25.02, 29.12, 29.02, 23.09, 37.05, 58.26, 41.63, 31.32, 28.28, 52.4, 32.98, 9.22, 44.55, 47.13, 37.2, 25.08, 37.0, 19.42, 54.41, 34.83, 30.23, 30.53, 31.02, 39.12, 37.34, 12.65, 38.08, 0.0, 8.06, 8.06, 50.61, 39.56, 41.01, 13.93, 31.58, 13.6, 23.02, 54.67, 37.64, 43.93, 29.61, 45.62, 47.71, 21.02, 33.12, 55.17, 32.25, 17.26, 39.62, 29.21, 30.07, 36.06, 22.02, 25.96, 30.02, 54.08, 16.97, 39.46, 26.4, 32.65, 13.42, 31.83, 27.02, 29.73, 16.64, 42.2, 34.06, 36.22, 17.09, 24.19, 24.7, 32.8, 31.14, 42.8, 34.66, 8.06, 22.02, 6.0, 43.19, 41.04, 4.12, 23.02, 28.64, 41.4, 17.46, 44.55, 13.04, 21.02, 49.41, 39.82, 24.02, 40.31, 22.47, 38.63, 26.63, 29.09, 34.59, 35.22, 9.82, 35.22, 37.62, 22.14, 17.76, 40.11], [33.96, 43.46, 37.74, 47.89, 19.1, 36.12, 33.62, 22.47, 24.02, 26.25, 30.59, 34.21, 60.14, 46.84, 37.34, 24.19, 54.67, 39.2, 6.32, 40.0, 46.07, 38.95, 25.5, 42.76, 26.0, 55.87, 37.01, 34.54, 31.83, 30.81, 40.31, 36.89, 8.54, 38.95, 8.06, 0.0, 4.24, 52.35, 45.54, 37.85, 20.02, 38.05, 14.21, 30.41, 56.64, 41.18, 42.15, 28.18, 45.8, 48.84, 26.48, 37.95, 58.01, 39.0, 25.0, 42.2, 33.11, 26.48, 43.42, 29.15, 25.24, 26.68, 55.23, 20.62, 35.01, 31.78, 33.3, 19.1, 34.67, 34.37, 29.41, 18.87, 43.86, 37.59, 43.0, 23.09, 29.12, 26.25, 34.83, 38.01, 46.53, 37.44, 15.81, 24.7, 4.12, 40.52, 44.1, 12.08, 30.15, 24.02, 43.19, 18.44, 40.0, 15.65, 28.44, 50.91, 43.42, 31.4, 41.11, 28.28, 44.15, 28.43, 34.94, 31.95, 38.91, 10.98, 38.91, 37.61, 20.35, 22.68, 47.52], [30.41, 39.56, 33.62, 43.83, 16.03, 33.0, 29.73, 18.68, 21.38, 22.56, 28.46, 30.59, 55.9, 43.17, 34.06, 21.0, 50.45, 36.01, 10.3, 37.12, 42.05, 34.71, 21.26, 39.32, 23.19, 51.62, 32.8, 30.68, 27.59, 26.63, 36.07, 32.76, 5.0, 34.71, 8.06, 4.24, 0.0, 48.1, 42.19, 34.37, 17.12, 35.01, 10.0, 28.16, 52.4, 37.12, 38.28, 24.17, 41.62, 44.6, 23.09, 34.21, 53.82, 36.12, 23.26, 38.01, 29.15, 23.09, 41.0, 26.68, 21.1, 23.19, 50.99, 16.76, 32.06, 28.28, 29.07, 16.03, 30.53, 32.02, 25.24, 14.76, 39.62, 33.54, 40.11, 20.02, 25.5, 22.02, 30.61, 35.23, 42.49, 33.29, 14.42, 20.59, 7.28, 36.88, 39.96, 11.31, 27.66, 21.1, 38.95, 14.21, 37.12, 11.7, 26.25, 46.67, 39.36, 29.12, 36.88, 25.02, 40.61, 24.21, 31.6, 28.26, 34.89, 6.96, 34.89, 33.43, 16.35, 19.16, 45.12], [28.44, 19.1, 17.09, 13.6, 39.81, 35.0, 24.04, 33.54, 40.8, 31.95, 42.76, 29.15, 7.81, 24.04, 31.02, 37.0, 4.12, 32.02, 58.0, 38.21, 17.72, 13.45, 27.02, 28.28, 37.95, 4.12, 15.81, 23.77, 20.52, 22.83, 12.21, 18.68, 44.82, 13.89, 50.61, 52.35, 48.1, 0.0, 29.83, 30.02, 39.36, 34.0, 38.18, 41.77, 4.47, 16.12, 22.2, 27.31, 11.05, 5.0, 33.24, 24.08, 9.22, 36.01, 45.22, 11.7, 23.41, 34.48, 42.3, 40.02, 28.3, 33.53, 5.1, 33.84, 37.01, 29.83, 19.42, 38.95, 19.24, 41.19, 24.19, 34.06, 8.49, 18.68, 36.35, 37.16, 29.73, 26.17, 17.8, 37.0, 14.32, 16.55, 47.01, 28.6, 54.49, 27.17, 12.04, 49.09, 39.81, 38.9, 9.22, 33.94, 38.21, 37.64, 42.2, 2.0, 15.0, 41.59, 12.08, 33.53, 26.48, 24.08, 30.7, 29.03, 18.34, 41.74, 18.34, 16.92, 33.71, 34.44, 43.93], [12.04, 11.18, 18.38, 16.28, 44.64, 51.04, 15.23, 39.56, 49.04, 41.15, 19.85, 44.41, 34.01, 6.0, 8.25, 45.31, 28.16, 6.71, 48.76, 55.8, 41.62, 24.84, 30.46, 3.16, 20.25, 33.54, 22.63, 14.32, 26.63, 32.45, 27.8, 34.66, 42.01, 29.07, 39.56, 45.54, 42.19, 29.83, 0.0, 47.63, 25.71, 8.6, 34.06, 19.21, 31.14, 15.81, 43.19, 36.72, 34.99, 31.38, 19.1, 10.3, 27.07, 9.22, 25.24, 21.1, 16.55, 44.28, 13.15, 18.87, 34.01, 43.38, 34.93, 26.02, 52.15, 14.0, 29.21, 26.48, 20.0, 16.28, 32.76, 29.15, 26.42, 16.28, 7.28, 22.56, 17.03, 26.93, 23.43, 10.63, 15.52, 19.8, 32.31, 24.74, 45.35, 46.69, 18.79, 36.06, 18.03, 47.17, 25.55, 31.4, 55.8, 31.0, 20.81, 30.36, 15.65, 18.44, 30.0, 17.26, 3.61, 25.5, 10.61, 42.57, 15.21, 35.53, 15.21, 32.88, 37.17, 23.05, 14.14], [38.29, 37.74, 29.41, 36.77, 18.97, 5.1, 33.24, 16.0, 15.81, 12.0, 48.3, 4.12, 36.22, 44.1, 43.19, 13.93, 34.06, 45.28, 44.15, 8.54, 13.6, 23.71, 20.12, 44.69, 41.15, 31.14, 25.24, 33.94, 21.21, 15.62, 21.54, 13.42, 29.43, 19.7, 41.01, 37.85, 34.37, 30.02, 47.63, 0.0, 37.95, 46.1, 28.16, 47.41, 34.01, 32.76, 8.25, 13.0, 19.0, 25.02, 36.72, 37.54, 39.12, 48.27, 46.82, 28.64, 31.83, 11.4, 55.44, 45.18, 17.09, 11.18, 29.27, 31.02, 7.28, 37.8, 18.44, 36.69, 27.66, 49.4, 15.81, 28.16, 25.0, 31.4, 50.93, 38.08, 35.23, 23.32, 24.21, 48.41, 36.25, 28.02, 42.58, 27.29, 41.59, 3.61, 31.78, 42.11, 45.65, 14.76, 25.3, 25.71, 8.54, 30.59, 46.52, 28.02, 34.0, 47.89, 19.92, 38.59, 44.2, 23.6, 41.16, 6.67, 32.61, 31.54, 32.61, 15.44, 19.06, 34.47, 58.8], [14.76, 25.61, 22.47, 31.11, 25.46, 38.91, 16.28, 23.32, 31.14, 26.83, 12.21, 33.84, 46.65, 27.73, 17.46, 28.6, 40.5, 19.24, 23.09, 43.83, 40.01, 26.57, 18.25, 23.09, 6.08, 43.38, 23.77, 16.97, 21.21, 24.08, 29.12, 30.0, 18.38, 28.64, 13.93, 20.02, 17.12, 39.36, 25.71, 37.95, 0.0, 18.03, 12.04, 11.66, 43.05, 24.84, 38.21, 25.0, 36.67, 37.34, 7.21, 19.42, 42.64, 19.03, 8.94, 27.78, 16.4, 29.15, 24.04, 9.85, 20.88, 28.65, 43.46, 7.07, 38.95, 12.53, 24.08, 1.41, 20.12, 15.23, 23.19, 9.85, 31.38, 21.4, 23.02, 3.16, 10.63, 16.0, 22.14, 18.11, 29.7, 22.83, 7.81, 12.04, 19.65, 39.05, 28.6, 10.82, 10.77, 29.83, 30.46, 12.53, 43.83, 8.49, 10.0, 38.48, 26.91, 12.53, 30.81, 8.54, 24.7, 17.12, 15.18, 31.31, 22.34, 11.42, 22.34, 29.57, 19.98, 4.92, 28.16], [7.81, 15.13, 18.97, 21.38, 39.81, 48.8, 13.04, 35.51, 44.78, 37.8, 11.31, 42.45, 39.46, 13.04, 3.16, 41.34, 33.24, 2.24, 40.79, 53.74, 42.54, 25.63, 27.02, 7.21, 12.17, 38.01, 22.85, 12.53, 25.0, 30.48, 28.79, 34.13, 35.51, 29.55, 31.58, 38.05, 35.01, 34.0, 8.6, 46.1, 18.03, 0.0, 27.89, 10.63, 36.22, 18.11, 43.05, 33.97, 36.69, 34.37, 12.37, 10.2, 33.24, 2.24, 16.64, 23.35, 14.42, 40.8, 9.43, 10.3, 30.61, 40.0, 39.01, 19.92, 49.58, 8.6, 28.02, 19.0, 19.24, 8.06, 30.41, 23.41, 28.64, 16.76, 5.39, 15.0, 11.66, 23.43, 22.83, 3.0, 20.22, 20.25, 24.04, 20.25, 37.48, 45.8, 22.02, 27.89, 9.43, 43.05, 27.66, 26.0, 53.74, 24.52, 12.21, 34.06, 19.0, 9.9, 31.02, 10.2, 9.43, 22.63, 4.95, 40.31, 16.38, 28.71, 16.38, 32.68, 32.68, 16.38, 12.73], [22.02, 30.08, 23.71, 34.01, 13.45, 28.16, 20.4, 12.37, 19.21, 16.28, 24.21, 24.08, 45.97, 34.23, 26.31, 17.0, 40.46, 28.44, 19.85, 32.89, 33.53, 24.76, 11.66, 31.02, 17.49, 41.77, 22.8, 21.38, 17.69, 17.46, 26.25, 23.77, 8.06, 25.0, 13.6, 14.21, 10.0, 38.18, 34.06, 28.16, 12.04, 27.89, 0.0, 23.6, 42.45, 27.31, 30.41, 16.12, 32.25, 34.83, 15.52, 25.18, 43.83, 29.41, 20.62, 28.02, 19.65, 18.03, 35.34, 21.63, 12.37, 17.72, 41.23, 8.06, 27.86, 20.1, 19.42, 10.63, 20.59, 26.93, 16.16, 5.1, 29.7, 23.77, 33.24, 13.89, 17.03, 12.04, 20.62, 28.79, 32.7, 23.32, 14.56, 10.77, 16.4, 30.0, 30.02, 14.0, 22.47, 18.03, 29.0, 4.24, 32.89, 3.61, 22.02, 36.8, 29.55, 24.41, 27.2, 17.72, 32.02, 14.21, 23.76, 21.55, 25.16, 3.81, 25.16, 24.15, 9.12, 11.54, 39.4], [13.34, 24.17, 25.08, 30.46, 36.88, 49.09, 18.03, 34.06, 42.45, 37.2, 1.0, 43.42, 48.08, 23.43, 12.21, 39.62, 41.76, 12.73, 32.02, 54.08, 46.87, 31.02, 27.29, 17.69, 6.4, 45.89, 28.02, 18.11, 27.89, 32.31, 34.06, 37.36, 29.97, 34.23, 23.02, 30.41, 28.16, 41.77, 19.21, 47.41, 11.66, 10.63, 23.6, 0.0, 44.64, 25.71, 46.17, 34.48, 42.11, 41.11, 10.77, 18.03, 42.54, 10.3, 6.32, 30.27, 19.0, 39.82, 13.04, 2.24, 30.53, 39.2, 46.53, 17.03, 49.41, 12.04, 31.05, 13.04, 24.02, 4.0, 31.78, 20.52, 35.06, 23.19, 13.93, 9.9, 13.15, 24.17, 27.17, 8.94, 29.15, 26.02, 15.0, 20.12, 29.02, 47.93, 29.83, 19.0, 2.0, 41.01, 34.06, 23.35, 54.08, 20.0, 2.0, 41.44, 27.2, 1.0, 36.12, 9.22, 19.85, 24.35, 11.42, 40.99, 23.44, 23.03, 23.44, 36.39, 30.81, 13.2, 17.12], [31.32, 21.1, 20.59, 15.0, 44.28, 39.05, 27.31, 38.01, 45.22, 36.4, 45.61, 33.38, 3.61, 25.18, 33.38, 41.44, 3.0, 34.13, 62.23, 42.05, 21.21, 17.69, 31.4, 30.0, 41.23, 3.61, 19.85, 26.93, 24.84, 27.29, 16.64, 23.09, 49.2, 18.36, 54.67, 56.64, 52.4, 4.47, 31.14, 34.01, 43.05, 36.22, 42.45, 44.64, 0.0, 18.97, 26.02, 31.78, 15.03, 9.22, 36.67, 26.68, 6.4, 38.12, 48.47, 15.26, 26.83, 38.9, 44.01, 43.01, 32.76, 37.95, 5.83, 37.8, 41.11, 32.89, 23.85, 42.72, 23.02, 43.74, 28.65, 38.21, 12.81, 21.93, 38.01, 40.71, 33.11, 30.41, 21.93, 39.2, 16.03, 20.25, 50.77, 32.65, 58.69, 31.02, 14.87, 53.01, 42.72, 43.32, 13.45, 38.21, 42.05, 41.77, 45.22, 6.32, 17.46, 44.38, 16.55, 36.77, 28.02, 28.28, 33.35, 33.35, 21.36, 45.96, 21.36, 21.36, 38.16, 38.16, 45.28], [12.37, 5.0, 4.0, 6.71, 34.01, 36.67, 8.6, 28.02, 37.22, 28.44, 26.68, 29.97, 22.47, 11.4, 15.03, 33.24, 16.16, 16.28, 46.04, 41.18, 25.81, 9.22, 19.03, 13.42, 22.36, 20.22, 7.62, 8.06, 13.15, 18.68, 12.04, 19.42, 35.11, 13.45, 37.64, 41.18, 37.12, 16.12, 15.81, 32.76, 24.84, 18.11, 27.31, 25.71, 18.97, 0.0, 27.59, 23.54, 19.24, 16.28, 18.03, 8.0, 17.8, 20.22, 29.55, 5.39, 8.49, 31.58, 26.93, 24.04, 22.02, 30.59, 21.02, 20.81, 38.08, 13.93, 14.87, 24.76, 7.07, 25.08, 19.42, 22.36, 10.77, 3.61, 21.19, 22.2, 14.42, 16.28, 9.22, 21.1, 5.39, 5.1, 32.65, 16.55, 42.44, 31.4, 4.12, 35.36, 23.77, 35.23, 9.85, 23.41, 41.18, 25.55, 26.25, 16.0, 2.24, 25.5, 14.21, 17.89, 12.21, 14.14, 14.58, 28.5, 2.5, 30.21, 2.5, 17.5, 26.58, 20.16, 29.15], [35.36, 32.56, 24.84, 30.53, 24.41, 13.34, 30.02, 19.7, 22.67, 16.12, 47.13, 9.22, 28.07, 38.95, 39.96, 19.85, 26.31, 41.88, 48.47, 16.03, 5.39, 18.38, 20.02, 40.46, 40.26, 23.02, 20.62, 30.53, 18.38, 14.14, 15.62, 8.94, 33.62, 14.14, 43.93, 42.15, 38.28, 22.2, 43.19, 8.25, 38.21, 43.05, 30.41, 46.17, 26.02, 27.59, 0.0, 14.32, 11.18, 17.26, 35.44, 33.6, 31.4, 45.28, 46.69, 22.8, 28.65, 17.03, 52.48, 43.97, 18.11, 16.4, 21.1, 31.14, 15.52, 35.34, 15.23, 37.12, 23.85, 47.54, 15.03, 29.0, 18.36, 27.02, 47.43, 37.66, 33.24, 22.36, 20.25, 45.65, 30.23, 23.43, 44.01, 26.48, 45.54, 5.0, 25.81, 44.28, 44.27, 21.21, 18.87, 27.07, 16.03, 32.06, 45.61, 20.22, 28.43, 46.49, 13.6, 37.0, 39.62, 21.84, 38.27, 10.7, 27.99, 34.12, 27.99, 10.4, 21.98, 34.03, 55.47], [26.25, 28.16, 19.65, 29.07, 12.53, 14.87, 21.63, 6.4, 14.04, 5.0, 35.36, 8.94, 34.89, 34.18, 31.24, 10.05, 30.68, 33.42, 34.44, 19.85, 17.89, 16.03, 7.21, 33.62, 28.18, 30.02, 16.12, 22.47, 10.44, 5.0, 15.52, 9.22, 19.72, 13.6, 29.61, 28.18, 24.17, 27.31, 36.72, 13.0, 25.0, 33.97, 16.12, 34.48, 31.78, 23.54, 14.32, 0.0, 18.44, 22.83, 23.85, 26.42, 35.17, 36.07, 33.84, 21.0, 20.25, 8.06, 43.14, 32.25, 4.12, 7.07, 28.84, 18.03, 15.62, 25.46, 9.0, 23.77, 17.09, 36.62, 4.12, 15.3, 19.65, 21.19, 39.05, 25.08, 22.67, 10.63, 14.32, 36.07, 28.16, 18.44, 30.07, 14.42, 31.38, 14.14, 24.02, 30.07, 32.76, 12.04, 19.42, 13.04, 19.85, 18.03, 33.54, 25.5, 25.32, 34.99, 15.23, 25.81, 33.54, 11.4, 29.03, 6.52, 22.61, 19.81, 22.61, 10.55, 7.83, 21.48, 46.69], [29.61, 23.85, 17.72, 20.52, 30.81, 24.02, 24.33, 24.84, 30.87, 22.47, 43.1, 18.44, 17.46, 30.0, 33.53, 27.29, 15.13, 35.11, 51.87, 27.17, 7.21, 11.18, 20.59, 32.65, 37.01, 12.37, 14.14, 24.52, 15.52, 15.0, 8.06, 9.22, 37.64, 8.06, 45.62, 45.8, 41.62, 11.05, 34.99, 19.0, 36.67, 36.69, 32.25, 42.11, 15.03, 19.24, 11.18, 18.44, 0.0, 6.08, 32.02, 26.57, 20.22, 38.9, 44.1, 13.89, 23.19, 24.6, 45.88, 40.05, 20.62, 23.71, 10.77, 30.08, 26.08, 30.27, 13.0, 35.9, 18.11, 42.58, 16.4, 29.15, 8.6, 19.92, 40.31, 35.23, 29.02, 21.19, 15.0, 39.56, 20.52, 16.49, 43.68, 24.74, 48.55, 16.12, 16.4, 44.94, 40.11, 29.07, 9.43, 28.18, 27.17, 32.7, 42.01, 9.06, 19.42, 42.19, 6.0, 33.02, 31.38, 19.65, 32.38, 18.67, 20.43, 36.03, 20.43, 8.2, 25.83, 31.89, 48.33], [28.0, 20.25, 16.03, 15.81, 35.36, 30.0, 23.09, 29.15, 36.06, 27.31, 42.11, 24.19, 12.08, 25.94, 31.26, 32.31, 9.06, 32.56, 54.67, 33.24, 13.0, 10.77, 23.35, 29.41, 36.67, 7.21, 13.6, 23.02, 17.2, 18.6, 8.6, 13.93, 41.04, 9.9, 47.71, 48.84, 44.6, 5.0, 31.38, 25.02, 37.34, 34.37, 34.83, 41.11, 9.22, 16.28, 17.26, 22.83, 6.08, 0.0, 31.78, 24.19, 14.14, 36.5, 43.93, 11.05, 22.2, 29.73, 43.17, 39.2, 24.21, 28.79, 6.4, 31.3, 32.02, 29.07, 15.56, 36.77, 17.46, 41.01, 20.0, 31.06, 6.08, 18.0, 37.36, 35.44, 28.44, 23.02, 15.23, 37.34, 16.12, 15.13, 44.78, 25.94, 51.22, 22.2, 12.65, 46.53, 39.12, 34.18, 7.07, 30.61, 33.24, 34.67, 41.3, 3.0, 15.81, 41.05, 7.81, 32.39, 27.86, 21.1, 30.54, 24.14, 18.06, 38.5, 18.06, 12.3, 29.6, 32.42, 45.22], [7.62, 18.44, 16.16, 24.08, 27.78, 38.6, 9.43, 24.08, 33.02, 26.91, 11.7, 32.76, 40.25, 20.62, 11.0, 29.83, 34.0, 13.04, 30.08, 43.6, 36.35, 21.21, 16.64, 16.28, 5.0, 37.34, 18.25, 10.0, 17.26, 21.54, 24.08, 26.68, 23.19, 24.0, 21.02, 26.48, 23.09, 33.24, 19.1, 36.72, 7.21, 12.37, 15.52, 10.77, 36.67, 18.03, 35.44, 23.85, 32.02, 31.78, 0.0, 12.21, 35.81, 13.93, 12.17, 21.54, 9.85, 29.7, 20.25, 8.54, 20.0, 29.0, 37.64, 7.62, 39.05, 5.39, 20.4, 7.62, 14.32, 12.81, 21.02, 11.18, 25.71, 14.76, 17.72, 4.24, 3.61, 13.42, 17.03, 13.42, 22.67, 16.76, 14.87, 9.43, 26.57, 37.16, 21.95, 18.03, 8.94, 31.4, 24.74, 13.89, 43.6, 12.17, 10.2, 32.57, 20.0, 11.18, 26.02, 2.24, 17.72, 13.6, 8.51, 30.37, 15.53, 16.51, 15.53, 25.81, 21.01, 4.03, 24.19], [5.0, 6.4, 8.94, 12.53, 34.71, 40.8, 5.1, 29.41, 38.9, 30.87, 18.97, 34.21, 30.08, 9.06, 7.07, 35.11, 23.77, 8.54, 42.05, 45.61, 32.65, 15.65, 20.25, 7.21, 15.62, 28.16, 13.04, 4.12, 16.4, 22.2, 18.79, 24.84, 33.24, 19.72, 33.12, 37.95, 34.21, 24.08, 10.3, 37.54, 19.42, 10.2, 25.18, 18.03, 26.68, 8.0, 33.6, 26.42, 26.57, 24.19, 12.21, 0.0, 24.6, 12.37, 22.47, 13.15, 6.32, 34.01, 19.31, 16.55, 23.77, 33.11, 29.02, 17.46, 41.88, 7.07, 19.1, 19.72, 9.9, 17.12, 22.47, 20.1, 18.44, 6.71, 13.89, 16.4, 8.94, 16.76, 13.45, 13.15, 11.18, 10.3, 27.02, 15.03, 38.48, 36.8, 12.04, 30.23, 16.16, 37.0, 17.46, 22.0, 45.61, 22.56, 18.79, 24.0, 9.22, 17.72, 21.02, 11.31, 7.28, 15.23, 6.67, 32.32, 6.18, 27.29, 6.18, 23.2, 27.17, 15.44, 21.95], [29.53, 18.38, 20.52, 12.08, 47.43, 44.05, 26.4, 41.11, 49.03, 40.02, 43.46, 38.01, 7.62, 21.1, 30.68, 45.12, 5.1, 31.05, 63.25, 47.38, 26.93, 19.7, 33.54, 26.48, 39.96, 10.0, 21.1, 25.81, 26.83, 30.36, 19.65, 27.17, 51.11, 21.59, 55.17, 58.01, 53.82, 9.22, 27.07, 39.12, 42.64, 33.24, 43.83, 42.54, 6.4, 17.8, 31.4, 35.17, 20.22, 14.14, 35.81, 24.6, 0.0, 34.93, 47.01, 15.81, 26.25, 42.76, 40.2, 41.15, 35.47, 41.77, 12.21, 38.21, 46.01, 31.38, 26.57, 42.52, 23.43, 41.11, 31.62, 39.2, 15.52, 21.26, 34.23, 40.0, 32.2, 31.91, 23.32, 36.14, 13.42, 20.62, 50.45, 33.42, 59.67, 36.35, 14.14, 53.08, 40.72, 47.07, 15.81, 39.66, 47.38, 42.64, 43.38, 11.18, 15.81, 42.15, 20.22, 35.51, 24.33, 29.68, 31.12, 37.66, 20.3, 47.1, 20.3, 25.24, 40.77, 37.91, 41.0], [10.0, 17.03, 21.19, 23.19, 41.59, 50.91, 15.26, 37.44, 46.65, 39.82, 10.82, 44.6, 41.3, 14.32, 5.39, 43.27, 35.13, 4.0, 41.44, 55.87, 44.78, 27.86, 29.07, 8.54, 13.0, 40.0, 25.08, 14.76, 27.2, 32.65, 31.02, 36.36, 36.88, 31.78, 32.25, 39.0, 36.12, 36.01, 9.22, 48.27, 19.03, 2.24, 29.41, 10.3, 38.12, 20.22, 45.28, 36.07, 38.9, 36.5, 13.93, 12.37, 34.93, 0.0, 16.