100
[[0.0, 19.85, 3.16, 9.0, 42.95, 23.26, 26.08, 28.6, 25.24, 23.41, 29.83, 41.11, 26.08, 35.78, 24.04, 37.36, 21.19, 2.83, 43.42, 27.46, 9.22, 17.46, 19.31, 43.38, 16.03, 27.89, 30.46, 22.56, 28.32, 12.17, 11.7, 17.12, 3.16, 29.15, 7.07, 7.81, 7.0, 34.67, 41.05, 9.22, 10.3, 35.69, 39.7, 32.31, 36.24, 33.62, 28.44, 31.06, 33.84, 18.68, 17.03, 7.28, 3.0, 9.49, 25.08, 42.15, 20.62, 38.01, 36.25, 39.12, 44.72, 10.82, 25.32, 28.46, 44.69, 16.16, 39.05, 36.4, 10.82, 30.81, 18.11, 45.69, 26.17, 22.83, 34.13, 32.76, 52.2, 15.0, 41.44, 11.66, 0.0, 17.12, 17.09, 14.14, 17.49, 46.14, 34.37, 46.75, 23.41, 15.23, 40.22, 42.95, 37.36, 37.58, 15.62, 25.06, 12.08, 18.44, 24.08, 18.97, 11.18, 19.31, 7.78, 36.2, 18.82, 20.26, 18.82, 31.29, 26.54, 8.9, 19.31], [19.85, 0.0, 17.2, 15.52, 27.29, 6.71, 7.07, 10.2, 6.08, 11.4, 17.89, 24.0, 21.4, 17.26, 4.47, 31.14, 7.81, 20.25, 36.12, 29.12, 27.8, 22.2, 32.02, 24.74, 33.12, 16.12, 13.04, 19.31, 8.94, 13.04, 17.46, 11.18, 17.2, 21.26, 26.91, 27.66, 25.0, 15.23, 21.47, 29.0, 29.73, 20.88, 19.85, 29.15, 17.46, 18.11, 18.03, 31.95, 14.32, 11.18, 14.14, 26.25, 17.69, 25.06, 24.35, 24.19, 1.0, 18.36, 33.29, 19.7, 25.96, 9.85, 16.28, 12.65, 24.84, 9.22, 28.3, 32.2, 23.77, 32.57, 11.4, 27.46, 6.71, 5.39, 14.87, 20.62, 32.45, 6.08, 24.02, 21.21, 19.85, 13.6, 7.07, 23.54, 28.64, 26.93, 26.17, 26.91, 11.4, 19.03, 20.59, 27.29, 31.14, 34.67, 23.19, 9.49, 26.0, 36.36, 14.21, 21.59, 18.68, 6.71, 20.8, 16.81, 18.74, 11.51, 18.74, 16.62, 7.16, 11.24, 38.01], [3.16, 17.2, 0.0, 6.08, 41.44, 21.19, 23.71, 25.61, 22.83, 20.25, 26.68, 39.29, 23.19, 33.62, 21.26, 37.34, 19.42, 3.16, 43.32, 28.43, 12.37, 15.26, 21.84, 41.23, 19.1, 24.74, 28.46, 22.47, 25.46, 9.06, 12.21, 16.03, 0.0, 28.64, 10.0, 10.63, 10.05, 32.25, 38.59, 12.21, 13.42, 34.23, 37.01, 32.65, 34.01, 30.46, 25.32, 32.02, 31.38, 15.52, 16.49, 10.44, 3.61, 12.17, 25.55, 40.16, 18.03, 35.51, 36.72, 36.72, 42.54, 7.81, 22.2, 26.68, 42.01, 13.0, 38.33, 36.67, 13.0, 31.89, 17.03, 43.66, 23.35, 20.62, 31.76, 29.61, 49.65, 12.04, 39.56, 9.9, 3.16, 14.04, 15.3, 15.81, 19.7, 43.83, 33.96, 44.05, 20.25, 15.81, 37.74, 41.44, 37.34, 38.08, 17.03, 21.95, 14.56, 21.59, 23.02, 16.55, 12.04, 17.46, 9.62, 33.8, 19.01, 17.1, 19.01, 29.77, 23.69, 6.02, 22.47], [9.0, 15.52, 6.08, 0.0, 42.0, 21.02, 22.56, 22.02, 21.59, 15.26, 21.19, 39.2, 17.12, 32.76, 18.79, 40.71, 20.1, 7.28, 46.52, 33.24, 18.11, 9.9, 27.89, 40.26, 25.02, 19.31, 28.16, 26.08, 22.47, 3.61, 17.03, 18.38, 6.08, 31.38, 14.87, 15.23, 16.0, 30.68, 36.77, 17.09, 18.68, 35.06, 34.48, 36.62, 32.98, 25.55, 19.65, 36.77, 29.73, 10.3, 19.72, 16.12, 9.49, 18.25, 29.83, 39.62, 16.49, 33.62, 40.8, 35.11, 41.48, 6.0, 16.49, 27.0, 39.45, 8.49, 40.52, 40.5, 18.97, 36.8, 19.31, 42.95, 20.59, 20.1, 30.36, 24.04, 47.41, 9.49, 39.32, 6.08, 9.0, 8.25, 16.28, 21.47, 25.63, 42.38, 36.77, 41.34, 15.26, 20.52, 35.85, 42.0, 40.71, 42.2, 22.47, 17.69, 20.62, 27.29, 25.0, 10.82, 17.2, 18.11, 15.51, 32.26, 23.11, 11.85, 23.11, 30.57, 20.84, 5.85, 27.89], [42.95, 27.29, 41.44, 42.0, 0.0, 21.02, 20.62, 28.65, 21.59, 36.4, 40.31, 5.0, 47.17, 12.21, 26.25, 19.92, 22.09, 44.55, 20.0, 30.61, 47.54, 49.5, 44.2, 10.44, 49.74, 39.36, 14.32, 24.41, 25.94, 40.11, 33.62, 25.96, 41.44, 17.69, 49.04, 50.0, 44.94, 16.4, 16.12, 50.6, 50.33, 7.28, 20.81, 24.19, 12.81, 36.4, 41.59, 30.53, 17.2, 38.08, 26.93, 46.82, 40.02, 42.95, 26.87, 7.62, 26.31, 17.03, 25.63, 15.0, 11.18, 36.0, 41.23, 15.0, 21.54, 36.5, 11.4, 23.41, 40.25, 31.91, 25.0, 9.0, 26.0, 22.09, 15.81, 41.88, 22.0, 33.14, 5.83, 48.01, 42.95, 40.79, 26.17, 37.22, 40.8, 14.14, 16.12, 23.09, 36.4, 31.76, 16.64, 0.0, 19.92, 26.25, 35.51, 32.7, 42.06, 53.34, 19.31, 48.84, 34.93, 24.08, 39.27, 15.57, 28.04, 37.98, 28.04, 11.67, 26.2, 36.55, 55.95], [23.26, 6.71, 21.19, 21.02, 21.02, 0.0, 4.12, 13.6, 4.0, 17.69, 23.6, 18.25, 28.02, 12.53, 8.06, 25.0, 3.16, 24.35, 29.7, 25.08, 29.83, 28.64, 31.3, 20.12, 34.06, 22.02, 7.28, 15.03, 11.18, 19.1, 17.2, 8.94, 21.19, 15.26, 30.02, 30.89, 27.02, 12.04, 18.38, 31.91, 32.2, 14.32, 18.36, 23.77, 13.04, 22.47, 24.08, 27.46, 11.4, 17.89, 11.7, 28.6, 20.59, 26.17, 20.1, 18.97, 5.83, 15.62, 27.73, 16.28, 21.47, 15.03, 22.67, 6.08, 23.02, 15.81, 21.63, 26.42, 24.21, 28.28, 8.54, 22.47, 9.49, 1.41, 11.31, 26.08, 29.7, 12.17, 18.44, 27.0, 23.26, 20.25, 6.4, 22.83, 27.73, 23.02, 19.85, 25.24, 17.69, 17.46, 17.69, 21.02, 25.0, 29.07, 21.93, 15.0, 26.4, 37.54, 8.54, 28.16, 18.6, 4.24, 21.92, 13.44, 15.79, 18.18, 15.79, 9.96, 9.96, 15.79, 39.6], [26.08, 7.07, 23.71, 22.56, 20.62, 4.12, 0.0, 10.3, 1.0, 16.12, 21.21, 17.03, 26.83, 10.2, 5.83, 27.78, 7.28, 26.83, 32.02, 29.02, 33.24, 29.07, 35.34, 17.72, 37.8, 19.85, 6.32, 19.0, 7.62, 20.1, 21.1, 13.0, 23.71, 18.38, 33.02, 33.84, 30.41, 8.6, 15.0, 35.0, 35.47, 14.76, 14.42, 27.2, 10.44, 19.24, 22.02, 31.26, 7.81, 17.46, 15.81, 31.89, 23.6, 29.83, 24.02, 17.12, 6.08, 12.04, 31.02, 13.04, 18.97, 16.76, 21.1, 7.07, 19.21, 16.03, 23.35, 29.55, 28.02, 32.14, 12.65, 20.4, 6.4, 3.61, 8.06, 23.43, 26.25, 13.15, 17.0, 28.28, 26.08, 20.22, 10.0, 26.83, 31.78, 20.12, 22.47, 21.4, 16.12, 21.54, 14.21, 20.62, 27.78, 32.31, 26.0, 12.81, 30.23, 41.23, 12.17, 28.28, 22.47, 8.06, 25.54, 10.12, 19.91, 17.39, 19.91, 11.01, 6.8, 17.92, 43.19], [28.6, 10.2, 25.61, 22.02, 28.65, 13.6, 10.3, 0.0, 9.85, 9.06, 11.66, 24.17, 19.24, 16.55, 6.0, 38.08, 16.28, 28.32, 42.2, 38.47, 37.22, 25.0, 42.2, 22.36, 42.95, 10.77, 15.56, 28.44, 2.83, 18.6, 27.66, 21.0, 25.61, 28.64, 35.61, 36.24, 34.48, 12.65, 17.0, 37.8, 38.83, 24.08, 13.34, 37.34, 16.16, 8.94, 13.0, 41.0, 11.7, 13.0, 24.0, 35.51, 26.93, 34.93, 33.54, 23.09, 10.05, 14.04, 41.23, 16.12, 23.19, 17.8, 13.15, 17.2, 18.03, 13.6, 33.3, 39.81, 33.84, 41.77, 21.02, 25.5, 4.12, 12.37, 13.0, 13.45, 26.25, 13.6, 23.77, 26.42, 28.6, 16.16, 17.03, 33.73, 38.83, 23.0, 32.76, 19.7, 9.06, 29.15, 16.0, 28.65, 38.08, 42.54, 33.38, 5.1, 36.06, 46.07, 22.14, 23.54, 28.86, 16.03, 30.73, 13.95, 28.52, 12.02, 28.52, 20.93, 3.64, 19.7, 47.51], [25.24, 6.08, 22.83, 21.59, 21.59, 4.0, 1.0, 9.85, 0.0, 15.26, 20.52, 18.03, 25.94, 11.18, 5.0, 28.3, 7.07, 25.94, 32.65, 29.07, 32.53, 28.07, 34.93, 18.68, 37.2, 19.1, 7.28, 19.03, 7.28, 19.1, 20.59, 12.65, 22.83, 18.79, 32.2, 33.02, 29.7, 9.43, 15.81, 34.21, 34.71, 15.65, 15.0, 27.51, 11.4, 18.79, 21.26, 31.4, 8.6, 16.49, 15.52, 31.14, 22.8, 29.21, 24.08, 18.11, 5.1, 12.81, 31.38, 13.89, 19.92, 15.81, 20.25, 7.81, 19.85, 15.03, 24.08, 29.97, 27.46, 32.25, 12.37, 21.38, 5.83, 3.16, 8.94, 22.8, 27.02, 12.17, 18.0, 27.29, 25.24, 19.24, 9.43, 26.4, 31.38, 21.02, 23.02, 22.02, 15.26, 21.19, 15.0, 21.59, 28.3, 32.7, 25.63, 12.04, 29.68, 40.61, 12.37, 27.29, 21.95, 7.62, 24.91, 10.98, 19.73, 16.45, 19.73, 11.8, 6.26, 17.01, 42.52], [23.41, 11.4, 20.25, 15.26, 36.4, 17.69, 16.12, 9.06, 15.26, 0.0, 7.07, 32.28, 10.77, 24.74, 10.3, 42.52, 19.21, 22.36, 47.38, 39.92, 32.57, 16.16, 40.01, 31.14, 39.05, 5.1, 22.36, 30.41, 11.05, 11.66, 26.17, 21.93, 20.25, 32.65, 29.97, 30.41, 30.08, 21.21, 26.02, 32.2, 33.62, 30.89, 22.36, 40.5, 24.52, 10.3, 6.71, 42.95, 20.22, 5.0, 24.7, 30.68, 22.56, 31.4, 35.34, 31.58, 12.04, 23.0, 44.65, 25.02, 32.06, 13.15, 5.0, 23.02, 26.93, 7.28, 39.2, 43.6, 31.06, 43.46, 22.36, 34.23, 10.44, 16.28, 21.38, 10.05, 35.17, 10.05, 32.02, 18.44, 23.41, 7.81, 17.89, 32.06, 37.01, 32.02, 37.48, 28.46, 0.0, 28.64, 25.02, 36.4, 42.52, 46.04, 32.25, 4.0, 33.14, 41.76, 25.61, 14.56, 27.07, 18.03, 27.61, 22.64, 29.26, 3.54, 29.26, 27.04, 10.31, 15.21, 42.72], [29.83, 17.89, 26.68, 21.19, 40.31, 23.6, 21.21, 11.66, 20.52, 7.07, 0.0, 35.78, 9.49, 28.18, 15.62, 48.6, 25.55, 28.46, 53.15, 46.82, 39.05, 19.1, 47.0, 33.53, 45.71, 2.0, 27.02, 37.16, 14.42, 17.72, 33.24, 28.79, 26.68, 38.83, 36.06, 36.4, 36.67, 24.17, 27.66, 38.28, 39.85, 35.61, 23.19, 47.01, 27.73, 6.32, 2.24, 49.77, 23.26, 11.18, 31.62, 37.11, 29.27, 38.21, 42.15, 34.54, 18.36, 25.0, 51.11, 27.2, 34.21, 20.02, 5.0, 28.28, 27.0, 14.04, 44.55, 49.93, 38.01, 50.33, 29.15, 36.69, 14.87, 22.2, 24.6, 3.0, 35.06, 17.12, 35.34, 23.02, 29.83, 13.0, 24.7, 39.12, 44.05, 33.54, 43.42, 28.07, 7.07, 35.69, 26.68, 40.31, 48.6, 52.48, 39.32, 8.6, 40.05, 48.27, 31.91, 17.03, 34.13, 24.6, 34.53, 25.35, 36.21, 9.62, 36.21, 32.19, 14.53, 22.05, 49.04], [41.11, 24.0, 39.29, 39.2, 5.0, 18.25, 17.03, 24.17, 18.03, 32.28, 35.78, 0.0, 43.01, 7.62, 22.36, 23.19, 19.92, 42.45, 24.19, 32.25, 46.53, 46.1, 44.55, 6.0, 49.41, 34.93, 11.05, 24.76, 21.54, 37.01, 32.76, 24.6, 39.29, 18.87, 47.54, 48.47, 43.83, 11.66, 11.18, 49.24, 49.19, 7.21, 15.81, 26.57, 8.06, 31.62, 37.16, 32.7, 12.53, 34.37, 26.08, 45.62, 38.28, 42.19, 28.02, 3.0, 23.0, 12.04, 28.64, 10.0, 7.07, 33.24, 37.0, 12.65, 16.76, 33.06, 15.0, 26.48, 39.66, 34.01, 23.71, 5.83, 21.84, 19.1, 11.18, 37.22, 18.25, 30.02, 1.0, 45.1, 41.11, 37.22, 24.04, 37.01, 41.04, 10.05, 18.68, 18.44, 32.28, 31.4, 11.66, 5.0, 23.19, 29.43, 35.47, 28.46, 41.62, 53.01, 18.6, 45.28, 34.13, 21.84, 38.27, 10.7, 27.99, 34.12, 27.99, 10.4, 21.98, 34.03, 55.47], [26.08, 21.4, 23.19, 17.12, 47.17, 28.02, 26.83, 19.24, 25.94, 10.77, 9.49, 43.01, 0.0, 35.44, 21.02, 52.35, 29.07, 24.0, 57.49, 48.02, 35.0, 11.18, 44.91, 41.59, 42.01, 9.06, 33.11, 39.2, 21.59, 14.56, 32.7, 30.61, 23.19, 42.45, 31.14, 31.26, 33.06, 31.78, 36.12, 33.24, 35.13, 41.59, 32.0, 49.68, 35.17, 15.81, 7.28, 51.31, 30.81, 10.63, 33.02, 33.0, 26.48, 35.36, 43.83, 42.2, 22.2, 33.24, 53.91, 35.36, 42.43, 18.79, 6.08, 33.62, 36.12, 13.6, 49.65, 53.08, 35.9, 51.62, 31.24, 44.72, 21.19, 26.63, 32.02, 10.82, 44.28, 17.8, 42.72, 16.49, 26.08, 9.85, 26.91, 37.95, 42.45, 42.11, 47.51, 37.34, 10.77, 35.78, 35.13, 47.17, 52.35, 55.32, 38.63, 14.56, 37.66, 44.05, 35.38, 8.94, 33.24, 27.59, 32.38, 33.14, 37.31, 9.92, 37.31, 37.65, 21.03, 20.43, 44.28], [35.78, 17.26, 33.62, 32.76, 12.21, 12.53, 10.2, 16.55, 11.18, 24.74, 28.18, 7.62, 35.44, 0.0, 15.03, 26.31, 15.0, 36.77, 28.79, 32.28, 42.2, 39.0, 42.2, 7.62, 45.97, 27.31, 5.66, 23.26, 13.93, 30.27, 29.0, 20.52, 33.62, 19.24, 42.54, 43.42, 39.41, 4.24, 7.28, 44.42, 44.65, 9.49, 10.2, 28.07, 1.0, 24.21, 29.55, 33.54, 5.0, 27.07, 22.67, 41.05, 33.12, 38.29, 27.51, 7.0, 16.28, 6.08, 31.02, 5.1, 8.94, 26.93, 29.41, 8.6, 13.15, 26.02, 19.31, 29.07, 36.07, 34.71, 19.8, 10.2, 14.32, 13.0, 3.61, 29.68, 18.03, 23.35, 7.28, 38.47, 35.78, 30.02, 18.87, 34.06, 38.6, 10.63, 21.1, 15.3, 24.74, 28.43, 7.07, 12.21, 26.31, 32.06, 32.8, 20.88, 38.18, 49.52, 16.12, 38.05, 30.41, 16.64, 34.12, 3.81, 25.66, 26.73, 25.66, 9.12, 14.43, 27.99, 51.74], [24.04, 4.47, 21.26, 18.79, 26.25, 8.06, 5.83, 6.0, 5.0, 10.3, 15.62, 22.36, 21.02, 15.03, 0.0, 33.02, 10.44, 24.21, 37.54, 32.56, 32.2, 24.02, 36.4, 22.09, 37.59, 14.14, 12.08, 22.56, 4.47, 15.81, 21.84, 15.0, 21.26, 23.32, 31.11, 31.83, 29.41, 12.17, 18.03, 33.24, 34.06, 20.59, 15.81, 31.78, 15.0, 14.56, 16.28, 35.17, 11.18, 12.04, 18.0, 30.61, 22.02, 29.53, 27.66, 22.02, 4.12, 14.87, 35.78, 16.49, 23.19, 13.6, 15.26, 12.81, 20.81, 11.18, 29.07, 34.48, 28.23, 35.9, 15.03, 25.02, 2.24, 6.71, 12.04, 18.03, 28.65, 9.43, 22.2, 24.04, 24.04, 15.0, 11.05, 27.89, 32.98, 23.77, 27.8, 22.8, 10.3, 23.19, 17.09, 26.25, 33.02, 37.12, 27.46, 7.07, 30.46, 40.82, 16.55, 23.02, 23.09, 10.05, 25.27, 13.73, 22.52, 11.77, 22.52, 16.8, 2.69, 15.24, 42.44], [37.36, 31.14, 37.34, 40.71, 19.92, 25.0, 27.78, 38.08, 28.3, 42.52, 48.6, 23.19, 52.35, 26.31, 33.02, 0.0, 23.35, 39.85, 6.08, 13.93, 38.01, 50.25, 30.08, 29.15, 37.48, 47.01, 23.41, 14.87, 35.36, 40.5, 25.71, 22.47, 37.34, 9.9, 41.3, 42.3, 36.12, 29.83, 33.06, 42.11, 41.01, 17.03, 36.5, 6.32, 27.29, 47.01, 49.04, 12.21, 30.08, 41.77, 21.02, 38.12, 34.48, 33.02, 13.0, 26.17, 30.48, 32.39, 5.83, 31.14, 30.27, 35.51, 47.42, 21.02, 39.05, 39.05, 8.54, 3.61, 30.02, 13.6, 21.63, 28.64, 34.13, 26.4, 28.86, 51.04, 41.44, 34.83, 24.19, 46.52, 37.36, 43.42, 25.61, 26.0, 27.46, 33.24, 5.39, 41.01, 42.52, 22.36, 33.14, 19.92, 0.0, 6.32, 24.0, 40.0, 31.02, 40.79, 16.97, 50.48, 26.48, 24.76, 30.83, 30.01, 18.55, 42.43, 18.55, 17.87, 34.56, 34.92, 43.74], [21.19, 7.81, 19.42, 20.1, 22.09, 3.16, 7.28, 16.28, 7.07, 19.21, 25.55, 19.92, 29.07, 15.0, 10.44, 23.35, 0.0, 22.56, 28.43, 22.2, 27.2, 28.46, 28.18, 22.47, 31.14, 23.85, 9.43, 12.17, 14.04, 18.68, 14.21, 5.83, 19.42, 13.45, 27.73, 28.64, 24.41, 15.0, 21.26, 29.53, 29.68, 15.0, 21.47, 21.47, 15.62, 25.0, 25.81, 24.74, 14.42, 18.6, 8.54, 26.08, 18.38, 23.35, 17.26, 21.02, 7.21, 18.6, 25.55, 19.1, 23.85, 14.14, 24.08, 7.28, 26.08, 16.12, 21.02, 24.41, 21.26, 25.5, 5.39, 24.6, 12.17, 4.0, 14.21, 28.18, 32.56, 12.08, 20.25, 26.17, 21.19, 20.59, 4.12, 19.72, 24.6, 25.61, 18.44, 28.3, 19.21, 14.32, 20.62, 22.09, 23.35, 26.93, 18.79, 17.0, 23.43, 34.66, 6.4, 28.23, 15.62, 2.0, 19.14, 16.32, 12.66, 19.14, 12.66, 10.5, 12.66, 14.5, 36.8], [2.83, 20.25, 3.16, 7.28, 44.55, 24.35, 26.83, 28.32, 25.94, 22.36, 28.46, 42.45, 24.0, 36.77, 24.21, 39.85, 22.56, 0.0, 45.88, 30.23, 11.0, 14.87, 21.93, 44.38, 18.03, 26.57, 31.62, 25.0, 28.32, 10.77, 14.32, 19.0, 3.16, 31.4, 7.62, 8.06, 9.22, 35.36, 41.68, 9.85, 11.4, 37.34, 40.0, 34.93, 37.16, 32.65, 26.93, 33.84, 34.48, 17.46, 19.24, 9.0, 5.39, 12.08, 27.73, 43.32, 21.1, 38.59, 38.91, 39.82, 45.69, 10.63, 23.77, 29.83, 45.0, 15.26, 41.19, 39.0, 13.6, 33.6, 20.0, 46.82, 26.25, 23.77, 34.89, 31.32, 52.7, 14.87, 42.72, 8.94, 2.83, 15.52, 18.44, 16.97, 20.25, 46.96, 36.67, 47.01, 22.36, 17.89, 40.82, 44.55, 39.85, 40.25, 18.44, 24.41, 14.76, 20.1, 26.0, 16.49, 13.89, 20.62, 10.61, 36.91, 21.36, 19.04, 21.36, 32.88, 26.58, 9.01, 20.62], [43.42, 36.12, 43.32, 46.52, 20.0, 29.7, 32.02, 42.2, 32.65, 47.38, 53.15, 24.19, 57.49, 28.79, 37.54, 6.08, 28.43, 45.88, 0.0, 19.42, 44.05, 55.95, 35.69, 30.15, 43.29, 51.66, 26.93, 20.88, 39.41, 46.14, 31.78, 28.18, 43.32, 15.26, 47.38, 48.37, 42.19, 32.7, 34.93, 48.17, 47.04, 19.31, 38.9, 12.04, 29.73, 51.04, 53.76, 17.09, 33.11, 47.01, 26.93, 44.18, 40.52, 39.05, 19.03, 27.17, 35.38, 34.79, 9.85, 33.24, 31.06, 41.18, 52.35, 25.0, 40.79, 44.41, 9.49, 8.25, 36.06, 18.38, 27.29, 29.0, 38.42, 31.11, 31.78, 55.44, 42.0, 40.22, 25.18, 52.39, 43.42, 48.83, 31.06, 32.02, 33.24, 34.06, 10.0, 42.58, 47.38, 28.44, 35.17, 20.0, 6.08, 9.43, 30.02, 44.6, 37.0, 46.53, 22.2, 56.08, 32.56, 30.0, 36.91, 32.6, 24.62, 47.57, 24.62, 21.36, 38.81, 40.7, 49.5], [27.46, 29.12, 28.43, 33.24, 30.61, 25.08, 29.02, 38.47, 29.07, 39.92, 46.82, 32.25, 48.02, 32.28, 32.56, 13.93, 22.2, 30.23, 19.42, 0.0, 25.71, 43.14, 16.28, 37.58, 24.02, 44.94, 27.46, 10.05, 36.22, 34.21, 16.28, 18.03, 28.43, 13.42, 29.73, 30.68, 24.35, 34.53, 39.56, 30.08, 28.64, 25.06, 41.59, 7.62, 33.24, 47.07, 46.62, 3.61, 34.37, 37.59, 15.23, 26.25, 25.0, 20.88, 5.0, 34.89, 28.86, 37.85, 10.0, 37.36, 38.91, 29.41, 44.28, 24.33, 45.35, 34.48, 20.62, 11.18, 18.03, 3.61, 17.72, 38.08, 34.37, 26.17, 33.54, 49.65, 49.77, 30.41, 33.12, 38.29, 27.46, 38.28, 22.14, 13.93, 14.0, 41.63, 14.87, 47.54, 39.92, 12.73, 39.29, 30.61, 13.93, 11.05, 12.08, 38.6, 18.44, 27.17, 17.03, 43.93, 16.4, 22.56, 19.91, 35.31, 10.74, 38.68, 10.74, 23.24, 34.86, 28.11, 30.15], [9.22, 27.8, 12.37, 18.11, 47.54, 29.83, 33.24, 37.22, 32.53, 32.57, 39.05, 46.53, 35.0, 42.2, 32.2, 38.01, 27.2, 11.0, 44.05, 25.71, 0.0, 25.5, 12.73, 49.65, 7.07, 37.11, 36.62, 24.33, 36.62, 21.38, 13.93, 21.95, 12.37, 31.58, 5.0, 5.66, 2.83, 41.77, 48.17, 4.47, 3.0, 40.31, 47.42, 32.14, 42.8, 42.72, 37.66, 29.12, 41.04, 27.89, 20.62, 2.0, 10.3, 5.0, 25.02, 48.02, 28.43, 45.28, 35.51, 46.1, 51.04, 19.7, 34.53, 34.13, 52.35, 25.3, 41.59, 36.22, 8.0, 28.46, 22.83, 51.62, 34.41, 29.73, 41.11, 41.98, 59.46, 23.71, 47.01, 19.42, 9.22, 26.31, 23.43, 12.04, 12.53, 52.8, 36.22, 54.49, 32.57, 16.28, 47.42, 47.54, 38.01, 36.67, 14.04, 34.01, 7.28, 9.22, 28.23, 27.29, 12.65, 25.61, 8.28, 43.23, 20.3, 29.47, 20.3, 36.22, 34.82, 17.67, 10.3], [17.46, 22.2, 15.26, 9.9, 49.5, 28.64, 29.07, 25.0, 28.07, 16.16, 19.1, 46.1, 11.18, 39.0, 24.02, 50.25, 28.46, 14.87, 55.95, 43.14, 25.5, 0.0, 36.77, 46.1, 32.56, 17.8, 35.23, 35.81, 26.48, 9.85, 26.91, 27.78, 15.26, 40.71, 21.1, 21.02, 24.04, 36.12, 41.59, 23.02, 25.08, 42.95, 38.33, 46.4, 39.01, 25.0, 16.97, 46.67, 35.13, 12.17, 29.41, 23.54, 18.87, 26.93, 39.7, 46.0, 23.19, 38.47, 50.61, 40.31, 47.17, 14.76, 14.21, 34.71, 43.01, 13.04, 49.4, 50.22, 28.18, 46.69, 28.65, 49.04, 25.18, 27.46, 36.06, 21.26, 51.24, 16.49, 46.04, 6.08, 17.46, 9.06, 25.08, 31.06, 34.89, 47.52, 46.07, 44.6, 16.16, 30.41, 40.61, 49.5, 50.25, 52.01, 32.2, 19.92, 29.55, 34.13, 34.01, 2.24, 27.02, 26.57, 24.87, 37.66, 32.97, 12.98, 32.97, 38.56, 25.24, 15.4, 34.0], [19.31, 32.02, 21.84, 27.89, 44.2, 31.3, 35.34, 42.2, 34.93, 40.01, 47.0, 44.55, 44.91, 42.2, 36.4, 30.08, 28.18, 21.93, 35.69, 16.28, 12.73, 36.77, 0.0, 48.92, 8.25, 45.0, 36.62, 19.85, 40.8, 30.41, 14.56, 22.36, 21.84, 26.63, 17.69, 18.38, 13.04, 43.05, 49.09, 17.03, 15.0, 37.54, 49.65, 23.77, 43.01, 49.37, 46.04, 19.03, 42.54, 36.06, 19.72, 14.21, 18.44, 9.85, 17.89, 46.69, 32.28, 46.65, 26.17, 46.87, 50.33, 27.02, 43.1, 33.6, 54.2, 33.02, 35.78, 27.46, 9.06, 18.0, 22.83, 50.21, 38.6, 31.78, 42.19, 50.0, 60.22, 30.07, 45.25, 30.87, 19.31, 35.36, 25.63, 8.54, 3.61, 52.63, 29.97, 56.44, 40.01, 13.89, 48.55, 44.2, 30.08, 27.07, 9.43, 40.31, 7.28, 11.0, 26.25, 38.28, 13.34, 27.31, 12.59, 44.25, 16.65, 37.53, 16.65, 34.31, 39.08, 25.04, 14.0], [43.38, 24.74, 41.23, 40.26, 10.44, 20.12, 17.72, 22.36, 18.68, 31.14, 33.53, 6.0, 41.59, 7.62, 22.09, 29.15, 22.47, 44.38, 30.15, 37.58, 49.65, 46.1, 48.92, 0.0, 53.15, 32.98, 13.04, 29.41, 20.1, 37.66, 36.24, 27.8, 41.23, 24.17, 50.12, 51.0, 46.87, 10.0, 6.4, 51.97, 52.15, 12.65, 11.4, 32.28, 7.28, 28.64, 35.17, 38.28, 11.0, 34.01, 29.73, 48.55, 40.71, 45.61, 33.12, 3.0, 23.77, 8.54, 34.53, 6.32, 1.41, 34.48, 35.51, 15.62, 11.18, 33.24, 21.0, 32.39, 43.28, 39.56, 27.02, 3.16, 21.0, 20.62, 10.05, 34.54, 12.37, 30.81, 5.0, 45.89, 43.38, 37.05, 26.42, 41.01, 45.34, 4.12, 24.52, 12.65, 31.14, 35.36, 7.21, 10.44, 29.15, 35.36, 39.62, 27.17, 45.34, 56.73, 22.67, 45.01, 37.64, 24.19, 41.5, 8.51, 32.27, 33.5, 32.27, 14.71, 21.01, 35.58, 59.03], [16.03, 33.12, 19.1, 25.02, 49.74, 34.06, 37.8, 42.95, 37.2, 39.05, 45.71, 49.41, 42.01, 45.97, 37.59, 37.48, 31.14, 18.03, 43.29, 24.02, 7.07, 32.56, 8.25, 53.15, 0.0, 43.74, 40.31, 25.5, 42.06, 28.16, 16.97, 25.46, 19.1, 32.7, 11.7, 12.08, 9.06, 46.1, 52.4, 10.3, 8.06, 42.72, 52.2, 31.26, 46.67, 49.04, 44.41, 27.02, 45.45, 34.53, 23.43, 9.06, 16.49, 8.06, 24.74, 51.22, 33.62, 49.68, 34.01, 50.25, 54.56, 25.96, 41.3, 37.54, 57.01, 31.78, 42.38, 35.13, 9.9, 26.08, 26.17, 54.82, 39.82, 34.21, 45.34, 48.66, 63.7, 29.73, 50.0, 26.48, 16.03, 33.14, 27.8, 12.53, 10.05, 56.59, 36.69, 59.2, 39.05, 18.03, 51.74, 49.74, 37.48, 35.0, 14.32, 40.16, 7.81, 3.61, 30.81, 34.37, 15.56, 29.83, 12.35, 47.46, 21.71, 36.09, 21.71, 39.0, 40.26, 23.9, 6.32], [27.89, 16.12, 24.74, 19.31, 39.36, 22.02, 19.85, 10.77, 19.1, 5.1, 2.0, 34.93, 9.06, 27.31, 14.14, 47.01, 23.85, 26.57, 51.66, 44.94, 37.11, 17.8, 45.0, 32.98, 43.74, 0.0, 25.81, 35.34, 13.42, 15.81, 31.26, 26.93, 24.74, 37.2, 34.18, 34.54, 34.71, 23.41, 27.29, 36.4, 37.95, 34.41, 23.02, 45.28, 26.93, 7.21, 2.24, 47.93, 22.47, 9.22, 29.73, 35.17, 27.29, 36.22, 40.31, 33.84, 16.64, 24.52, 49.4, 26.68, 33.73, 18.03, 3.61, 26.91, 27.07, 12.04, 43.19, 48.26, 36.01, 48.47, 27.31, 36.14, 13.6, 20.62, 23.77, 5.0, 35.23, 15.13, 34.54, 21.4, 27.89, 11.18, 22.85, 37.12, 42.05, 33.24, 41.87, 28.28, 5.1, 33.73, 26.31, 39.36, 47.01, 50.77, 37.34, 7.07, 38.05, 46.32, 30.23, 15.81, 32.14, 22.83, 32.53, 24.67, 34.31, 7.65, 34.31, 30.86, 13.31, 20.06, 47.13], [30.46, 13.04, 28.46, 28.16, 14.32, 7.28, 6.32, 15.56, 7.28, 22.36, 27.02, 11.05, 33.11, 5.66, 12.08, 23.41, 9.43, 31.62, 26.93, 27.46, 36.62, 35.23, 36.62, 13.04, 40.31, 25.81, 0.0, 18.03, 12.73, 26.0, 23.35, 14.87, 28.46, 15.03, 37.12, 38.01, 33.84, 7.07, 12.53, 38.95, 39.12, 8.6, 14.14, 24.08, 6.4, 24.21, 28.02, 29.07, 7.0, 23.77, 17.03, 35.51, 27.73, 32.65, 22.56, 11.7, 12.04, 10.44, 27.46, 10.3, 14.42, 22.2, 27.29, 3.16, 18.03, 22.2, 17.8, 25.71, 30.41, 30.15, 14.14, 15.23, 12.21, 8.06, 6.08, 29.0, 23.6, 19.0, 11.18, 34.06, 30.46, 26.48, 13.42, 28.43, 33.02, 16.28, 18.03, 20.25, 22.36, 22.8, 12.08, 14.32, 23.41, 28.64, 27.2, 18.87, 32.53, 43.86, 10.77, 34.53, 24.76, 11.18, 28.5, 7.91, 20.16, 23.72, 20.16, 5.59, 12.5, 23.05, 46.1], [22.56, 19.31, 22.47, 26.08, 24.41, 15.03, 19.0, 28.44, 19.03, 30.41, 37.16, 24.76, 39.2, 23.26, 22.56, 14.87, 12.17, 25.0, 20.88, 10.05, 24.33, 35.81, 19.85, 29.41, 25.5, 35.34, 18.03, 0.0, 26.17, 26.25, 11.05, 8.6, 22.47, 7.28, 27.0, 28.0, 22.09, 25.0, 30.46, 28.07, 27.29, 17.69, 32.02, 10.63, 24.17, 37.11, 37.12, 12.65, 24.74, 28.6, 6.4, 24.08, 19.65, 19.42, 5.1, 27.02, 18.97, 28.46, 14.87, 28.23, 30.81, 21.26, 34.99, 14.87, 36.06, 25.61, 17.26, 14.42, 16.49, 13.34, 8.06, 30.48, 24.33, 16.12, 24.04, 39.92, 41.18, 21.4, 25.5, 31.76, 22.56, 29.73, 12.53, 13.0, 16.4, 33.29, 12.0, 38.28, 30.41, 8.06, 30.08, 24.41, 14.87, 16.28, 11.18, 28.79, 18.03, 29.07, 7.28, 36.24, 12.0, 12.65, 16.51, 25.93, 4.03, 29.54, 4.03, 14.71, 24.82, 20.4, 31.78], [28.32, 8.94, 25.46, 22.47, 25.94, 11.18, 7.62, 2.83, 7.28, 11.05, 14.42, 21.54, 21.59, 13.93, 4.47, 35.36, 14.04, 28.32, 39.41, 36.22, 36.62, 26.48, 40.8, 20.1, 42.06, 13.42, 12.73, 26.17, 0.0, 19.24, 26.25, 19.1, 25.46, 26.0, 35.38, 36.07, 33.84, 10.2, 15.13, 37.54, 38.42, 21.26, 12.08, 34.79, 13.6, 11.66, 15.65, 38.64, 9.22, 14.32, 22.09, 35.0, 26.4, 34.0, 31.26, 20.62, 8.54, 12.04, 38.63, 14.0, 21.02, 17.69, 15.52, 14.42, 17.0, 14.32, 30.48, 37.16, 32.7, 39.46, 19.03, 23.19, 2.24, 10.05, 10.44, 16.28, 25.08, 13.45, 21.19, 27.31, 28.32, 17.46, 15.3, 32.28, 37.36, 21.1, 30.02, 18.87, 11.05, 27.46, 14.14, 25.94, 35.36, 39.92, 31.78, 7.07, 34.93, 45.28, 19.65, 25.18, 27.51, 14.04, 29.74, 11.6, 26.52, 13.58, 26.52, 18.12, 1.8, 19.45, 46.87], [12.17, 13.04, 9.06, 3.61, 40.11, 19.1, 20.1, 18.6, 19.1, 11.66, 17.72, 37.01, 14.56, 30.27, 15.81, 40.5, 18.68, 10.77, 46.14, 34.21, 21.38, 9.85, 30.41, 37.66, 28.16, 15.81, 26.0, 26.25, 19.24, 0.0, 18.36, 18.03, 9.06, 30.89, 18.38, 18.79, 19.1, 27.89, 33.84, 20.62, 22.14, 33.38, 31.3, 36.88, 30.41, 21.95, 16.28, 37.64, 26.93, 6.71, 19.85, 19.42, 12.04, 21.02, 30.41, 37.22, 14.04, 30.68, 41.11, 32.28, 38.83, 5.0, 13.15, 25.18, 36.24, 5.0, 39.56, 40.61, 21.38, 37.8, 18.87, 40.45, 17.46, 18.03, 27.66, 20.62, 44.28, 7.0, 37.05, 8.25, 12.17, 5.0, 15.23, 23.41, 27.89, 39.56, 36.24, 38.08, 11.66, 21.63, 32.89, 40.11, 40.5, 42.52, 24.17, 14.14, 23.19, 30.59, 24.17, 10.0, 18.79, 16.76, 17.85, 29.47, 23.71, 8.28, 23.71, 28.94, 17.67, 6.1, 31.32], [11.7, 17.46, 12.21, 17.03, 33.62, 17.2, 21.1, 27.66, 20.59, 26.17, 33.24, 32.76, 32.7, 29.0, 21.84, 25.71, 14.21, 14.32, 31.78, 16.28, 13.93, 26.91, 14.56, 36.24, 16.97, 31.26, 23.35, 11.05, 26.25, 18.36, 0.0, 8.49, 12.21, 18.03, 16.03, 17.03, 11.4, 29.21, 35.47, 17.26, 16.76, 26.4, 35.51, 20.62, 29.7, 35.06, 32.56, 19.85, 28.6, 22.8, 6.71, 13.34, 8.94, 9.43, 13.42, 34.41, 17.72, 32.8, 24.6, 33.3, 37.64, 13.93, 29.83, 20.62, 40.22, 19.65, 28.07, 24.7, 7.07, 19.8, 9.22, 38.01, 24.04, 17.49, 28.43, 36.22, 46.75, 16.12, 33.29, 22.02, 11.7, 22.85, 11.18, 6.08, 11.18, 39.62, 23.02, 42.44, 26.17, 3.61, 34.83, 33.62, 25.71, 25.94, 6.08, 26.02, 9.22, 20.52, 14.32, 27.8, 1.41, 13.04, 5.7, 30.54, 7.16, 24.14, 7.16, 22.39, 24.52, 12.3, 22.8], [17.12, 11.18, 16.03, 18.38, 25.96, 8.94, 13.0, 21.0, 12.65, 21.93, 28.79, 24.6, 30.61, 20.52, 15.0, 22.47, 5.83, 19.0, 28.18, 18.03, 21.95, 27.78, 22.36, 27.8, 25.46, 26.93, 14.87, 8.6, 19.1, 18.03, 8.49, 0.0, 16.03, 13.0, 23.09, 24.04, 19.24, 20.81, 27.02, 24.7, 24.6, 18.68, 27.29, 19.1, 21.21, 29.27, 28.64, 21.02, 20.25, 20.0, 3.0, 21.02, 14.14, 17.8, 13.42, 26.08, 11.05, 24.41, 23.35, 24.84, 29.21, 13.04, 26.42, 12.21, 31.91, 17.03, 22.36, 22.67, 15.56, 21.54, 1.0, 29.68, 17.03, 9.49, 20.0, 31.62, 38.29, 12.81, 25.06, 24.35, 17.12, 21.21, 4.12, 13.89, 18.79, 31.14, 18.38, 34.13, 21.93, 8.54, 26.4, 25.96, 22.47, 24.76, 13.0, 20.62, 17.69, 29.0, 7.0, 28.02, 9.9, 5.1, 13.73, 22.1, 7.57, 20.94, 7.57, 14.4, 17.53, 12.54, 31.24], [3.16, 17.2, 0.0, 6.08, 41.44, 21.19, 23.71, 25.61, 22.83, 20.25, 26.68, 39.29, 23.19, 33.62, 21.26, 37.34, 19.42, 3.16, 43.32, 28.43, 12.37, 15.26, 21.84, 41.23, 19.1, 24.74, 28.46, 22.47, 25.46, 9.06, 12.21, 16.03, 0.0, 28.64, 10.0, 10.63, 10.05, 32.25, 38.59, 12.21, 13.42, 34.23, 37.01, 32.65, 34.01, 30.46, 25.32, 32.02, 31.38, 15.52, 16.49, 10.44, 3.61, 12.17, 25.55, 40.16, 18.03, 35.51, 36.72, 36.72, 42.54, 7.81, 22.2, 26.68, 42.01, 13.0, 38.33, 36.67, 13.0, 31.89, 17.03, 43.66, 23.35, 20.62, 31.76, 29.61, 49.65, 12.04, 39.56, 9.9, 3.16, 14.04, 15.3, 15.81, 19.7, 43.83, 33.96, 44.05, 20.25, 15.81, 37.74, 41.44, 37.34, 38.08, 17.03, 21.95, 14.56, 21.59, 23.02, 16.55, 12.04, 17.46, 9.62, 33.8, 19.01, 17.1, 19.01, 29.77, 23.69, 6.02, 22.47], [29.15, 21.26, 28.64, 31.38, 17.69, 15.26, 18.38, 28.64, 18.79, 32.65, 38.83, 18.87, 42.45, 19.24, 23.32, 9.9, 13.45, 31.4, 15.26, 13.42, 31.58, 40.71, 26.63, 24.17, 32.7, 37.2, 15.03, 7.28, 26.0, 30.89, 18.03, 13.0, 28.64, 0.0, 34.06, 35.06, 29.27, 22.0, 26.48, 35.23, 34.53, 11.66, 29.02, 9.06, 20.22, 37.58, 39.2, 14.32, 22.02, 31.89, 12.17, 31.26, 26.17, 26.68, 9.22, 21.47, 20.62, 25.08, 12.65, 24.33, 25.5, 25.94, 37.54, 12.17, 32.39, 29.21, 10.05, 11.18, 23.77, 15.52, 12.08, 24.7, 24.6, 16.64, 21.0, 41.34, 36.4, 25.0, 19.72, 37.34, 29.15, 33.6, 15.81, 20.25, 23.32, 28.23, 5.39, 34.53, 32.65, 15.3, 26.31, 17.69, 9.9, 13.93, 18.38, 30.23, 25.3, 36.25, 7.07, 40.82, 19.1, 14.87, 23.63, 22.55, 11.28, 32.53, 11.28, 10.11, 25.04, 25.54, 39.0], [7.07, 26.91, 10.0, 14.87, 49.04, 30.02, 33.02, 35.61, 32.2, 29.97, 36.06, 47.54, 31.14, 42.54, 31.11, 41.3, 27.73, 7.62, 47.38, 29.73, 5.0, 21.1, 17.69, 50.12, 11.7, 34.18, 37.12, 27.0, 35.38, 18.38, 16.03, 23.09, 10.0, 34.06, 0.0, 1.0, 5.39, 41.62, 48.01, 2.24, 4.0, 41.76, 46.75, 35.69, 43.05, 40.25, 34.48, 33.24, 40.8, 25.08, 22.36, 3.61, 9.43, 8.94, 28.44, 48.75, 27.66, 45.0, 39.29, 46.04, 51.48, 17.8, 31.32, 34.93, 51.74, 22.83, 44.1, 39.81, 11.7, 32.7, 24.04, 52.33, 33.24, 29.68, 41.05, 38.9, 59.2, 22.02, 47.93, 15.03, 7.07, 23.09, 23.71, 15.81, 17.2, 53.0, 39.0, 53.81, 29.97, 19.03, 47.2, 49.04, 41.3, 40.52, 17.72, 31.91, 11.66, 13.04, 29.83, 23.02, 15.0, 25.94, 10.51, 43.13, 23.01, 26.66, 23.01, 37.47, 33.6, 15.95, 13.15], [7.81, 27.66, 10.63, 15.23, 50.0, 30.89, 33.84, 36.24, 33.02, 30.41, 36.4, 48.47, 31.26, 43.42, 31.83, 42.3, 28.64, 8.06, 48.37, 30.68, 5.66, 21.02, 18.38, 51.0, 12.08, 34.54, 38.01, 28.0, 36.07, 18.79, 17.03, 24.04, 10.63, 35.06, 1.0, 0.0, 6.32, 42.44, 48.83, 2.0, 4.12, 42.72, 47.51, 36.67, 43.91, 40.71, 34.79, 34.18, 41.62, 25.5, 23.35, 4.47, 10.3, 9.85, 29.43, 49.66, 28.43, 45.8, 40.26, 46.87, 52.35, 18.44, 31.62, 35.85, 52.5, 23.32, 45.1, 40.79, 12.65, 33.62, 25.0, 53.23, 33.94, 30.53, 41.88, 39.22, 60.0, 22.67, 48.85, 15.0, 7.81, 23.41, 24.6, 16.76, 18.03, 53.85, 40.0, 54.56, 30.41, 20.02, 48.01, 50.0, 42.3, 41.48, 18.68, 32.45, 12.53, 13.15, 30.81, 23.0, 16.0, 26.83, 11.51, 43.96, 24.01, 27.06, 24.01, 38.42, 34.3, 16.62, 13.04], [7.0, 25.0, 10.05, 16.0, 44.94, 27.02, 30.41, 34.48, 29.7, 30.08, 36.67, 43.83, 33.06, 39.41, 29.41, 36.12, 24.41, 9.22, 42.19, 24.35, 2.83, 24.04, 13.04, 46.87, 9.06, 34.71, 33.84, 22.09, 33.84, 19.1, 11.4, 19.24, 10.05, 29.27, 5.39, 6.32, 0.0, 38.95, 45.34, 6.0, 5.39, 37.7, 44.6, 30.41, 40.0, 40.16, 35.36, 27.86, 38.21, 25.5, 18.03, 2.0, 7.62, 3.61, 23.19, 45.28, 25.61, 42.45, 33.96, 43.28, 48.26, 17.09, 32.25, 31.38, 49.52, 22.8, 39.32, 34.53, 6.32, 27.31, 20.12, 48.88, 31.62, 26.91, 38.29, 39.62, 56.64, 21.02, 44.29, 18.03, 7.0, 24.08, 20.62, 10.44, 12.04, 50.0, 34.06, 51.66, 30.08, 14.04, 44.6, 44.94, 36.12, 35.17, 12.37, 31.38, 6.4, 11.7, 25.63, 25.71, 10.2, 22.8, 5.7, 40.4, 18.06, 27.06, 18.06, 33.56, 32.04, 15.04, 13.04], [34.67, 15.23, 32.25, 30.68, 16.4, 12.04, 8.6, 12.65, 9.43, 21.21, 24.17, 11.66, 31.78, 4.24, 12.17, 29.83, 15.0, 35.36, 32.7, 34.53, 41.77, 36.12, 43.05, 10.0, 46.1, 23.41, 7.07, 25.0, 10.2, 27.89, 29.21, 20.81, 32.25, 22.0, 41.62, 42.44, 38.95, 0.0, 6.4, 43.6, 44.05, 13.42, 7.07, 31.02, 3.61, 20.0, 25.63, 36.12, 1.0, 24.02, 23.32, 40.46, 32.2, 38.21, 29.61, 10.44, 14.32, 3.61, 34.23, 4.47, 11.05, 25.08, 25.71, 10.2, 11.18, 23.35, 23.26, 32.39, 36.24, 37.22, 20.25, 13.04, 11.0, 12.04, 1.0, 25.55, 17.69, 21.19, 11.18, 36.14, 34.67, 27.07, 18.38, 34.67, 39.45, 11.7, 24.52, 13.42, 21.21, 29.15, 5.66, 16.4, 29.83, 35.36, 33.62, 17.26, 38.42, 49.58, 17.72, 35.01, 30.61, 16.28, 33.95, 1.58, 26.86, 23.51, 26.86, 12.09, 11.01, 26.39, 51.62], [41.05, 21.47, 38.59, 36.77, 16.12, 18.38, 15.0, 17.0, 15.81, 26.02, 27.66, 11.18, 36.12, 7.28, 18.03, 33.06, 21.26, 41.68, 34.93, 39.56, 48.17, 41.59, 49.09, 6.4, 52.4, 27.29, 12.53, 30.46, 15.13, 33.84, 35.47, 27.02, 38.59, 26.48, 48.01, 48.83, 45.34, 6.4, 0.0, 50.0, 50.45, 16.03, 5.0, 35.23, 6.32, 22.47, 29.43, 40.79, 7.21, 29.43, 29.41, 46.86, 38.6, 44.55, 34.79, 8.6, 20.59, 3.16, 38.01, 2.24, 6.71, 31.3, 30.07, 15.65, 6.0, 29.12, 25.5, 36.0, 42.52, 41.98, 26.4, 9.43, 16.49, 18.44, 7.07, 28.46, 11.31, 27.31, 10.3, 42.06, 41.05, 32.56, 24.76, 40.8, 45.49, 6.0, 28.0, 8.06, 26.02, 35.23, 1.0, 16.12, 33.06, 39.0, 39.66, 22.02, 44.69, 55.9, 23.26, 40.31, 36.88, 22.63, 40.31, 4.95, 32.68, 28.71, 32.68, 16.38, 16.38, 32.68, 57.98], [9.22, 29.0, 12.21, 17.09, 50.6, 31.91, 35.0, 37.8, 34.21, 32.2, 38.28, 49.24, 33.24, 44.42, 33.24, 42.11, 29.53, 9.85, 48.17, 30.08, 4.47, 23.02, 17.03, 51.97, 10.3, 36.4, 38.95, 28.07, 37.54, 20.62, 17.26, 24.7, 12.21, 35.23, 2.24, 2.0, 6.0, 43.6, 50.0, 0.0, 2.24, 43.32, 48.84, 36.35, 44.94, 42.49, 36.69, 33.53, 42.8, 27.31, 23.77, 4.0, 11.4, 9.22, 29.15, 50.54, 29.73, 47.01, 39.81, 48.01, 53.34, 20.0, 33.53, 36.67, 53.81, 25.06, 45.28, 40.45, 12.17, 32.89, 25.63, 54.12, 35.38, 31.62, 43.01, 41.11, 61.22, 24.21, 49.66, 17.0, 9.22, 25.3, 25.55, 16.28, 17.0, 54.92, 40.05, 55.9, 32.2, 20.02, 49.2, 50.6, 42.11, 41.0, 18.25, 34.13, 11.7, 11.18, 31.32, 25.0, 16.12, 27.78, 11.6, 45.11, 24.05, 28.89, 24.05, 39.09, 35.75, 18.12, 11.05], [10.3, 29.73, 13.42, 18.68, 50.33, 32.2, 35.47, 38.83, 34.71, 33.62, 39.85, 49.19, 35.13, 44.65, 34.06, 41.01, 29.68, 11.4, 47.04, 28.64, 3.0, 25.08, 15.0, 52.15, 8.06, 37.95, 39.12, 27.29, 38.42, 22.14, 16.76, 24.6, 13.42, 34.53, 4.0, 4.12, 5.39, 44.05, 50.45, 2.24, 0.0, 43.08, 49.5, 35.13, 45.22, 43.86, 38.33, 32.02, 43.28, 28.79, 23.41, 3.61, 12.04, 8.0, 28.02, 50.61, 30.41, 47.51, 38.47, 48.41, 53.54, 21.1, 35.17, 36.72, 54.45, 26.4, 44.55, 39.2, 11.0, 31.32, 25.5, 54.2, 36.24, 32.02, 43.42, 42.72, 61.72, 25.24, 49.65, 19.03, 10.3, 26.93, 25.81, 15.03, 15.23, 55.22, 39.2, 56.57, 33.62, 19.24, 49.68, 50.33, 41.01, 39.62, 17.03, 35.36, 10.2, 9.06, 31.02, 27.02, 15.52, 28.02, 11.07, 45.52, 23.26, 30.37, 23.26, 38.94, 36.62, 19.14, 9.22], [35.69, 20.88, 34.23, 35.06, 7.28, 14.32, 14.76, 24.08, 15.65, 30.89, 35.61, 7.21, 41.59, 9.49, 20.59, 17.03, 15.0, 37.34, 19.31, 25.06, 40.31, 42.95, 37.54, 12.65, 42.72, 34.41, 8.6, 17.69, 21.26, 33.38, 26.4, 18.68, 34.23, 11.66, 41.76, 42.72, 37.7, 13.42, 16.03, 43.32, 43.08, 0.0, 19.65, 19.65, 10.44, 32.56, 36.62, 25.63, 13.89, 31.95, 19.7, 39.56, 32.76, 35.78, 20.81, 9.85, 19.92, 15.52, 22.09, 14.14, 13.93, 29.07, 35.85, 8.25, 22.02, 30.08, 9.85, 20.02, 33.12, 26.93, 17.72, 13.04, 20.81, 15.52, 12.53, 37.54, 25.0, 26.48, 8.06, 41.11, 35.69, 34.48, 19.03, 30.23, 34.06, 16.76, 12.04, 24.0, 30.89, 24.7, 16.12, 7.28, 17.03, 23.02, 28.6, 27.46, 34.99, 46.32, 12.08, 42.45, 27.73, 17.0, 32.04, 13.29, 21.1, 32.04, 21.1, 4.5, 21.1, 29.5, 48.88], [39.7, 19.85, 37.01, 34.48, 20.81, 18.36, 14.42, 13.34, 15.0, 22.36, 23.19, 15.81, 32.0, 10.2, 15.81, 36.5, 21.47, 40.0, 38.9, 41.59, 47.42, 38.33, 49.65, 11.4, 52.2, 23.02, 14.14, 32.02, 12.08, 31.3, 35.51, 27.29, 37.01, 29.02, 46.75, 47.51, 44.6, 7.07, 5.0, 48.84, 49.5, 19.65, 0.0, 38.0, 9.22, 17.72, 25.08, 43.19, 7.28, 26.25, 29.97, 45.97, 37.48, 44.2, 36.67, 13.45, 19.1, 4.12, 41.11, 5.83, 11.66, 29.41, 26.02, 17.26, 5.0, 26.4, 29.41, 39.2, 42.44, 44.28, 26.83, 14.42, 13.89, 18.03, 8.06, 23.77, 13.0, 25.24, 15.0, 39.4, 39.7, 29.41, 24.41, 41.18, 46.07, 10.44, 31.26, 7.07, 22.36, 35.78, 4.24, 20.81, 36.5, 42.19, 40.25, 18.44, 44.65, 55.61, 24.74, 36.88, 36.89, 22.47, 39.91, 6.52, 33.71, 25.35, 33.71, 19.01, 13.65, 31.0, 57.49], [32.31, 29.15, 32.65, 36.62, 24.19, 23.77, 27.2, 37.34, 27.51, 40.5, 47.01, 26.57, 49.68, 28.07, 31.78, 6.32, 21.47, 34.93, 12.04, 7.62, 32.14, 46.4, 23.77, 32.28, 31.26, 45.28, 24.08, 10.63, 34.79, 36.88, 20.62, 19.1, 32.65, 9.06, 35.69, 36.67, 30.41, 31.02, 35.23, 36.35, 35.13, 19.65, 38.0, 0.0, 29.07, 46.24, 47.17, 6.4, 31.06, 39.05, 17.03, 32.39, 29.55, 27.17, 7.28, 29.41, 28.65, 34.01, 4.24, 33.14, 33.53, 31.89, 45.22, 21.21, 41.19, 36.12, 13.45, 4.12, 24.19, 7.81, 18.44, 32.31, 33.24, 25.08, 30.02, 49.65, 44.64, 31.89, 27.51, 42.19, 32.31, 40.31, 22.8, 20.1, 21.21, 36.4, 8.06, 43.29, 40.5, 17.09, 35.13, 24.19, 6.32, 5.66, 18.11, 38.47, 25.02, 34.53, 15.23, 46.86, 21.19, 22.47, 25.35, 31.5, 13.65, 39.91, 13.65, 19.01, 33.71, 31.0, 37.48], [36.24, 17.46, 34.01, 32.98, 12.81, 13.04, 10.44, 16.16, 11.4, 24.52, 27.73, 8.06, 35.17, 1.0, 15.0, 27.29, 15.62, 37.16, 29.73, 33.24, 42.8, 39.01, 43.01, 7.28, 46.67, 26.93, 6.4, 24.17, 13.6, 30.41, 29.7, 21.21, 34.01, 20.22, 43.05, 43.91, 40.0, 3.61, 6.32, 44.94, 45.22, 10.44, 9.22, 29.07, 0.0, 23.6, 29.15, 34.53, 4.47, 27.02, 23.43, 41.62, 33.62, 38.95, 28.46, 7.07, 16.49, 5.1, 32.02, 4.12, 8.54, 27.2, 29.12, 9.43, 12.17, 26.08, 20.25, 30.07, 36.77, 35.69, 20.52, 10.05, 14.14, 13.42, 3.16, 29.15, 17.2, 23.54, 7.62, 38.64, 36.24, 30.0, 19.42, 34.83, 39.41, 10.0, 22.09, 14.32, 24.52, 29.21, 6.08, 12.81, 27.29, 33.06, 33.6, 20.62, 38.9, 50.21, 17.0, 38.01, 31.11, 17.2, 34.76, 2.92, 26.5, 26.62, 26.5, 10.11, 14.22, 28.32, 52.4], [33.62, 18.11, 30.46, 25.55, 36.4, 22.47, 19.24, 8.94, 18.79, 10.3, 6.32, 31.62, 15.81, 24.21, 14.56, 47.01, 25.0, 32.65, 51.04, 47.07, 42.72, 25.0, 49.37, 28.64, 49.04, 7.21, 24.21, 37.11, 11.66, 21.95, 35.06, 29.27, 30.46, 37.58, 40.25, 40.71, 40.16, 20.0, 22.47, 42.49, 43.86, 32.56, 17.72, 46.24, 23.6, 0.0, 8.54, 49.73, 19.21, 15.26, 32.25, 40.85, 32.57, 41.23, 42.2, 30.02, 18.25, 20.12, 50.16, 22.36, 29.15, 23.09, 10.82, 26.08, 21.1, 17.46, 42.01, 48.75, 40.61, 50.45, 29.43, 31.78, 13.0, 21.19, 20.62, 6.08, 29.0, 19.42, 31.06, 28.32, 33.62, 17.8, 25.18, 41.11, 46.17, 28.16, 41.68, 22.0, 10.3, 37.01, 21.54, 36.4, 47.01, 51.48, 41.01, 9.06, 42.76, 51.87, 31.02, 23.02, 36.12, 24.52, 37.26, 20.94, 36.84, 13.73, 36.84, 29.7, 12.54, 25.14, 52.92], [28.44, 18.03, 25.32, 19.65, 41.59, 24.08, 22.02, 13.0, 21.26, 6.71, 2.24, 37.16, 7.28, 29.55, 16.28, 49.04, 25.81, 26.93, 53.76, 46.62, 37.66, 16.97, 46.04, 35.17, 44.41, 2.24, 28.02, 37.12, 15.65, 16.28, 32.56, 28.64, 25.32, 39.2, 34.48, 34.79, 35.36, 25.63, 29.43, 36.69, 38.33, 36.62, 25.08, 47.17, 29.15, 8.54, 0.0, 49.66, 24.7, 10.0, 31.38, 35.69, 28.07, 37.05, 42.05, 36.06, 18.6, 26.68, 51.31, 28.86, 35.9, 19.03, 3.16, 29.07, 29.02, 13.04, 45.34, 50.22, 37.01, 50.16, 29.07, 38.33, 15.81, 22.67, 26.0, 4.47, 37.12, 16.49, 36.77, 21.1, 28.44, 11.4, 24.6, 38.33, 43.19, 35.36, 43.93, 30.15, 6.71, 35.17, 28.44, 41.59, 49.04, 52.7, 38.64, 9.22, 39.0, 46.87, 32.2, 14.87, 33.38, 24.7, 33.5, 26.88, 35.93, 8.51, 35.93, 33.03, 15.53, 21.01, 47.54], [31.06, 31.95, 32.02, 36.77, 30.53, 27.46, 31.26, 41.0, 31.4, 42.95, 49.77, 32.7, 51.31, 33.54, 35.17, 12.21, 24.74, 33.84, 17.09, 3.61, 29.12, 46.67, 19.03, 38.28, 27.02, 47.93, 29.07, 12.65, 38.64, 37.64, 19.85, 21.02, 32.02, 14.32, 33.24, 34.18, 27.86, 36.12, 40.79, 33.53, 32.02, 25.63, 43.19, 6.4, 34.53, 49.73, 49.66, 0.0, 36.06, 40.82, 18.36, 29.73, 28.6, 24.35, 7.62, 35.47, 31.62, 39.32, 7.28, 38.64, 39.56, 32.8, 47.41, 26.02, 46.69, 37.74, 19.85, 8.94, 21.54, 1.41, 20.62, 38.48, 36.88, 28.64, 35.13, 52.55, 50.6, 33.62, 33.62, 41.87, 31.06, 41.62, 25.08, 17.46, 17.12, 42.38, 14.42, 48.84, 42.95, 16.28, 40.61, 30.53, 12.21, 8.06, 15.65, 41.44, 21.84, 30.02, 19.1, 47.42, 20.0, 25.3, 23.51, 36.78, 14.01, 41.86, 14.01, 24.42, 37.37, 31.56, 33.02], [33.84, 14.32, 31.38, 29.73, 17.2, 11.4, 7.81, 11.7, 8.6, 20.22, 23.26, 12.53, 30.81, 5.0, 11.18, 30.08, 14.42, 34.48, 33.11, 34.37, 41.04, 35.13, 42.54, 11.0, 45.45, 22.47, 7.0, 24.74, 9.22, 26.93, 28.6, 20.25, 31.38, 22.02, 40.8, 41.62, 38.21, 1.0, 7.21, 42.8, 43.28, 13.89, 7.28, 31.06, 4.47, 19.21, 24.7, 36.06, 0.0, 23.02, 22.83, 39.7, 31.4, 37.54, 29.43, 11.4, 13.42, 4.24, 34.37, 5.39, 12.04, 24.17, 24.74, 10.05, 11.66, 22.36, 23.71, 32.56, 35.61, 37.12, 19.72, 14.04, 10.0, 11.31, 1.41, 24.7, 18.44, 20.25, 12.08, 35.17, 33.84, 26.08, 17.69, 34.13, 38.95, 12.65, 24.74, 13.89, 20.22, 28.65, 6.4, 17.2, 30.08, 35.51, 33.12, 16.28, 37.8, 48.92, 17.46, 34.01, 30.0, 15.62, 33.26, 2.55, 26.46, 22.51, 26.46, 12.26, 10.01, 25.5, 50.93], [18.68, 11.18, 15.52, 10.3, 38.08, 17.89, 17.46, 13.0, 16.49, 5.0, 11.18, 34.37, 10.63, 27.07, 12.04, 41.77, 18.6, 17.46, 47.01, 37.59, 27.89, 12.17, 36.06, 34.01, 34.53, 9.22, 23.77, 28.6, 14.32, 6.71, 22.8, 20.0, 15.52, 31.89, 25.08, 25.5, 25.5, 24.02, 29.43, 27.31, 28.79, 31.95, 26.25, 39.05, 27.02, 15.26, 10.0, 40.82, 23.02, 0.0, 22.47, 25.96, 18.11, 27.07, 33.29, 34.06, 12.08, 26.31, 43.28, 28.16, 35.06, 9.06, 7.07, 23.77, 31.02, 3.16, 39.45, 42.45, 27.02, 41.18, 20.62, 37.0, 13.04, 16.55, 24.0, 14.14, 39.22, 7.21, 34.23, 13.6, 18.68, 3.16, 16.28, 28.44, 33.24, 35.36, 37.01, 32.7, 5.0, 25.63, 28.44, 38.08, 41.77, 44.69, 28.86, 8.06, 29.0, 37.11, 24.84, 11.0, 23.54, 17.03, 23.51, 25.54, 26.86, 1.58, 26.86, 27.77, 13.09, 11.01, 37.95], [17.03, 14.14, 16.49, 19.72, 26.93, 11.7, 15.81, 24.0, 15.52, 24.7, 31.62, 26.08, 33.02, 22.67, 18.0, 21.02, 8.54, 19.24, 26.93, 15.23, 20.62, 29.41, 19.72, 29.73, 23.43, 29.73, 17.03, 6.4, 22.09, 19.85, 6.71, 3.0, 16.49, 12.17, 22.36, 23.35, 18.03, 23.32, 29.41, 23.77, 23.41, 19.7, 29.97, 17.03, 23.43, 32.25, 31.38, 18.36, 22.83, 22.47, 0.0, 19.92, 14.04, 16.12, 10.82, 27.8, 14.04, 26.93, 21.26, 27.2, 31.14, 14.87, 29.07, 14.14, 34.48, 19.42, 22.02, 20.81, 13.6, 18.79, 3.16, 31.4, 20.02, 12.37, 22.47, 34.48, 40.61, 15.26, 26.63, 25.5, 17.03, 23.43, 7.07, 11.4, 16.12, 33.24, 17.46, 36.72, 24.7, 5.83, 28.84, 26.93, 21.02, 22.67, 10.3, 23.54, 15.62, 27.02, 7.62, 29.83, 8.06, 8.06, 12.35, 24.55, 4.61, 23.51, 4.61, 15.69, 20.52, 14.01, 29.41], [7.28, 26.25, 10.44, 16.12, 46.82, 28.6, 31.89, 35.51, 31.14, 30.68, 37.11, 45.62, 33.0, 41.05, 30.61, 38.12, 26.08, 9.0, 44.18, 26.25, 2.0, 23.54, 14.21, 48.55, 9.06, 35.17, 35.51, 24.08, 35.0, 19.42, 13.34, 21.02, 10.44, 31.26, 3.61, 4.47, 2.0, 40.46, 46.86, 4.0, 3.61, 39.56, 45.97, 32.39, 41.62, 40.85, 35.69, 29.73, 39.7, 25.96, 19.92, 0.0, 8.6, 5.39, 25.18, 47.01, 26.91, 43.93, 35.9, 44.82, 49.93, 17.89, 32.56, 33.12, 50.91, 23.41, 41.3, 36.5, 8.25, 29.15, 21.93, 50.61, 32.8, 28.43, 39.82, 40.02, 58.14, 21.95, 46.07, 17.46, 7.28, 24.33, 22.2, 12.37, 13.6, 51.61, 36.06, 53.04, 30.68, 16.03, 46.1, 46.82, 38.12, 37.11, 14.32, 32.2, 8.06, 11.18, 27.51, 25.32, 12.17, 24.41, 7.65, 41.93, 20.06, 27.54, 20.06, 35.39, 33.2, 15.88, 12.08], [3.0, 17.69, 3.61, 9.49, 40.02, 20.59, 23.6, 26.93, 22.8, 22.56, 29.27, 38.28, 26.48, 33.12, 22.02, 34.48, 18.38, 5.39, 40.52, 25.0, 10.3, 18.87, 18.44, 40.71, 16.49, 27.29, 27.73, 19.65, 26.4, 12.04, 8.94, 14.14, 3.61, 26.17, 9.43, 10.3, 7.62, 32.2, 38.6, 11.4, 12.04, 32.76, 37.48, 29.55, 33.62, 32.57, 28.07, 28.6, 31.4, 18.11, 14.04, 8.6, 0.0, 9.0, 22.36, 39.4, 18.38, 35.61, 33.54, 36.62, 42.06, 9.49, 25.02, 25.63, 42.45, 15.3, 36.06, 33.62, 9.49, 28.43, 15.13, 42.95, 24.21, 20.25, 31.62, 32.25, 49.82, 13.42, 38.63, 13.45, 3.0, 17.03, 14.32, 12.21, 16.16, 43.57, 31.4, 44.55, 22.56, 12.53, 37.8, 40.02, 34.48, 34.89, 13.45, 23.77, 11.18, 19.31, 21.1, 20.12, 8.6, 16.55, 6.04, 33.71, 15.98, 19.66, 15.98, 28.38, 24.6, 7.43, 20.59], [9.49, 25.06, 12.17, 18.25, 42.95, 26.17, 29.83, 34.93, 29.21, 31.4, 38.21, 42.19, 35.36, 38.29, 29.53, 33.02, 23.35, 12.08, 39.05, 20.88, 5.0, 26.93, 9.85, 45.61, 8.06, 36.22, 32.65, 19.42, 34.0, 21.02, 9.43, 17.8, 12.17, 26.68, 8.94, 9.85, 3.61, 38.21, 44.55, 9.22, 8.0, 35.78, 44.2, 27.17, 38.95, 41.23, 37.05, 24.35, 37.54, 27.07, 16.12, 5.39, 9.0, 0.0, 20.02, 43.83, 25.55, 41.77, 30.59, 42.43,