100
[[0.0, 34.01, 11.66, 22.8, 14.56, 30.87, 32.25, 18.6, 5.83, 12.04, 9.43, 35.17, 39.05, 15.81, 34.13, 9.06, 5.39, 21.93, 37.34, 30.23, 0.0, 40.79, 20.62, 25.24, 17.12, 23.54, 41.23, 2.24, 36.36, 21.1, 35.38, 11.4, 8.54, 11.18, 1.41, 44.65, 12.21, 34.79, 19.42, 22.0, 26.57, 4.0, 43.68, 40.82, 21.21, 24.08, 7.28, 19.42, 13.15, 18.79, 37.95, 24.21, 41.79, 30.08, 20.52, 29.83, 9.22, 7.62, 8.6, 37.01, 23.77, 30.61, 6.0, 19.8, 24.19, 10.63, 5.0, 42.95, 27.73, 30.02, 26.4, 11.4, 11.05, 8.25, 23.19, 18.44, 30.02, 15.52, 12.04, 31.4, 12.21, 33.12, 25.18, 27.31, 28.32, 25.08, 47.17, 12.04, 24.04, 47.71, 38.21, 47.51, 35.81, 41.34, 28.65, 13.89, 42.72, 26.42, 11.05, 27.46, 13.6, 18.03, 32.6, 14.58, 21.36, 33.35, 21.36, 5.59, 22.5, 30.52, 49.24], [34.01, 0.0, 41.48, 20.62, 40.16, 15.23, 16.16, 28.02, 37.22, 27.86, 39.62, 8.0, 5.1, 33.12, 4.0, 25.0, 32.25, 25.5, 6.71, 20.12, 34.01, 9.22, 35.81, 19.85, 35.78, 37.64, 25.08, 36.06, 20.22, 18.87, 24.35, 25.71, 37.66, 40.02, 35.0, 24.19, 25.3, 12.04, 36.06, 41.05, 13.45, 34.13, 15.26, 20.02, 13.6, 21.93, 32.98, 15.3, 34.18, 18.38, 11.18, 21.93, 14.87, 13.42, 25.61, 28.3, 41.3, 32.02, 29.61, 3.61, 32.65, 27.46, 34.37, 23.85, 38.6, 27.2, 31.14, 17.72, 15.81, 4.47, 28.43, 28.16, 35.11, 26.02, 43.05, 34.48, 31.4, 19.65, 37.34, 20.12, 29.15, 15.81, 44.1, 15.0, 23.85, 9.49, 24.74, 36.69, 23.35, 25.71, 6.4, 25.96, 22.56, 23.02, 17.49, 42.45, 13.04, 16.28, 23.09, 30.61, 32.31, 16.0, 12.98, 31.12, 20.3, 12.98, 20.3, 28.5, 20.3, 3.5, 26.57], [11.66, 41.48, 0.0, 33.94, 24.08, 34.13, 42.8, 17.72, 15.3, 14.04, 18.03, 44.28, 46.57, 12.08, 40.61, 18.6, 17.0, 21.84, 43.29, 31.78, 11.66, 49.4, 14.87, 27.29, 28.16, 17.03, 52.35, 9.85, 38.08, 31.89, 46.69, 22.67, 18.25, 20.02, 12.08, 55.44, 16.28, 39.01, 13.45, 13.42, 31.02, 15.23, 48.04, 51.4, 27.89, 35.38, 8.54, 28.65, 24.35, 29.21, 47.41, 25.5, 51.48, 34.01, 20.62, 28.18, 16.03, 9.49, 20.25, 43.93, 35.34, 42.2, 17.09, 31.24, 35.17, 14.32, 16.64, 53.0, 31.06, 37.11, 24.6, 23.02, 7.07, 18.44, 33.14, 29.73, 41.68, 21.84, 5.39, 42.45, 13.0, 43.6, 35.13, 31.02, 28.46, 32.02, 57.8, 22.56, 35.47, 58.41, 44.41, 49.04, 36.69, 42.72, 31.26, 22.02, 51.89, 37.01, 19.24, 24.7, 25.08, 26.4, 36.53, 26.16, 24.05, 43.41, 24.05, 15.91, 33.59, 38.12, 50.96], [22.8, 20.62, 33.94, 0.0, 22.0, 28.79, 10.2, 29.83, 22.85, 25.08, 23.77, 16.76, 24.19, 31.78, 23.35, 15.81, 18.36, 30.15, 26.87, 31.78, 22.8, 22.8, 36.4, 28.16, 16.28, 39.22, 18.44, 25.0, 35.47, 3.0, 12.81, 11.4, 21.84, 23.35, 23.02, 21.95, 22.47, 29.15, 35.85, 40.25, 24.04, 20.59, 35.38, 18.38, 17.26, 2.0, 26.4, 10.05, 16.03, 6.08, 18.11, 29.02, 21.02, 26.93, 29.27, 37.01, 26.25, 25.81, 14.76, 24.21, 12.04, 10.05, 19.7, 4.0, 18.03, 23.26, 18.03, 21.38, 26.93, 19.21, 35.06, 12.08, 30.23, 15.62, 22.85, 14.56, 12.37, 18.25, 32.2, 8.6, 26.4, 11.18, 23.71, 25.96, 33.14, 17.46, 24.6, 19.1, 3.16, 25.06, 26.91, 44.42, 36.69, 39.81, 28.86, 25.08, 23.09, 5.1, 16.55, 37.12, 14.04, 13.0, 28.4, 12.51, 25.5, 12.51, 25.5, 18.03, 0.5, 18.03, 45.49], [14.56, 40.16, 24.08, 22.0, 0.0, 41.87, 32.06, 32.65, 9.06, 25.94, 6.08, 38.33, 44.64, 30.36, 41.63, 18.38, 10.82, 35.51, 45.19, 42.45, 14.56, 44.41, 35.17, 37.54, 6.71, 38.08, 37.95, 15.13, 48.1, 22.2, 31.62, 14.76, 6.08, 4.12, 13.34, 42.45, 25.24, 44.65, 33.96, 36.22, 37.01, 10.77, 52.84, 39.62, 30.23, 22.09, 21.84, 25.08, 6.08, 21.84, 40.05, 37.01, 43.01, 40.61, 34.13, 43.57, 8.54, 22.14, 11.4, 43.66, 15.26, 25.08, 8.94, 18.0, 12.21, 24.19, 12.21, 43.19, 38.95, 37.16, 40.31, 12.08, 25.5, 16.97, 9.06, 8.94, 22.47, 26.17, 26.17, 29.43, 26.4, 33.06, 11.05, 38.29, 41.4, 33.12, 45.35, 3.61, 21.21, 45.61, 45.69, 58.9, 48.1, 53.08, 40.31, 3.61, 45.04, 27.02, 21.21, 41.59, 8.06, 25.55, 42.9, 9.51, 33.68, 34.5, 33.68, 16.1, 22.01, 36.87, 60.44], [30.87, 15.23, 34.13, 28.79, 41.87, 0.0, 29.0, 17.12, 35.85, 20.4, 39.12, 22.8, 18.6, 23.09, 11.66, 23.6, 31.62, 13.34, 12.04, 5.0, 30.87, 24.19, 24.04, 7.07, 39.7, 25.08, 39.2, 32.31, 6.71, 26.0, 37.05, 27.59, 37.44, 40.22, 32.2, 39.05, 18.97, 5.39, 24.74, 29.41, 5.0, 32.76, 14.04, 34.71, 12.21, 30.68, 26.68, 19.24, 36.77, 23.71, 26.25, 9.22, 30.08, 2.0, 14.14, 13.45, 39.82, 25.71, 30.48, 15.0, 39.82, 38.08, 33.84, 30.41, 44.65, 20.88, 30.23, 32.89, 3.16, 12.17, 14.42, 30.41, 27.07, 25.0, 47.51, 39.2, 41.11, 15.81, 29.02, 32.14, 21.21, 29.02, 49.04, 3.61, 9.22, 11.4, 39.85, 38.29, 31.95, 40.8, 13.45, 17.03, 8.06, 11.4, 3.16, 43.01, 28.18, 26.48, 20.81, 16.4, 35.38, 17.2, 2.92, 34.76, 10.11, 26.62, 10.11, 26.5, 28.32, 14.22, 18.6], [32.25, 16.16, 42.8, 10.2, 32.06, 29.0, 0.0, 35.36, 32.89, 32.02, 33.96, 9.22, 17.8, 38.6, 19.92, 24.21, 28.23, 34.54, 22.85, 33.14, 32.25, 14.42, 42.72, 30.81, 26.02, 45.28, 10.77, 34.48, 35.13, 11.18, 8.25, 21.02, 32.02, 33.54, 32.65, 12.73, 29.21, 27.46, 42.44, 47.2, 25.18, 30.46, 31.3, 8.6, 20.25, 10.0, 34.71, 15.0, 26.17, 13.6, 8.94, 32.28, 11.05, 27.0, 34.01, 40.02, 36.4, 33.97, 24.7, 19.24, 19.92, 12.04, 29.73, 14.14, 26.25, 30.48, 27.73, 11.18, 28.16, 17.12, 38.9, 22.14, 38.18, 24.41, 31.78, 24.08, 16.4, 23.85, 40.31, 4.24, 33.42, 1.0, 32.28, 27.17, 35.69, 18.25, 15.0, 29.27, 11.05, 15.62, 22.36, 42.06, 37.01, 38.64, 30.15, 35.23, 13.6, 5.83, 24.04, 41.11, 24.19, 18.03, 27.61, 22.64, 29.26, 3.54, 29.26, 27.04, 10.31, 15.21, 42.72], [18.6, 28.02, 17.72, 29.83, 32.65, 17.12, 35.36, 0.0, 24.41, 6.71, 28.02, 33.24, 32.76, 6.0, 25.94, 16.12, 21.93, 4.12, 27.86, 14.14, 18.6, 37.01, 7.81, 10.05, 33.24, 10.0, 46.07, 19.1, 20.4, 26.93, 41.79, 22.09, 26.93, 29.68, 20.0, 47.71, 8.06, 22.36, 8.06, 13.04, 15.23, 21.95, 31.14, 43.27, 15.62, 31.78, 12.04, 20.62, 29.41, 23.77, 36.8, 8.0, 41.04, 17.46, 3.0, 11.31, 27.66, 11.31, 22.8, 29.53, 37.05, 39.81, 23.71, 29.15, 39.81, 8.54, 20.62, 43.28, 14.32, 23.6, 7.81, 24.33, 10.77, 17.26, 40.5, 33.73, 41.19, 11.7, 12.37, 36.77, 6.4, 35.85, 42.38, 14.56, 10.77, 19.1, 49.41, 29.55, 32.56, 50.22, 29.15, 31.32, 18.97, 25.0, 14.04, 32.45, 40.36, 30.46, 14.0, 8.94, 28.86, 17.46, 19.81, 29.03, 7.83, 34.53, 7.83, 16.92, 29.35, 25.22, 33.24], [5.83, 37.22, 15.3, 22.85, 9.06, 35.85, 32.89, 24.41, 0.0, 17.8, 3.61, 37.22, 42.11, 21.54, 37.85, 12.65, 5.0, 27.66, 41.23, 35.61, 5.83, 43.1, 26.25, 30.61, 13.0, 29.12, 40.82, 6.08, 41.62, 21.84, 34.67, 12.17, 3.0, 5.39, 4.47, 44.72, 17.69, 39.4, 25.0, 27.17, 31.3, 3.16, 48.1, 41.23, 25.3, 23.71, 13.0, 22.02, 9.43, 20.22, 39.62, 29.73, 43.17, 34.89, 26.25, 35.61, 4.12, 13.42, 8.25, 40.45, 20.81, 29.07, 3.16, 19.24, 19.92, 16.28, 6.08, 43.97, 32.76, 33.54, 32.2, 10.77, 16.49, 11.4, 18.0, 14.76, 27.66, 20.12, 17.12, 31.3, 18.03, 33.84, 20.0, 32.25, 33.94, 28.86, 47.42, 7.28, 23.32, 47.85, 41.98, 52.7, 41.23, 46.62, 33.84, 8.06, 44.55, 27.2, 15.23, 33.29, 10.63, 21.38, 37.34, 12.02, 26.71, 34.56, 26.71, 9.39, 22.66, 33.74, 54.38], [12.04, 27.86, 14.04, 25.08, 25.94, 20.4, 32.02, 6.71, 17.8, 0.0, 21.4, 31.62, 32.89, 6.71, 26.68, 10.05, 15.23, 9.9, 29.27, 18.79, 12.04, 36.24, 11.4, 13.93, 26.68, 14.32, 42.44, 12.81, 25.08, 22.36, 37.59, 16.03, 20.25, 23.02, 13.45, 44.69, 2.83, 25.08, 10.77, 15.26, 17.0, 15.26, 34.13, 40.36, 14.32, 26.93, 6.32, 17.03, 22.8, 19.24, 35.0, 12.53, 39.2, 20.1, 8.49, 17.8, 21.21, 5.39, 16.28, 30.08, 31.02, 34.79, 17.0, 23.77, 33.38, 2.0, 13.93, 41.11, 17.26, 23.41, 14.42, 18.03, 7.28, 11.0, 33.84, 27.29, 35.69, 8.6, 9.49, 32.76, 1.41, 32.65, 35.74, 17.12, 16.4, 18.38, 46.69, 22.85, 27.51, 47.42, 30.41, 36.25, 24.19, 29.97, 17.72, 25.81, 39.12, 26.63, 8.54, 15.65, 22.36, 14.14, 22.64, 22.64, 10.31, 31.82, 10.31, 10.31, 24.62, 24.62, 38.08], [9.43, 39.62, 18.03, 23.77, 6.08, 39.12, 33.96, 28.02, 3.61, 21.4, 0.0, 39.01, 44.41, 25.08, 40.52, 15.65, 7.62, 31.24, 43.97, 39.05, 9.43, 45.0, 29.73, 34.06, 11.4, 32.57, 41.15, 9.49, 45.0, 23.19, 34.89, 14.04, 2.0, 2.0, 8.06, 45.31, 21.21, 42.49, 28.46, 30.41, 34.48, 6.4, 51.08, 42.06, 28.23, 24.35, 16.55, 24.33, 8.6, 22.0, 41.19, 33.24, 44.55, 38.08, 29.83, 39.2, 2.83, 17.0, 10.05, 42.95, 19.8, 28.84, 5.39, 19.92, 17.89, 19.85, 8.94, 45.12, 36.06, 36.14, 35.81, 12.04, 19.92, 14.32, 15.13, 13.45, 26.91, 23.32, 20.4, 31.95, 21.63, 34.93, 17.12, 35.51, 37.48, 31.62, 48.1, 5.66, 23.77, 48.47, 44.64, 56.04, 44.69, 50.0, 37.2, 4.47, 46.17, 28.44, 18.36, 36.89, 10.3, 24.04, 40.5, 11.85, 30.15, 35.92, 30.15, 12.62, 23.65, 36.18, 57.69], [35.17, 8.0, 44.28, 16.76, 38.33, 22.8, 9.22, 33.24, 37.22, 31.62, 39.01, 0.0, 8.6, 37.64, 12.0, 26.25, 32.25, 31.4, 14.32, 27.51, 35.17, 6.08, 41.01, 26.42, 32.98, 43.19, 17.12, 37.36, 28.16, 16.12, 17.0, 25.08, 37.01, 39.01, 35.9, 16.28, 28.84, 20.02, 41.04, 46.01, 20.12, 34.37, 22.47, 12.04, 17.69, 17.46, 35.78, 15.81, 32.25, 17.03, 3.61, 28.3, 7.81, 20.88, 31.24, 35.34, 41.11, 34.89, 29.07, 10.44, 28.18, 21.21, 34.13, 20.62, 34.44, 30.53, 31.4, 10.3, 22.85, 10.77, 34.99, 27.0, 38.59, 26.93, 39.56, 31.32, 25.5, 23.02, 40.82, 13.45, 33.02, 8.6, 40.31, 21.93, 30.87, 14.21, 17.09, 35.13, 18.79, 18.03, 13.6, 33.73, 30.41, 31.02, 24.7, 41.11, 7.62, 11.7, 25.08, 37.22, 30.27, 17.89, 20.8, 28.85, 26.0, 5.7, 26.0, 29.6, 16.62, 8.73, 34.21], [39.05, 5.1, 46.57, 24.19, 44.64, 18.6, 17.8, 32.76, 42.11, 32.89, 44.41, 8.6, 0.0, 38.01, 7.07, 30.02, 37.12, 30.0, 7.28, 23.6, 39.05, 6.08, 40.5, 24.08, 39.92, 42.2, 25.0, 41.11, 22.47, 22.85, 25.55, 30.41, 42.43, 44.72, 40.01, 23.09, 30.36, 14.32, 40.82, 45.79, 17.8, 39.05, 14.32, 19.42, 18.68, 25.24, 38.08, 20.1, 38.6, 22.8, 10.44, 26.25, 13.0, 17.03, 30.23, 32.02, 46.17, 37.11, 34.37, 3.61, 36.06, 29.73, 39.2, 27.73, 42.19, 32.28, 36.06, 16.0, 19.8, 9.49, 32.53, 32.76, 40.16, 31.0, 46.96, 38.48, 33.94, 24.74, 42.38, 22.02, 34.18, 17.2, 47.89, 19.1, 27.66, 14.56, 23.02, 41.23, 26.63, 24.02, 6.08, 26.08, 25.08, 24.33, 21.26, 47.07, 10.2, 19.42, 28.16, 34.66, 36.69, 21.02, 15.95, 35.42, 24.96, 14.3, 24.96, 33.51, 23.94, 8.56, 26.31], [15.81, 33.12, 12.08, 31.78, 30.36, 23.09, 38.6, 6.0, 21.54, 6.71, 25.08, 37.64, 38.01, 0.0, 31.38, 16.49, 20.22, 10.05, 33.53, 20.1, 15.81, 41.88, 5.0, 16.03, 32.14, 8.0, 49.09, 15.65, 26.31, 29.07, 44.29, 22.36, 24.35, 26.93, 17.09, 51.22, 9.43, 28.28, 4.12, 8.6, 20.88, 19.65, 37.12, 46.86, 20.0, 33.62, 8.54, 23.6, 28.16, 25.94, 41.11, 14.0, 45.34, 23.35, 9.0, 16.12, 24.19, 8.25, 22.0, 34.93, 37.22, 41.44, 21.59, 30.36, 39.05, 8.54, 19.1, 47.38, 20.22, 28.65, 12.53, 24.08, 5.66, 17.26, 38.83, 33.02, 42.2, 14.87, 6.71, 39.45, 5.39, 39.2, 40.79, 20.4, 16.49, 23.85, 53.15, 27.66, 34.18, 53.91, 34.79, 37.11, 24.74, 30.81, 20.02, 29.55, 45.0, 33.29, 15.23, 12.81, 28.02, 20.62, 25.74, 28.5, 13.46, 38.24, 13.46, 16.01, 31.32, 30.1, 39.05], [34.13, 4.0, 40.61, 23.35, 41.63, 11.66, 19.92, 25.94, 37.85, 26.68, 40.52, 12.0, 7.07, 31.38, 0.0, 25.32, 32.98, 23.02, 3.61, 16.64, 34.13, 12.53, 33.62, 17.03, 37.74, 35.23, 29.07, 36.06, 16.28, 21.26, 28.16, 26.93, 38.6, 41.11, 35.23, 28.16, 24.33, 8.06, 34.0, 38.95, 10.82, 34.71, 12.04, 24.02, 13.0, 24.84, 32.25, 16.55, 35.78, 20.25, 15.13, 19.21, 18.68, 10.0, 23.32, 25.0, 41.98, 31.26, 30.68, 3.61, 35.36, 30.89, 35.17, 26.25, 41.11, 26.31, 31.78, 21.59, 12.73, 4.47, 25.46, 29.55, 33.96, 26.48, 45.22, 36.62, 34.67, 19.03, 36.14, 23.77, 27.89, 19.65, 46.4, 12.04, 20.62, 9.06, 28.64, 38.08, 26.25, 29.61, 4.12, 22.14, 18.68, 19.03, 14.21, 43.66, 16.55, 19.42, 23.09, 27.59, 34.0, 16.49, 9.19, 32.93, 18.12, 16.87, 18.12, 28.78, 22.98, 5.32, 22.85], [9.06, 25.0, 18.6, 15.81, 18.38, 23.6, 24.21, 16.12, 12.65, 10.05, 15.65, 26.25, 30.02, 16.49, 25.32, 0.0, 8.06, 18.03, 28.64, 24.08, 9.06, 31.78, 21.38, 19.21, 17.46, 24.33, 33.97, 11.18, 29.73, 13.45, 28.6, 6.0, 13.89, 16.64, 10.0, 36.88, 8.06, 26.83, 20.62, 24.7, 18.87, 9.49, 35.47, 32.8, 12.65, 17.49, 10.63, 10.44, 13.89, 10.63, 29.15, 18.87, 33.11, 22.47, 16.76, 26.0, 16.76, 10.0, 7.21, 28.07, 21.0, 25.08, 10.3, 13.93, 23.77, 8.06, 6.71, 34.48, 20.62, 21.1, 23.09, 8.25, 14.42, 1.41, 25.06, 17.72, 25.71, 7.81, 16.4, 24.08, 11.18, 25.0, 26.83, 20.0, 23.32, 16.28, 39.2, 14.87, 17.89, 39.82, 29.43, 40.61, 29.73, 34.71, 21.93, 19.42, 33.84, 18.44, 2.83, 24.74, 13.0, 9.0, 24.87, 12.98, 15.4, 24.87, 15.4, 3.5, 15.4, 21.5, 42.2], [5.39, 32.25, 17.0, 18.36, 10.82, 31.62, 28.23, 21.93, 5.0, 15.23, 7.62, 32.25, 37.12, 20.22, 32.98, 8.06, 0.0, 24.7, 36.4, 31.83, 5.39, 38.12, 25.18, 26.87, 12.0, 28.16, 36.62, 7.21, 37.64, 17.09, 30.61, 7.28, 5.83, 8.6, 5.0, 40.31, 14.42, 34.89, 24.08, 27.07, 26.93, 2.24, 43.46, 36.67, 20.62, 19.42, 12.0, 17.03, 8.0, 15.3, 34.71, 26.25, 38.33, 30.53, 23.32, 32.76, 9.06, 12.04, 3.61, 35.51, 18.38, 25.5, 2.24, 15.0, 19.03, 13.42, 1.41, 39.22, 28.6, 28.64, 29.53, 6.4, 16.03, 6.71, 18.68, 13.15, 24.7, 15.81, 17.26, 26.93, 15.81, 29.15, 20.62, 28.02, 30.61, 24.04, 42.94, 7.62, 19.21, 43.42, 37.11, 48.6, 37.48, 42.64, 29.83, 11.4, 39.62, 22.47, 10.82, 30.87, 8.25, 16.49, 32.93, 9.19, 22.98, 29.74, 22.98, 5.32, 18.12, 28.78, 50.22], [21.93, 25.5, 21.84, 30.15, 35.51, 13.34, 34.54, 4.12, 27.66, 9.9, 31.24, 31.4, 30.0, 10.05, 23.02, 18.03, 24.7, 0.0, 24.6, 10.05, 21.93, 34.66, 10.77, 6.32, 35.47, 12.21, 45.31, 22.67, 16.28, 27.17, 41.48, 23.77, 30.0, 32.8, 23.35, 46.53, 10.3, 18.68, 11.4, 16.16, 12.21, 25.0, 27.29, 42.06, 14.32, 32.14, 15.81, 20.4, 31.78, 24.08, 35.0, 4.12, 39.2, 13.93, 1.41, 8.06, 31.11, 15.0, 25.08, 26.63, 38.47, 40.2, 26.63, 30.02, 41.76, 11.4, 23.32, 41.62, 10.77, 21.21, 5.1, 26.25, 14.87, 19.31, 42.95, 35.74, 42.0, 12.0, 16.49, 36.4, 10.0, 34.93, 44.78, 11.18, 6.71, 17.2, 48.02, 32.25, 33.06, 48.88, 25.94, 27.2, 14.87, 20.88, 10.2, 35.61, 38.21, 30.08, 15.52, 7.0, 31.02, 17.26, 16.14, 30.99, 5.41, 33.32, 5.41, 19.47, 29.65, 23.01, 29.12], [37.34, 6.71, 43.29, 26.87, 45.19, 12.04, 22.85, 27.86, 41.23, 29.27, 43.97, 14.32, 7.28, 33.53, 3.61, 28.64, 36.4, 24.6, 0.0, 16.97, 37.34, 13.34, 35.34, 18.36, 41.34, 36.72, 31.4, 39.2, 15.23, 24.84, 31.02, 30.46, 42.06, 44.6, 38.47, 30.0, 27.07, 7.21, 35.85, 40.72, 12.65, 38.08, 8.6, 26.08, 16.12, 28.32, 35.06, 20.12, 39.36, 23.85, 17.03, 20.59, 20.1, 10.82, 25.08, 25.46, 45.35, 34.06, 34.18, 4.0, 38.9, 34.13, 38.6, 29.83, 44.69, 29.07, 35.17, 23.09, 13.89, 8.06, 26.4, 33.11, 36.5, 29.83, 48.83, 40.22, 38.01, 22.02, 38.64, 26.83, 30.41, 22.47, 50.0, 13.42, 21.26, 12.37, 30.15, 41.63, 29.73, 31.14, 1.41, 19.42, 17.89, 17.12, 15.0, 47.17, 17.46, 22.8, 26.31, 28.43, 37.59, 19.92, 9.19, 36.53, 20.08, 19.61, 20.08, 32.07, 26.52, 8.85, 19.92], [30.23, 20.12, 31.78, 31.78, 42.45, 5.0, 33.14, 14.14, 35.61, 18.79, 39.05, 27.51, 23.6, 20.1, 16.64, 24.08, 31.83, 10.05, 16.97, 0.0, 30.23, 29.15, 20.22, 5.0, 41.05, 20.88, 43.57, 31.38, 6.32, 28.86, 41.01, 28.84, 37.54, 40.36, 31.62, 43.68, 18.03, 10.0, 21.1, 25.5, 8.0, 32.65, 17.72, 39.29, 14.56, 33.73, 25.08, 21.84, 37.8, 26.25, 31.02, 6.32, 34.93, 6.71, 11.18, 8.49, 39.41, 24.17, 31.24, 20.0, 42.15, 41.44, 33.97, 32.89, 46.53, 19.72, 30.41, 37.7, 5.0, 16.76, 9.85, 31.62, 24.74, 25.5, 48.83, 40.82, 44.15, 16.4, 26.48, 36.0, 19.31, 33.24, 50.48, 6.0, 4.47, 15.0, 44.6, 38.95, 34.93, 45.54, 18.38, 17.46, 5.66, 11.18, 3.0, 43.19, 33.12, 30.07, 21.26, 11.66, 36.62, 19.31, 7.78, 36.2, 8.9, 30.99, 8.9, 26.54, 31.29, 18.82, 19.31], [0.0, 34.01, 11.66, 22.8, 14.56, 30.87, 32.25, 18.6, 5.83, 12.04, 9.43, 35.17, 39.05, 15.81, 34.13, 9.06, 5.39, 21.93, 37.34, 30.23, 0.0, 40.79, 20.62, 25.24, 17.12, 23.54, 41.23, 2.24, 36.36, 21.1, 35.38, 11.4, 8.54, 11.18, 1.41, 44.65, 12.21, 34.79, 19.42, 22.0, 26.57, 4.0, 43.68, 40.82, 21.21, 24.08, 7.28, 19.42, 13.15, 18.79, 37.95, 24.21, 41.79, 30.08, 20.52, 29.83, 9.22, 7.62, 8.6, 37.01, 23.77, 30.61, 6.0, 19.8, 24.19, 10.63, 5.0, 42.95, 27.73, 30.02, 26.4, 11.4, 11.05, 8.25, 23.19, 18.44, 30.02, 15.52, 12.04, 31.4, 12.21, 33.12, 25.18, 27.31, 28.32, 25.08, 47.17, 12.04, 24.04, 47.71, 38.21, 47.51, 35.81, 41.34, 28.65, 13.89, 42.72, 26.42, 11.05, 27.46, 13.6, 18.03, 32.6, 14.58, 21.36, 33.35, 21.36, 5.59, 22.5, 30.52, 49.24], [40.79, 9.22, 49.4, 22.8, 44.41, 24.19, 14.42, 37.01, 43.1, 36.24, 45.0, 6.08, 6.08, 41.88, 12.53, 31.78, 38.12, 34.66, 13.34, 29.15, 40.79, 0.0, 44.82, 29.07, 39.05, 46.75, 19.7, 42.95, 28.46, 22.2, 21.26, 31.02, 43.0, 45.04, 41.59, 17.26, 33.54, 20.25, 45.0, 50.0, 22.67, 40.2, 20.1, 13.93, 21.95, 23.41, 40.85, 21.38, 38.33, 23.0, 5.66, 31.14, 7.07, 22.47, 34.71, 37.44, 47.04, 39.92, 35.01, 9.49, 34.01, 26.4, 40.05, 26.68, 40.31, 35.34, 37.22, 10.05, 25.0, 13.45, 37.64, 33.02, 43.38, 32.56, 45.54, 37.36, 30.81, 27.73, 45.62, 18.6, 37.59, 13.6, 46.24, 24.21, 33.02, 18.03, 17.0, 41.19, 24.7, 18.0, 12.17, 32.02, 31.02, 30.41, 26.63, 47.17, 4.12, 17.72, 30.36, 39.82, 36.35, 23.09, 21.69, 34.94, 29.4, 10.98, 29.4, 35.2, 22.68, 11.8, 32.14], [20.62, 35.81, 14.87, 36.4, 35.17, 24.04, 42.72, 7.81, 26.25, 11.4, 29.73, 41.01, 40.5, 5.0, 33.62, 21.38, 25.18, 10.77, 35.34, 20.22, 20.62, 44.82, 0.0, 17.09, 37.12, 3.0, 53.34, 20.25, 26.02, 33.62, 48.75, 27.29, 29.12, 31.62, 21.84, 55.22, 13.93, 29.41, 1.41, 5.39, 22.83, 24.52, 37.85, 50.8, 23.35, 38.28, 13.34, 27.78, 33.14, 30.46, 44.55, 14.87, 48.8, 24.7, 10.3, 14.32, 28.64, 13.15, 27.0, 37.22, 42.19, 46.17, 26.48, 35.17, 44.05, 13.34, 24.08, 50.99, 21.54, 31.4, 11.05, 29.07, 9.85, 22.2, 43.74, 38.01, 47.07, 18.87, 10.0, 43.83, 10.2, 43.27, 45.71, 21.93, 16.03, 26.91, 57.01, 32.56, 38.9, 57.8, 36.67, 36.22, 24.02, 30.07, 20.88, 34.18, 48.17, 37.59, 19.92, 10.44, 33.02, 24.7, 26.88, 33.5, 15.53, 42.1, 15.53, 21.01, 35.93, 33.03, 38.21], [25.24, 19.85, 27.29, 28.16, 37.54, 7.07, 30.81, 10.05, 30.61, 13.93, 34.06, 26.42, 24.08, 16.03, 17.03, 19.21, 26.87, 6.32, 18.36, 5.0, 25.24, 29.07, 17.09, 0.0, 36.36, 18.36, 41.48, 26.42, 11.18, 25.18, 38.33, 24.19, 32.56, 35.38, 26.63, 42.15, 13.04, 12.37, 17.72, 22.47, 6.4, 27.66, 21.1, 37.7, 11.0, 30.15, 20.25, 18.11, 33.02, 22.36, 30.02, 2.24, 34.13, 7.62, 7.07, 9.22, 34.41, 19.31, 26.4, 20.62, 37.95, 38.05, 29.0, 28.86, 42.05, 14.76, 25.46, 36.72, 4.47, 15.81, 8.6, 26.93, 20.22, 20.62, 44.1, 36.24, 40.45, 11.66, 22.09, 33.24, 14.56, 31.05, 45.79, 5.0, 5.0, 12.65, 43.38, 34.06, 31.26, 44.28, 19.72, 22.36, 10.63, 16.12, 4.0, 38.21, 32.8, 27.07, 16.4, 10.82, 31.91, 15.3, 9.82, 31.57, 3.91, 29.09, 3.91, 21.57, 27.66, 17.76, 24.17], [17.12, 35.78, 28.16, 16.28, 6.71, 39.7, 26.02, 33.24, 13.0, 26.68, 11.4, 32.98, 39.92, 32.14, 37.74, 17.46, 12.0, 35.47, 41.34, 41.05, 17.12, 39.05, 37.12, 36.36, 0.0, 40.11, 31.32, 18.44, 46.23, 17.09, 25.0, 12.21, 10.3, 9.9, 16.28, 35.9, 25.3, 41.77, 36.06, 39.05, 34.71, 13.15, 49.41, 33.24, 27.59, 16.03, 24.0, 21.4, 4.0, 17.49, 34.37, 36.24, 37.05, 38.21, 34.18, 43.46, 14.21, 24.02, 10.44, 39.36, 8.6, 18.38, 11.18, 12.37, 7.07, 24.74, 13.04, 37.01, 37.01, 33.29, 40.5, 9.43, 28.02, 16.16, 7.81, 2.24, 15.81, 24.7, 29.15, 23.09, 27.46, 27.02, 9.43, 36.24, 40.71, 29.83, 38.83, 5.83, 15.0, 39.05, 41.68, 56.59, 46.62, 51.09, 38.6, 10.3, 39.32, 21.38, 20.12, 42.06, 4.47, 22.63, 40.31, 4.95, 32.68, 28.71, 32.68, 16.38, 16.38, 32.68, 57.98], [23.54, 37.64, 17.03, 39.22, 38.08, 25.08, 45.28, 10.0, 29.12, 14.32, 32.57, 43.19, 42.2, 8.0, 35.23, 24.33, 28.16, 12.21, 36.72, 20.88, 23.54, 46.75, 3.0, 18.36, 40.11, 0.0, 55.95, 23.09, 26.31, 36.4, 51.48, 30.27, 32.02, 34.48, 24.74, 57.69, 16.76, 30.46, 4.12, 5.1, 24.41, 27.46, 38.6, 53.25, 25.61, 41.11, 16.28, 30.41, 36.12, 33.24, 46.75, 16.12, 50.99, 25.94, 12.04, 14.0, 31.38, 16.12, 30.0, 38.83, 45.18, 49.04, 29.43, 38.08, 47.04, 16.28, 27.07, 53.26, 22.83, 33.3, 11.18, 32.06, 12.65, 25.18, 46.69, 41.01, 50.01, 21.47, 12.53, 46.52, 13.15, 45.79, 48.66, 23.32, 16.49, 29.0, 59.41, 35.51, 41.76, 60.22, 38.08, 36.01, 24.08, 30.02, 21.93, 37.0, 50.21, 40.25, 22.8, 10.0, 36.01, 27.29, 27.97, 36.5, 17.36, 44.53, 17.36, 24.01, 38.75, 35.02, 38.01], [41.23, 25.08, 52.35, 18.44, 37.95, 39.2, 10.77, 46.07, 40.82, 42.44, 41.15, 17.12, 25.0, 49.09, 29.07, 33.97, 36.62, 45.31, 31.4, 43.57, 41.23, 19.7, 53.34, 41.48, 31.32, 55.95, 0.0, 43.42, 45.01, 20.52, 6.32, 29.83, 39.36, 40.31, 41.4, 5.1, 39.66, 37.01, 53.0, 57.69, 35.69, 38.83, 39.29, 5.83, 31.02, 17.2, 44.6, 25.55, 32.7, 23.43, 14.56, 43.01, 13.04, 37.22, 44.78, 50.7, 43.83, 43.93, 33.02, 27.46, 23.35, 13.15, 37.74, 21.63, 29.07, 40.8, 36.4, 10.63, 38.64, 27.07, 49.65, 30.23, 48.27, 33.94, 35.13, 29.12, 17.0, 34.48, 50.33, 9.9, 43.83, 10.44, 35.01, 37.66, 46.32, 28.86, 8.06, 35.85, 17.49, 8.0, 30.59, 50.8, 47.1, 48.09, 40.61, 41.44, 16.64, 15.81, 34.21, 51.87, 30.87, 28.65, 37.53, 29.3, 40.03, 12.59, 40.03, 36.43, 18.77, 25.04, 51.2], [2.24, 36.06, 9.85, 25.0, 15.13, 32.31, 34.48, 19.1, 6.08, 12.81, 9.49, 37.36, 41.11, 15.65, 36.06, 11.18, 7.21, 22.67, 39.2, 31.38, 2.24, 42.95, 20.25, 26.42, 18.44, 23.09, 43.42, 0.0, 37.59, 23.32, 37.54, 13.6, 9.06, 11.4, 2.24, 46.87, 13.42, 36.4, 18.97, 21.1, 28.16, 5.39, 45.35, 43.05, 23.09, 26.25, 7.21, 21.59, 14.56, 21.02, 40.16, 25.24, 44.01, 31.62, 21.26, 30.41, 8.6, 7.81, 10.63, 39.0, 25.5, 32.65, 7.28, 21.93, 25.5, 11.66, 7.07, 45.19, 29.15, 32.0, 26.91, 13.45, 10.44, 10.44, 24.02, 19.92, 31.91, 17.26, 11.05, 33.6, 12.73, 35.36, 26.02, 28.79, 29.21, 27.02, 49.4, 13.04, 26.17, 49.93, 40.11, 48.76, 36.89, 42.54, 29.97, 13.93, 44.92, 28.65, 13.0, 27.8, 15.23, 20.1, 34.15, 16.32, 22.59, 35.59, 22.59, 7.76, 24.7, 32.56, 50.54], [36.36, 20.22, 38.08, 35.47, 48.1, 6.71, 35.13, 20.4, 41.62, 25.08, 45.0, 28.16, 22.47, 26.31, 16.28, 29.73, 37.64, 16.28, 15.23, 6.32, 36.36, 28.46, 26.02, 11.18, 46.23, 26.31, 45.01, 37.59, 0.0, 32.7, 43.29, 34.06, 43.42, 46.23, 37.74, 44.41, 24.19, 8.25, 27.0, 31.14, 11.66, 38.6, 13.04, 40.2, 18.87, 37.34, 31.38, 25.94, 43.19, 30.41, 31.4, 12.65, 34.93, 8.54, 17.46, 12.65, 45.49, 30.46, 36.77, 18.97, 46.53, 44.64, 39.82, 37.12, 51.31, 25.94, 36.24, 37.85, 9.22, 18.03, 15.13, 36.88, 31.05, 31.14, 54.04, 45.8, 47.76, 21.93, 32.76, 38.47, 25.63, 35.06, 55.61, 10.0, 10.0, 18.03, 44.91, 44.55, 38.63, 45.89, 16.55, 11.18, 2.83, 5.0, 7.81, 49.04, 32.57, 32.98, 26.91, 16.49, 41.87, 23.85, 7.52, 41.31, 15.01, 32.5, 15.01, 32.41, 35.0, 20.01, 13.0], [21.1, 18.87, 31.89, 3.0, 22.2, 26.0, 11.18, 26.93, 21.84, 22.36, 23.19, 16.12, 22.85, 29.07, 21.26, 13.45, 17.09, 27.17, 24.84, 28.86, 21.1, 22.2, 33.62, 25.18, 17.09, 36.4, 20.52, 23.32, 32.7, 0.0, 15.26, 9.85, 21.21, 23.02, 21.47, 23.6, 19.7, 26.63, 33.11, 37.59, 21.19, 19.31, 33.24, 19.72, 14.32, 5.0, 24.08, 7.07, 16.12, 3.16, 18.03, 26.02, 21.38, 24.17, 26.31, 34.01, 25.5, 23.43, 13.6, 22.47, 14.21, 13.04, 18.68, 5.0, 19.85, 20.59, 16.55, 22.14, 24.04, 16.97, 32.06, 11.18, 27.8, 13.45, 24.19, 15.65, 15.3, 15.3, 29.83, 10.63, 23.71, 12.08, 25.24, 23.09, 30.15, 14.76, 26.08, 19.03, 6.08, 26.63, 25.0, 41.88, 33.84, 37.12, 25.96, 25.02, 23.02, 5.39, 13.89, 34.13, 14.14, 10.0, 25.74, 12.75, 22.5, 12.75, 22.5, 16.01, 2.5, 16.01, 43.01], [35.38, 24.35, 46.69, 12.81, 31.62, 37.05, 8.25, 41.79, 34.67, 37.59, 34.89, 17.0, 25.55, 44.29, 28.16, 28.6, 30.61, 41.48, 31.02, 41.01, 35.38, 21.26, 48.75, 38.33, 25.0, 51.48, 6.32, 37.54, 43.29, 15.26, 0.0, 24.04, 33.12, 34.01, 35.47, 11.05, 34.89, 35.69, 48.3, 52.84, 33.02, 32.8, 39.4, 9.49, 27.46, 11.31, 39.2, 21.19, 26.4, 18.36, 15.62, 39.62, 15.81, 35.06, 40.8, 47.52, 37.59, 38.6, 27.02, 27.31, 17.12, 7.0, 31.62, 15.62, 23.0, 35.85, 30.48, 14.32, 36.01, 25.32, 46.1, 24.21, 43.01, 28.43, 29.02, 22.8, 11.18, 30.08, 45.0, 5.1, 38.95, 8.54, 29.02, 35.01, 43.29, 26.02, 14.04, 29.55, 11.4, 14.14, 30.46, 50.29, 45.1, 46.87, 38.01, 35.11, 19.21, 11.4, 29.15, 48.27, 24.6, 24.35, 35.78, 23.03, 36.39, 11.42, 36.39, 30.81, 13.2, 23.44, 50.92], [11.4, 25.71, 22.67, 11.4, 14.76, 27.59, 21.02, 22.09, 12.17, 16.03, 14.04, 25.08, 30.41, 22.36, 26.93, 6.0, 7.28, 23.77, 30.46, 28.84, 11.4, 31.02, 27.29, 24.19, 12.21, 30.27, 29.83, 13.6, 34.06, 9.85, 24.04, 0.0, 12.04, 14.32, 11.66, 33.29, 14.04, 30.0, 26.48, 30.36, 22.63, 9.49, 38.08, 29.53, 15.62, 12.73, 15.65, 10.44, 9.22, 8.06, 27.46, 24.17, 31.05, 26.17, 22.56, 31.62, 16.03, 15.23, 4.0, 29.12, 15.0, 19.72, 9.06, 8.6, 18.03, 14.04, 6.71, 31.95, 24.84, 22.47, 28.86, 2.83, 19.7, 5.1, 20.0, 12.08, 19.92, 12.53, 21.47, 20.0, 17.12, 21.93, 21.63, 24.08, 28.64, 18.36, 35.85, 11.18, 12.81, 36.36, 31.02, 44.55, 34.41, 38.95, 26.4, 16.76, 32.39, 15.23, 8.25, 30.59, 7.81, 10.82, 28.36, 7.38, 20.57, 22.46, 20.57, 6.95, 11.1, 22.32, 46.01], [8.54, 37.66, 18.25, 21.84, 6.08, 37.44, 32.02, 26.93, 3.0, 20.25, 2.0, 37.01, 42.43, 24.35, 38.6, 13.89, 5.83, 30.0, 42.06, 37.54, 8.54, 43.0, 29.12, 32.56, 10.3, 32.02, 39.36, 9.06, 43.42, 21.21, 33.12, 12.04, 0.0, 2.83, 7.28, 43.46, 19.85, 40.71, 27.89, 30.15, 32.76, 5.0, 49.24, 40.16, 26.4, 22.47, 15.81, 22.36, 7.07, 20.0, 39.2, 31.83, 42.58, 36.36, 28.6, 38.01, 4.47, 16.16, 8.06, 41.0, 18.44, 27.2, 3.61, 18.03, 17.09, 18.6, 7.21, 43.17, 34.41, 34.21, 34.67, 10.05, 19.42, 12.53, 15.0, 12.21, 25.46, 21.63, 20.1, 30.08, 20.59, 32.98, 17.0, 33.84, 36.12, 29.73, 46.24, 4.47, 21.93, 46.62, 42.72, 54.41, 43.19, 48.41, 35.61, 5.66, 44.18, 26.48, 16.64, 35.85, 8.6, 22.14, 38.76, 10.12, 28.66, 33.95, 28.66, 11.01, 21.71, 34.22, 56.04], [11.18, 40.02, 20.02, 23.35, 4.12, 40.22, 33.54, 29.68, 5.39, 23.02, 2.0, 39.01, 44.72, 26.93, 41.11, 16.64, 8.6, 32.8, 44.6, 40.36, 11.18, 45.04, 31.62, 35.38, 9.9, 34.48, 40.31, 11.4, 46.23, 23.02, 34.01, 14.32, 2.83, 0.0, 9.85, 44.6, 22.67, 43.42, 30.36, 32.39, 35.51, 7.81, 51.89, 41.48, 29.07, 23.77, 18.38, 24.74, 7.62, 22.09, 41.05, 34.66, 44.28, 39.12, 31.4, 40.8, 4.47, 18.79, 10.44, 43.42, 18.44, 27.78, 6.4, 19.42, 16.12, 21.4, 10.0, 44.72, 37.2, 36.69, 37.44, 12.04, 21.84, 15.26, 13.15, 12.04, 25.61, 24.41, 22.36, 31.32, 23.32, 34.53, 15.13, 36.62, 38.95, 32.31, 47.43, 4.47, 23.09, 47.76, 45.22, 57.2, 46.01, 51.22, 38.42, 2.83, 46.04, 28.16, 19.42, 38.59, 9.49, 24.7, 41.5, 11.07, 31.48, 35.67, 31.48, 13.83, 23.26, 36.62, 58.82], [1.41, 35.0, 12.08, 23.02, 13.34, 32.2, 32.65, 20.0, 4.47, 13.45, 8.06, 35.9, 40.01, 17.09, 35.23, 10.0, 5.0, 23.35, 38.47, 31.62, 1.41, 41.59, 21.84, 26.63, 16.28, 24.74, 41.4, 2.24, 37.74, 21.47, 35.47, 11.66, 7.28, 9.85, 0.0, 44.94, 13.6, 36.06, 20.62, 23.02, 27.86, 3.16, 44.92, 41.18, 22.36, 24.21, 8.54, 20.22, 12.37, 19.31, 38.6, 25.61, 42.38, 31.38, 21.93, 31.24, 7.81, 8.94, 8.49, 38.05, 23.26, 30.48, 5.1, 19.85, 23.35, 12.04, 5.0, 43.46, 29.07, 31.06, 27.8, 11.31, 12.17, 9.06, 22.09, 17.72, 29.68, 16.76, 13.0, 31.62, 13.6, 33.54, 24.08, 28.64, 29.73, 26.17, 47.51, 11.0, 24.08, 48.02, 39.32, 48.88, 37.2, 42.72, 30.02, 12.53, 43.42, 26.83, 12.17, 28.84, 13.0, 19.0, 33.89, 14.09, 22.74, 33.89, 22.74, 6.5, 22.74, 31.5, 50.61], [44.65, 24.19, 55.44, 21.95, 42.45, 39.05, 12.73, 47.71, 44.72, 44.69, 45.31, 16.28, 23.09, 51.22, 28.16, 36.88, 40.31, 46.53, 30.0, 43.68, 44.65, 17.26, 55.22, 42.15, 35.9, 57.69, 5.1, 46.87, 44.41, 23.6, 11.05, 33.29, 43.46, 44.6, 44.94, 0.0, 41.87, 36.22, 55.0, 59.82, 36.06, 42.54, 37.34, 4.47, 32.25, 21.02, 47.42, 27.66, 37.0, 26.25, 13.04, 43.86, 10.2, 37.11, 46.14, 51.26, 47.93, 46.69, 36.72, 26.0, 28.16, 18.03, 41.59, 25.5, 34.01, 43.19, 39.96, 7.28, 38.9, 26.93, 50.57, 34.0, 50.91, 37.01, 40.05, 33.73, 22.02, 36.4, 53.04, 13.42, 46.1, 12.04, 40.0, 37.95, 46.82, 29.55, 3.0, 40.16, 21.54, 3.16, 29.02, 49.16, 46.69, 47.04, 40.8, 45.88, 13.6, 18.44, 36.77, 52.8, 35.11, 30.61, 37.07, 33.53, 41.15, 13.21, 41.15, 39.6, 22.21, 24.86, 49.37], [12.21, 25.3, 16.28, 22.47, 25.24, 18.97, 29.21, 8.06, 17.69, 2.83, 21.21, 28.84, 30.36, 9.43, 24.33, 8.06, 14.42, 10.3, 27.07, 18.03, 12.21, 33.54, 13.93, 13.04, 25.3, 16.76, 39.66, 13.42, 24.19, 19.7, 34.89, 14.04, 19.85, 22.67, 13.6, 41.87, 0.0, 23.35, 13.42, 18.03, 15.13, 14.87, 32.39, 37.54, 11.7, 24.35, 8.0, 14.21, 21.54, 16.55, 32.2, 12.04, 36.4, 18.44, 8.94, 18.36, 21.4, 7.0, 14.87, 27.66, 29.02, 32.28, 16.4, 21.38, 31.78, 2.0, 13.04, 38.29, 15.81, 20.88, 15.23, 16.28, 9.85, 9.22, 32.7, 25.71, 33.38, 5.83, 12.08, 30.02, 4.24, 29.83, 34.54, 15.52, 16.28, 15.81, 43.86, 21.95, 25.0, 44.6, 28.16, 35.36, 23.6, 29.15, 16.55, 25.5, 36.36, 23.85, 6.08, 16.76, 20.88, 11.31, 20.99, 20.99, 9.18, 28.99, 9.18, 9.18, 22.01, 22.01, 37.12], [34.79, 12.04, 39.01, 29.15, 44.65, 5.39, 27.46, 22.36, 39.4, 25.08, 42.49, 20.02, 14.32, 28.28, 8.06, 26.83, 34.89, 18.68, 7.21, 10.0, 34.79, 20.25, 29.41, 12.37, 41.77, 30.46, 37.01, 36.4, 8.25, 26.63, 35.69, 30.0, 40.71, 43.42, 36.06, 36.22, 23.35, 0.0, 30.08, 34.79, 8.25, 36.25, 9.06, 32.06, 14.42, 30.89, 31.26, 20.52, 39.2, 24.84, 23.19, 14.56, 26.68, 5.0, 19.42, 18.44, 43.46, 30.27, 33.29, 10.77, 40.8, 37.7, 37.12, 31.4, 46.1, 25.32, 33.54, 29.61, 8.06, 10.44, 19.72, 32.8, 32.0, 28.18, 49.52, 41.01, 41.15, 19.31, 34.01, 31.05, 26.02, 27.29, 50.91, 8.0, 14.42, 12.04, 36.67, 41.05, 32.25, 37.66, 8.6, 15.26, 10.77, 11.18, 8.54, 46.14, 24.35, 26.0, 24.17, 21.63, 37.64, 19.21, 2.55, 36.83, 15.01, 24.63, 15.01, 30.0, 28.73, 12.26, 16.4], [19.42, 36.06, 13.45, 35.85, 33.96, 24.74, 42.44, 8.06, 25.0, 10.77, 28.46, 41.04, 40.82, 4.12, 34.0, 20.62, 24.08, 11.4, 35.85, 21.1, 19.42, 45.0, 1.41, 17.72, 36.06, 4.12, 53.0, 18.97, 27.0, 33.11, 48.3, 26.48, 27.89, 30.36, 20.62, 55.0, 13.42, 30.08, 0.0, 5.0, 23.26, 23.35, 38.64, 50.61, 23.35, 37.7, 12.17, 27.46, 32.06, 29.97, 44.55, 15.52, 48.8, 25.3, 10.77, 15.52, 27.31, 12.04, 26.02, 37.59, 41.3, 45.54, 25.32, 34.48, 43.01, 12.65, 23.02, 50.93, 22.14, 31.62, 12.17, 28.16, 8.54, 21.38, 42.58, 37.0, 46.32, 18.6, 8.6, 43.42, 9.49, 43.01, 44.55, 22.47, 17.0, 27.02, 56.85, 31.4, 38.28, 57.63, 37.16, 37.34, 25.08, 31.14, 21.59, 32.89, 48.27, 37.22, 19.31, 11.7, 32.0, 24.41, 27.54, 32.53, 15.88, 41.93, 15.88, 20.06, 35.39, 33.2, 39.32], [22.0, 41.05, 13.42, 40.25, 36.22, 29.41, 47.2, 13.04, 27.17, 15.26, 30.41, 46.01, 45.79, 8.6, 38.95, 24.7, 27.07, 16.16, 40.72, 25.5, 22.0, 50.0, 5.39, 22.47, 39.05, 5.1, 57.69, 21.1, 31.14, 37.59, 52.84, 30.36, 30.15, 32.39, 23.02, 59.82, 18.03, 34.79, 5.0, 0.0, 28.18, 26.0, 43.17, 55.44, 28.32, 42.05, 15.13, 32.2, 35.06, 34.48, 49.52, 20.25, 53.76, 30.08, 15.65, 19.03, 28.86, 15.3, 29.43, 42.54, 44.91, 49.77, 28.0, 38.63, 46.1, 17.0, 26.17, 55.87, 26.93, 36.62, 16.03, 31.78, 11.05, 25.3, 45.1, 40.2, 50.29, 23.43, 10.05, 48.02, 13.89, 47.8, 47.1, 27.31, 21.21, 32.02, 61.72, 34.01, 42.54, 62.48, 42.05, 41.05, 29.02, 35.0, 26.25, 34.71, 53.26, 41.88, 23.71, 15.03, 35.23, 29.21, 32.26, 35.92, 20.84, 46.8, 20.84, 23.65, 39.8, 38.2, 43.05], [26.57, 13.45, 31.02, 24.04, 37.01, 5.0, 25.18, 15.23, 31.3, 17.0, 34.48, 20.12, 17.8, 20.88, 10.82, 18.87, 26.93, 12.21, 12.65, 8.0, 26.57, 22.67, 22.83, 6.4, 34.71, 24.41, 35.69, 28.16, 11.66, 21.19, 33.02, 22.63, 32.76, 35.51, 27.86, 36.06, 15.13, 8.25, 23.26, 28.18, 0.0, 28.18, 17.26, 31.62, 7.21, 25.96, 23.09, 14.32, 31.83, 18.79, 23.71, 8.49, 27.78, 3.61, 12.53, 15.23, 35.34, 22.09, 25.61, 14.42, 34.89, 33.54, 29.15, 25.5, 39.66, 17.12, 25.55, 30.41, 3.0, 9.43, 15.0, 25.46, 24.08, 20.25, 42.52, 34.21, 36.4, 11.18, 26.17, 28.0, 18.03, 25.32, 44.05, 2.0, 10.77, 7.0, 37.16, 33.42, 27.2, 38.08, 13.93, 21.93, 12.65, 16.4, 5.0, 38.28, 26.4, 22.09, 16.12, 17.2, 30.41, 12.21, 6.04, 29.77, 7.43, 23.16, 7.43, 21.91, 23.56, 11.41, 23.43], [4.0, 34.13, 15.23, 20.59, 10.77, 32.76, 30.46, 21.95, 3.16, 15.26, 6.4, 34.37, 39.05, 19.65, 34.71, 9.49, 2.24, 25.0, 38.08, 32.65, 4.0, 40.2, 24.52, 27.66, 13.15, 27.46, 38.83, 5.39, 38.6, 19.31, 32.8, 9.49, 5.0, 7.81, 3.16, 42.54, 14.87, 36.25, 23.35, 26.0, 28.18, 0.0, 44.94, 38.91, 22.14, 21.63, 11.18, 19.0, 9.22, 17.46, 36.88, 26.87, 40.52, 31.76, 23.6, 33.02, 7.28, 11.4, 5.83, 37.34, 20.12, 27.59, 2.0, 17.2, 20.22, 13.6, 3.0, 41.44, 29.68, 30.41, 29.68, 8.6, 15.03, 8.25, 19.24, 14.56, 26.63, 17.0, 16.03, 29.15, 15.65, 31.38, 21.21, 29.15, 31.14, 25.71, 45.18, 8.06, 21.4, 45.65, 38.83, 49.65, 38.29, 43.6, 30.81, 10.63, 41.77, 24.7, 12.08, 30.89, 9.85, 18.25, 34.21, 10.98, 23.75, 31.95, 23.75, 6.26, 20.35, 30.65, 51.31], [43.68, 15.26, 48.04, 35.38, 52.84, 14.04, 31.3, 31.14, 48.1, 34.13, 51.08, 22.47, 14.32, 37.12, 12.04, 35.47, 43.46, 27.29, 8.6, 17.72, 43.68, 20.1, 37.85, 21.1, 49.41, 38.6, 39.29, 45.35, 13.04, 33.24, 39.4, 38.08, 49.24, 51.89, 44.92, 37.34, 32.39, 9.06, 38.64, 43.17, 17.26, 44.94, 0.0, 33.73, 22.85, 36.88, 40.31, 28.02, 47.17, 32.02, 24.74, 23.19, 27.17, 14.04, 28.16, 25.5, 52.2, 39.32, 41.59, 12.08, 47.38, 42.72, 45.69, 38.21, 53.08, 34.37, 42.15, 30.15, 17.0, 16.28, 27.51, 40.82, 41.01, 36.77, 57.01, 48.41, 46.62, 28.16, 43.0, 35.36, 35.06, 30.87, 58.26, 17.03, 22.14, 19.72, 37.05, 49.24, 38.29, 38.05, 8.94, 12.04, 15.81, 12.21, 17.12, 54.56, 24.02, 31.4, 32.89, 29.15, 45.49, 27.29, 11.51, 44.53, 24.01, 27.97, 24.01, 38.75, 35.02, 17.36, 12.04], [40.82, 20.02, 51.4, 18.38, 39.62, 34.71, 8.6, 43.27, 41.23, 40.36, 42.06, 12.04, 19.42, 46.86, 24.02, 32.8, 36.67, 42.06, 26.08, 39.29, 40.82, 13.93, 50.8, 37.7, 33.24, 53.25, 5.83, 43.05, 40.2, 19.72, 9.49, 29.53, 40.16, 41.48, 41.18, 4.47, 37.54, 32.06, 50.61, 55.44, 31.62, 38.91, 33.73, 0.0, 27.78, 17.72, 43.28, 23.35, 33.96, 22.2, 9.06, 39.4, 7.21, 32.76, 41.68, 46.82, 44.6, 42.52, 33.11, 22.09, 26.02, 16.28, 38.08, 22.14, 32.14, 38.9, 36.24, 5.0, 34.48, 22.56, 46.1, 30.46, 46.69, 33.02, 38.05, 31.14, 20.62, 32.02, 48.84, 10.2, 41.77, 7.81, 38.21, 33.53, 42.38, 25.08, 6.4, 37.11, 18.44, 7.07, 25.18, 45.4, 42.43, 43.0, 36.4, 42.95, 10.82, 14.42, 32.56, 48.33, 32.02, 26.25, 32.81, 30.44, 36.68, 8.75, 36.68, 35.64, 18.58, 20.5, 45.71], [21.21, 13.6, 27.89, 17.26, 30.23, 12.21, 20.25, 15.62, 25.3, 14.32, 28.23, 17.69, 18.68, 20.0, 13.0, 12.65, 20.62, 14.32, 16.12, 14.56, 21.21, 21.95, 23.35, 11.0, 27.59, 25.61, 31.02, 23.09, 18.87, 14.32, 27.46, 15.62, 26.4, 29.07, 22.36, 32.25, 11.7, 14.42, 23.35, 28.32, 7.21, 22.14, 22.85, 27.78, 0.0, 19.24, 19.42, 7.28, 24.84, 11.7, 21.21, 12.17, 25.46, 10.63, 13.89, 20.1, 29.41, 18.44, 18.87, 16.12, 27.73, 27.07, 22.85, 18.38, 32.45, 13.6, 19.31, 27.66, 9.85, 9.22, 18.68, 18.44, 21.54, 13.93, 35.38, 27.02, 29.61, 6.08, 23.77, 22.36, 15.65, 20.62, 36.88, 8.94, 16.0, 4.12, 33.84, 26.63, 20.4, 34.67, 17.03, 29.0, 19.7, 23.6, 11.7, 31.76, 25.0, 16.12, 10.2, 20.88, 23.35, 5.0, 12.75, 22.64, 9.01, 19.04, 9.01, 16.01, 16.77, 10.31, 30.41], [24.08, 21.93, 35.38, 2.0, 22.09, 30.68, 10.0, 31.78, 23.71, 26.93, 24.35, 17.46, 25.24, 33.62, 24.84, 17.49, 19.42, 32.14, 28.32, 33.73, 24.08, 23.41, 38.28, 30.15, 16.03, 41.11, 17.2, 26.25, 37.34, 5.0, 11.31, 12.73, 22.47, 23.77, 24.21, 21.02, 24.35, 30.89, 37.7, 42.05, 25.96, 21.63, 36.88, 17.72, 19.24, 0.0, 28.02, 12.04, 16.28, 8.06, 18.44, 31.02, 21.02, 28.79, 31.26, 39.01, 26.93, 27.46, 15.81, 25.5, 10.82, 8.06, 20.59, 4.47, 17.0, 25.08, 19.21, 21.1, 28.86, 20.81, 37.05, 13.04, 31.91, 17.2, 22.14, 14.14, 10.44, 20.22, 33.84, 7.62, 28.23, 11.0, 22.85, 27.89, 35.13, 19.31, 23.77, 19.42, 1.41, 24.17, 28.28, 46.14, 38.6, 41.63, 30.81, 25.32, 23.35, 5.83, 18.38, 39.12, 14.32, 15.0, 30.21, 12.75, 27.5, 12.75, 27.5, 19.53, 2.5, 19.53, 47.17], [7.28, 32.98, 8.54, 26.4, 21.84, 26.68, 34.71, 12.04, 13.0, 6.32, 16.55, 35.78, 38.08, 8.54, 32.25, 10.63, 12.0, 15.81, 35.06, 25.08, 7.28, 40.85, 13.34, 20.25, 24.0, 16.28, 44.6, 7.21, 31.38, 24.08, 39.2, 15.65, 15.81, 18.38, 8.54, 47.42, 8.0, 31.26, 12.17, 15.13, 23.09, 11.18, 40.31, 43.28, 19.42, 28.02, 0.0, 20.25, 20.0, 21.21, 38.95, 18.79, 43.05, 26.31, 14.42, 23.35, 15.81, 1.0, 14.32, 35.51, 29.83, 35.36, 13.15, 24.19, 31.02, 6.0, 11.05, 44.65, 23.54, 28.64, 19.8, 16.76, 4.12, 10.82, 30.41, 25.08, 35.47, 13.34, 5.83, 34.71, 5.83, 35.47, 32.39, 23.35, 22.47, 23.54, 49.68, 19.24, 28.3, 50.33, 36.12, 42.54, 30.41, 36.25, 24.04, 21.02, 43.38, 29.0, 10.82, 20.62, 20.1, 17.89, 28.85, 20.8, 16.62, 35.11, 16.62, 8.73, 26.0, 29.6, 44.38], [19.42, 15.3, 28.65, 10.05, 25.08, 19.24, 15.0, 20.62, 22.02, 17.03, 24.33, 15.81, 20.1, 23.6, 16.55, 10.44, 17.03, 20.4, 20.12, 21.84, 19.42, 21.38, 27.78, 18.11, 21.4, 30.41, 25.55, 21.59, 25.94, 7.07, 21.19, 10.44, 22.36, 24.74, 20.22, 27.66, 14.21, 20.52, 27.46, 32.2, 14.32, 19.0, 28.02, 23.35, 7.28, 12.04, 20.25, 0.0, 19.24, 4.47, 18.79, 19.0, 22.83, 17.49, 19.65, 27.0, 26.08, 19.42, 14.32, 18.68, 20.59, 20.0, 19.1, 11.18, 25.61, 15.56, 16.0, 24.41, 17.09, 12.08, 25.18, 13.0, 23.43, 11.18, 29.07, 20.52, 22.36, 8.94, 25.61, 16.16, 18.44, 15.62, 30.41, 16.16, 23.09, 8.49, 29.7, 21.54, 13.15, 30.41, 20.62, 35.61, 26.93, 30.53, 18.97, 27.2, 23.41, 9.85, 9.43, 27.29, 17.49, 3.16, 19.3, 16.51, 15.53, 14.92, 15.53, 13.83, 9.55, 11.88, 36.88], [13.15, 34.18, 24.35, 16.03, 6.08, 36.77, 26.17, 29.41, 9.43, 22.8, 8.6, 32.25, 38.6, 28.16, 35.78, 13.89, 8.0, 31.78, 39.36, 37.8, 13.15, 38.33, 33.14, 33.02, 4.0, 36.12, 32.7, 14.56, 43.19, 16.12, 26.4, 9.22, 7.07, 7.62, 12.37, 37.0, 21.54, 39.2, 32.06, 35.06, 31.83, 9.22, 47.17, 33.96, 24.84, 16.28, 20.0, 19.24, 0.0, 15.81, 34.01, 32.76, 37.05, 35.38, 30.46, 39.81, 11.4, 20.02, 6.71, 37.7, 11.4, 20.25, 7.28, 12.04, 11.05, 20.88, 9.06, 37.34, 33.97, 31.3, 36.77, 6.4, 24.02, 12.53, 11.18, 5.39, 18.38, 21.4, 25.18, 23.77, 23.54, 27.17, 13.0, 33.24, 37.22, 27.46, 39.85, 3.16, 15.52, 40.16, 39.81, 53.76, 43.42, 48.1, 35.47, 9.06, 39.01, 21.0, 16.64, 38.28, 2.0, 20.0, 37.58, 3.54, 29.26, 28.5, 29.26, 12.5, 16.01, 30.92, 55.23], [18.79, 18.38, 29.21, 6.08, 21.84, 23.71, 13.6, 23.77, 20.22, 19.24, 22.0, 17.03, 22.8, 25.94, 20.25, 10.63, 15.3, 24.08, 23.85, 26.25, 18.79, 23.0, 30.46, 22.36, 17.49, 33.24, 23.43, 21.02, 30.41, 3.16, 18.36, 8.06, 20.0, 22.09, 19.31, 26.25, 16.55, 24.84, 29.97, 34.48, 18.79, 17.46, 32.02, 22.2, 11.7, 8.06, 21.21, 4.47, 15.81, 0.0, 19.42, 23.09, 23.09, 21.95, 23.19, 31.06, 24.08, 20.52, 12.04, 21.93, 16.12, 16.12, 17.12, 6.71, 21.26, 17.49, 14.56, 24.17, 21.54, 15.81, 29.02, 10.05, 24.84, 10.82, 25.0, 16.4, 18.11, 12.17, 26.91, 13.6, 20.59, 14.42, 26.25, 20.62, 27.29, 12.81, 28.6, 18.44, 9.0, 29.21, 24.19, 40.0, 31.38, 34.99, 23.41, 24.33, 24.33, 7.81, 10.82, 31.06, 13.93, 7.07, 23.72, 12.75, 19.53, 14.58, 19.53, 13.46, 5.59, 15.21, 41.23], [37.95, 11.18, 47.41, 18.11, 40.05, 26.25, 8.94, 36.8, 39.62, 35.0, 41.19, 3.61, 10.44, 41.11, 15.13, 29.15, 34.71, 35.0, 17.03, 31.02, 37.95, 5.66, 44.55, 30.02, 34.37, 46.75, 14.56, 40.16, 31.4, 18.03, 15.62, 27.46, 39.2, 41.05, 38.6, 13.04, 32.2, 23.19, 44.55, 49.52, 23.71, 36.88, 24.74, 9.06, 21.21, 18.44, 38.95, 18.79, 34.01, 19.42, 0.0, 31.91, 4.24, 24.35, 34.83, 38.91, 43.42, 38.08, 31.4, 13.04, 28.79, 20.81, 36.5, 22.09, 35.11, 33.84, 33.96, 6.71, 26.4, 14.32, 38.59, 29.15, 41.88, 29.73, 40.52, 32.56, 25.24, 26.4, 44.1, 13.04, 36.4, 8.06, 41.11, 25.5, 34.44, 17.8, 13.6, 37.0, 19.65, 14.56, 16.12, 36.35, 33.73, 34.01, 28.23, 43.0, 5.0, 13.04, 28.18, 40.82, 32.02, 21.1, 24.14, 30.54, 29.6, 5.7, 29.6, 32.42, 18.06, 12.3, 36.67], [24.21, 21.93, 25.5, 29.02, 37.01, 9.22, 32.28, 8.0, 29.73, 12.53, 33.24, 28.3, 26.25, 14.0, 19.21, 18.87, 26.25, 4.12, 20.59, 6.32, 24.21, 31.14, 14.87, 2.24, 36.24, 16.12, 43.01, 25.24, 12.65, 26.02, 39.62, 24.17, 31.83, 34.66, 25.61, 43.86, 12.04, 14.56, 15.52, 20.25, 8.49, 26.87, 23.19, 39.4, 12.17, 31.02, 18.79, 19.0, 32.76, 23.09, 31.91, 0.0, 36.06, 9.85, 5.0, 8.0, 33.42, 17.89, 26.08, 22.8, 38.33, 39.0, 28.32, 29.43, 42.15, 13.6, 24.84, 38.59, 6.71, 17.8, 6.71, 26.83, 18.44, 20.25, 43.91, 36.25, 41.19, 11.7, 20.22, 34.53, 13.0, 32.57, 45.65, 7.21, 4.47, 14.32, 45.18, 33.6, 32.06, 46.07, 21.95, 23.77, 11.66, 17.46, 6.08, 37.48, 34.83, 28.28, 16.12, 8.94, 31.76, 16.03, 12.02, 31.54, 3.64, 30.73, 3.64, 20.93, 28.52, 19.7, 25.63], [41.79, 14.87, 51.48, 21.02, 43.01, 30.08, 11.05, 41.04, 43.17, 39.2, 44.55, 7.81, 13.0, 45.34, 18.68, 33.11, 38.33, 39.2, 20.1, 34.93, 41.79, 7.07, 48.8, 34.13, 37.05, 50.99, 13.04, 44.01, 34.93, 21.38, 15.81, 31.05, 42.58, 44.28, 42.38, 10.2, 36.4, 26.68, 48.8, 53.76, 27.78, 40.52, 27.17, 7.21, 25.46, 21.02, 43.05, 22.83, 37.05, 23.09, 4.24, 36.06, 0.0, 28.23, 39.05, 42.94, 46.87, 42.19, 34.93, 16.12, 30.81, 21.93, 40.02, 25.02, 37.11, 38.01, 37.64, 3.0, 30.41, 18.36, 42.72, 32.56, 46.04, 33.62, 42.76, 35.13, 26.4, 30.61, 48.26, 14.56, 40.61, 10.05, 43.17, 29.53, 38.47, 22.02, 10.05, 40.11, 22.09, 11.05, 19.03, 39.05, 37.36, 37.22, 32.2, 46.1, 3.61, 16.12, 32.25, 44.94, 35.06, 25.24, 27.83, 33.53, 33.81, 8.63, 33.81, 36.31, 21.05, 16.38, 39.2], [30.08, 13.42, 34.01, 26.93, 40.61, 2.0, 27.0, 17.46, 34.89, 20.1, 38.08, 20.88, 17.03, 23.35, 10.0, 22.47, 30.53, 13.93, 10.82, 6.71, 30.08, 22.47, 24.7, 7.62, 38.21, 25.94, 37.22, 31.62, 8.54, 24.17, 35.06, 26.17, 36.36, 39.12, 31.38, 37.11, 18.44, 5.0, 25.3, 30.08, 3.61, 31.76, 14.04, 32.76, 10.63, 28.79, 26.31, 17.49, 35.38, 21.95, 24.35, 9.85, 28.23, 0.0, 14.56, 15.0, 38.91, 25.32, 29.21, 13.45, 38.08, 36.14, 3