100
[[0.0, 28.18, 44.15, 48.1, 21.4, 32.45, 14.76, 29.41, 23.19, 20.62, 18.44, 38.91, 22.8, 38.29, 21.95, 20.52, 39.41, 36.06, 23.02, 44.38, 37.16, 32.25, 23.09, 16.97, 7.62, 48.83, 30.89, 30.02, 28.28, 41.23, 13.45, 17.8, 33.24, 4.24, 6.08, 5.0, 34.44, 16.03, 6.08, 32.02, 34.13, 46.84, 17.12, 19.03, 24.7, 25.24, 40.05, 21.1, 25.08, 27.46, 48.6, 43.42, 32.98, 32.76, 36.67, 7.07, 39.6, 6.71, 21.1, 29.83, 6.71, 5.39, 29.41, 14.14, 12.65, 34.18, 33.24, 14.32, 50.61, 39.82, 42.64, 27.2, 39.82, 33.84, 13.04, 27.2, 36.69, 31.3, 30.68, 29.0, 38.05, 16.16, 10.3, 44.65, 31.14, 36.07, 18.36, 27.8, 40.05, 24.7, 31.05, 37.95, 36.24, 23.02, 22.85, 13.0, 33.54, 4.47, 47.2, 46.96, 34.21, 21.84, 20.36, 34.12, 27.99, 10.7, 27.99, 34.03, 21.98, 10.4, 31.26], [28.18, 0.0, 29.21, 36.06, 8.0, 5.39, 31.62, 4.12, 16.12, 18.68, 13.04, 10.77, 12.08, 38.21, 6.32, 30.08, 36.67, 18.6, 12.17, 34.0, 29.41, 29.15, 15.13, 13.04, 22.8, 43.66, 28.07, 50.25, 46.07, 31.78, 15.52, 14.04, 12.04, 24.17, 23.6, 30.68, 45.12, 26.17, 30.61, 15.65, 18.36, 32.8, 17.0, 13.42, 4.0, 27.29, 18.6, 34.01, 15.0, 18.11, 44.27, 19.31, 8.6, 30.15, 12.53, 26.68, 41.11, 33.84, 14.87, 20.4, 24.84, 24.35, 44.01, 23.02, 15.81, 7.07, 8.06, 19.42, 42.49, 44.0, 40.79, 5.1, 11.66, 7.28, 26.0, 42.54, 10.2, 27.17, 5.0, 34.37, 19.85, 12.21, 20.4, 39.85, 52.15, 38.01, 33.12, 5.0, 18.6, 39.4, 7.07, 11.05, 41.05, 26.68, 5.66, 36.07, 28.44, 32.65, 43.01, 38.01, 40.2, 19.42, 35.56, 10.7, 31.75, 17.73, 31.75, 20.81, 7.63, 25.16, 52.7], [44.15, 29.21, 0.0, 7.28, 34.71, 32.25, 36.12, 33.02, 21.19, 23.54, 39.2, 28.16, 40.31, 20.52, 31.89, 29.43, 17.03, 10.63, 22.83, 7.28, 10.3, 16.16, 21.54, 38.01, 43.46, 18.25, 16.76, 48.33, 42.95, 7.81, 38.08, 40.0, 17.2, 42.06, 38.08, 48.76, 35.0, 51.11, 42.19, 14.21, 11.4, 3.61, 27.2, 26.4, 31.83, 22.36, 12.37, 32.98, 19.7, 16.76, 19.42, 16.0, 21.1, 16.55, 18.38, 47.17, 23.43, 46.17, 42.52, 14.32, 37.66, 43.66, 38.47, 47.51, 34.01, 24.6, 21.95, 29.83, 15.03, 27.66, 19.72, 24.76, 30.08, 23.71, 49.65, 38.48, 22.47, 15.52, 24.41, 25.5, 9.43, 32.25, 42.49, 16.16, 50.57, 22.67, 34.53, 34.21, 12.37, 36.4, 22.2, 23.09, 26.91, 24.19, 29.07, 43.1, 13.93, 47.68, 18.68, 11.05, 27.8, 22.36, 35.53, 19.04, 23.58, 38.24, 23.58, 10.31, 27.5, 34.73, 51.48], [48.1, 36.06, 7.28, 0.0, 41.04, 39.36, 38.21, 39.96, 26.08, 27.73, 45.28, 35.44, 46.75, 17.89, 38.21, 31.06, 14.32, 17.49, 28.43, 4.0, 11.18, 17.03, 26.63, 43.93, 48.37, 12.08, 18.11, 47.8, 42.45, 7.07, 43.6, 46.01, 24.19, 46.52, 42.15, 52.92, 33.11, 56.61, 45.35, 20.62, 17.8, 4.0, 31.76, 31.62, 38.42, 24.19, 19.65, 34.01, 25.0, 21.63, 13.42, 23.09, 28.18, 17.0, 25.63, 51.88, 20.25, 49.24, 48.8, 18.87, 41.44, 48.3, 37.64, 53.01, 39.12, 31.78, 29.07, 34.01, 8.06, 24.41, 15.62, 31.4, 37.36, 30.87, 54.92, 38.08, 29.73, 17.26, 31.38, 25.32, 16.55, 37.8, 47.71, 11.31, 50.0, 20.62, 36.01, 41.05, 19.65, 36.5, 29.15, 30.36, 24.6, 26.31, 35.38, 45.18, 15.13, 51.24, 13.04, 5.0, 26.0, 26.4, 36.53, 26.16, 24.05, 43.41, 24.05, 15.91, 33.59, 38.12, 50.96], [21.4, 8.0, 34.71, 41.04, 0.0, 11.18, 27.86, 8.06, 17.09, 18.25, 5.1, 18.44, 5.83, 39.85, 2.83, 28.16, 39.0, 24.21, 13.42, 38.42, 32.76, 31.02, 16.16, 5.1, 15.23, 47.01, 29.73, 46.62, 43.01, 35.81, 8.06, 6.08, 18.36, 17.2, 17.8, 23.26, 44.05, 18.25, 24.84, 20.52, 23.35, 38.21, 15.0, 12.17, 4.0, 27.29, 25.5, 31.58, 17.0, 20.59, 47.41, 26.93, 15.81, 31.95, 19.92, 18.97, 42.45, 27.59, 7.81, 23.32, 19.42, 17.0, 41.77, 15.03, 10.3, 15.03, 15.52, 16.28, 46.62, 44.72, 43.08, 10.3, 18.97, 15.13, 18.0, 40.02, 18.11, 29.15, 12.37, 34.13, 25.81, 7.28, 12.65, 42.94, 48.33, 39.05, 30.08, 6.4, 25.5, 36.88, 13.93, 19.03, 41.44, 26.08, 5.66, 31.06, 30.87, 25.81, 46.07, 42.2, 40.2, 19.42, 32.63, 17.73, 31.75, 10.7, 31.75, 25.16, 7.63, 20.81, 48.75], [32.45, 5.39, 32.25, 39.36, 11.18, 0.0, 36.89, 3.16, 21.38, 24.04, 15.52, 8.06, 13.0, 43.05, 10.63, 35.47, 41.3, 21.93, 17.46, 37.7, 33.73, 34.01, 20.4, 16.16, 26.4, 47.8, 33.0, 55.57, 51.43, 35.74, 19.24, 16.49, 15.23, 28.3, 28.32, 34.44, 50.45, 28.07, 35.38, 19.65, 22.14, 35.85, 22.36, 18.79, 7.81, 32.56, 20.62, 39.4, 20.1, 23.0, 48.51, 20.0, 11.18, 35.01, 14.21, 30.08, 46.01, 38.42, 16.0, 25.08, 29.7, 28.18, 49.4, 25.32, 20.52, 7.81, 10.3, 24.7, 46.24, 49.04, 45.4, 10.05, 8.06, 8.6, 28.44, 47.93, 10.63, 32.02, 8.25, 39.62, 22.83, 16.97, 23.77, 44.15, 57.45, 43.01, 38.47, 5.1, 20.62, 44.78, 10.44, 10.82, 46.17, 32.02, 10.82, 41.11, 33.14, 36.89, 47.3, 41.79, 45.4, 24.74, 40.92, 13.21, 36.99, 21.78, 36.99, 24.86, 12.97, 30.3, 57.98], [14.76, 31.62, 36.12, 38.21, 27.86, 36.89, 0.0, 34.48, 18.87, 15.26, 27.46, 41.04, 31.78, 25.06, 26.83, 7.28, 26.93, 31.02, 21.26, 34.23, 27.07, 21.21, 19.42, 25.5, 20.4, 36.25, 20.1, 18.79, 15.3, 31.14, 22.2, 27.29, 31.06, 16.49, 12.04, 19.42, 19.7, 30.08, 9.22, 27.73, 28.79, 38.0, 14.87, 18.44, 29.53, 14.04, 36.25, 6.4, 21.1, 21.54, 35.78, 40.71, 32.65, 21.38, 35.23, 21.54, 25.81, 12.21, 31.26, 22.8, 10.05, 18.68, 15.13, 27.46, 17.72, 35.36, 33.3, 12.21, 38.9, 25.46, 29.53, 28.32, 42.52, 34.66, 27.2, 13.04, 36.88, 21.02, 31.83, 15.26, 32.89, 20.62, 22.09, 32.31, 20.59, 22.47, 3.61, 33.54, 36.25, 10.2, 31.14, 38.29, 21.93, 12.0, 26.08, 7.0, 23.09, 15.56, 34.44, 35.9, 19.8, 15.65, 5.7, 32.9, 15.04, 19.56, 15.04, 27.41, 24.01, 7.16, 21.1], [29.41, 4.12, 33.02, 39.96, 8.06, 3.16, 34.48, 0.0, 20.02, 22.36, 12.37, 11.0, 10.05, 42.3, 7.81, 33.53, 40.79, 22.47, 16.03, 38.01, 33.53, 33.24, 19.03, 13.0, 23.26, 47.76, 32.14, 53.24, 49.24, 35.85, 16.12, 13.34, 15.81, 25.24, 25.46, 31.3, 48.84, 25.02, 32.53, 19.7, 22.36, 36.62, 20.25, 16.76, 5.0, 31.14, 21.93, 37.34, 19.03, 22.2, 48.38, 21.95, 12.04, 34.23, 15.62, 26.93, 45.18, 35.47, 13.04, 24.52, 26.91, 25.06, 47.43, 22.2, 17.69, 9.43, 11.31, 22.36, 46.52, 48.01, 44.91, 9.22, 11.18, 10.0, 25.32, 45.88, 12.53, 31.26, 8.6, 38.21, 23.6, 14.21, 20.62, 43.97, 55.07, 42.05, 36.25, 2.0, 21.93, 42.72, 10.82, 13.0, 45.01, 30.41, 8.54, 38.42, 32.56, 33.84, 47.13, 42.05, 44.1, 23.19, 38.74, 14.16, 35.63, 18.72, 35.63, 24.88, 10.92, 27.74, 55.57], [23.19, 16.12, 21.19, 26.08, 17.09, 21.38, 18.87, 20.02, 0.0, 3.61, 20.25, 23.32, 22.85, 22.8, 14.56, 15.0, 21.93, 13.04, 4.0, 22.8, 16.28, 13.93, 1.0, 18.6, 22.36, 30.23, 12.65, 36.12, 31.4, 19.85, 17.69, 20.81, 12.21, 20.88, 17.12, 27.66, 29.12, 30.61, 22.2, 9.22, 11.0, 24.17, 6.08, 5.66, 16.12, 11.18, 17.72, 19.21, 2.24, 4.47, 30.53, 21.93, 14.21, 14.87, 16.4, 26.0, 25.5, 26.17, 24.19, 7.21, 17.0, 22.47, 28.65, 27.02, 13.04, 17.49, 15.0, 9.0, 30.41, 28.07, 26.0, 11.4, 25.06, 16.64, 28.84, 27.46, 18.44, 12.08, 14.32, 18.25, 15.03, 12.04, 21.63, 26.08, 38.21, 22.2, 19.1, 20.02, 17.72, 24.41, 13.04, 19.85, 25.0, 10.77, 12.17, 25.08, 13.89, 27.02, 29.15, 26.17, 24.08, 3.61, 21.22, 14.16, 15.63, 17.33, 15.63, 10.92, 9.71, 14.81, 38.9], [20.62, 18.68, 23.54, 27.73, 18.25, 24.04, 15.26, 22.36, 3.61, 0.0, 20.62, 26.63, 23.77, 21.93, 16.03, 11.66, 21.63, 16.28, 6.71, 24.19, 17.2, 13.6, 4.24, 18.79, 20.81, 30.48, 12.21, 32.65, 28.02, 21.1, 17.2, 21.02, 15.81, 18.79, 14.56, 25.3, 26.48, 29.7, 19.03, 12.65, 14.14, 26.25, 4.24, 6.08, 18.03, 9.06, 21.19, 15.81, 5.83, 7.0, 30.61, 25.5, 17.69, 14.42, 20.0, 24.19, 24.35, 23.02, 24.7, 9.22, 14.14, 20.59, 25.5, 26.17, 12.04, 20.81, 18.44, 6.32, 31.24, 26.48, 25.55, 14.32, 28.3, 20.0, 27.66, 24.19, 21.93, 12.04, 17.49, 16.0, 18.25, 12.08, 20.52, 26.25, 34.71, 20.88, 15.56, 22.09, 21.19, 21.1, 16.4, 23.35, 23.19, 8.06, 14.04, 21.54, 14.14, 24.19, 29.21, 27.2, 22.02, 1.41, 17.73, 17.73, 13.54, 16.26, 13.54, 13.54, 11.54, 11.54, 35.38], [18.44, 13.04, 39.2, 45.28, 5.1, 15.52, 27.46, 12.37, 20.25, 20.62, 0.0, 23.19, 4.47, 42.54, 7.62, 29.07, 42.06, 28.84, 17.03, 42.45, 36.4, 34.0, 19.42, 2.0, 11.4, 50.48, 32.65, 45.88, 42.76, 39.7, 5.39, 1.0, 23.26, 14.21, 16.16, 19.42, 45.1, 13.15, 22.83, 25.0, 27.8, 42.64, 16.76, 14.76, 9.06, 29.41, 30.46, 32.02, 20.62, 24.21, 50.77, 32.02, 20.88, 34.89, 25.0, 14.76, 44.94, 25.0, 4.12, 27.02, 18.03, 13.45, 42.11, 10.0, 10.0, 20.1, 20.62, 17.12, 50.45, 46.84, 46.07, 15.23, 23.54, 20.22, 13.04, 40.2, 23.19, 32.25, 17.46, 35.9, 30.53, 8.54, 8.6, 46.32, 47.43, 41.44, 30.15, 10.44, 30.46, 37.12, 18.97, 24.08, 43.42, 27.89, 10.3, 29.55, 34.13, 22.63, 49.4, 46.1, 41.98, 21.93, 32.69, 22.77, 33.72, 8.28, 33.72, 29.36, 11.72, 20.3, 47.76], [38.91, 10.77, 28.16, 35.44, 18.44, 8.06, 41.04, 11.0, 23.32, 26.63, 23.19, 0.0, 21.02, 42.43, 17.09, 38.28, 40.11, 19.03, 20.0, 34.53, 32.02, 33.73, 22.47, 23.54, 33.53, 45.28, 32.98, 59.2, 54.64, 33.14, 26.25, 24.19, 13.15, 34.93, 34.13, 41.44, 52.0, 36.01, 41.05, 18.25, 20.02, 31.62, 26.17, 22.63, 14.56, 34.01, 15.81, 42.44, 21.47, 23.41, 46.17, 13.6, 9.49, 34.71, 10.05, 37.36, 45.54, 44.42, 24.02, 24.74, 35.23, 35.11, 51.97, 33.14, 26.42, 5.83, 8.54, 29.0, 42.95, 49.03, 44.05, 12.73, 2.0, 6.71, 36.22, 50.77, 6.0, 31.78, 9.22, 40.85, 19.24, 22.83, 31.05, 42.05, 61.22, 42.95, 42.01, 13.0, 15.81, 47.71, 10.3, 5.1, 46.57, 34.0, 16.12, 46.1, 32.39, 43.38, 45.1, 38.64, 46.17, 26.93, 44.3, 10.61, 38.16, 28.5, 38.16, 23.05, 17.5, 35.09, 61.85], [22.8, 12.08, 40.31, 46.75, 5.83, 13.0, 31.78, 10.05, 22.85, 23.77, 4.47, 21.02, 0.0, 45.54, 8.6, 33.0, 44.78, 29.73, 19.24, 44.2, 38.59, 36.77, 21.93, 6.32, 15.56, 52.84, 35.47, 50.29, 47.07, 41.62, 9.85, 5.0, 23.6, 18.6, 20.62, 23.43, 49.01, 15.13, 27.29, 26.17, 29.0, 43.84, 20.22, 17.72, 8.6, 32.76, 30.53, 36.12, 22.83, 26.42, 53.24, 31.38, 20.59, 37.7, 24.6, 18.6, 48.08, 29.41, 3.0, 29.15, 22.47, 17.69, 46.27, 12.65, 14.14, 18.97, 20.12, 21.0, 52.43, 50.22, 48.85, 15.62, 21.02, 19.31, 15.81, 44.41, 22.14, 34.93, 17.0, 39.46, 31.24, 12.04, 12.73, 48.76, 51.87, 44.64, 34.37, 8.06, 30.53, 41.3, 18.87, 22.8, 46.87, 31.4, 11.4, 34.01, 36.67, 26.91, 51.88, 48.01, 45.54, 25.0, 36.91, 22.64, 37.17, 12.75, 37.17, 30.92, 13.46, 24.62, 52.2], [38.29, 38.21, 20.52, 17.89, 39.85, 43.05, 25.06, 42.3, 22.8, 21.93, 42.54, 42.43, 45.54, 0.0, 37.36, 18.03, 3.61, 24.04, 26.68, 14.42, 11.18, 9.06, 23.77, 40.72, 41.23, 11.4, 10.2, 30.41, 25.18, 12.73, 38.95, 42.95, 29.27, 38.21, 33.24, 43.28, 15.23, 50.8, 33.84, 24.19, 22.56, 20.0, 25.94, 27.86, 38.83, 13.6, 29.15, 19.31, 23.35, 20.1, 10.77, 34.01, 33.14, 8.06, 32.76, 43.86, 3.16, 37.22, 46.62, 18.0, 31.83, 40.36, 20.22, 47.43, 33.62, 37.12, 34.13, 26.63, 15.0, 7.21, 4.47, 33.14, 44.41, 36.12, 48.41, 21.02, 36.5, 11.05, 35.0, 9.85, 24.7, 34.01, 41.62, 8.0, 32.56, 3.0, 21.93, 42.58, 29.15, 20.1, 33.02, 37.66, 6.71, 15.62, 34.93, 31.38, 10.05, 40.22, 9.49, 13.6, 8.25, 20.62, 21.51, 31.82, 10.31, 37.58, 10.31, 19.53, 32.5, 27.95, 33.54], [21.95, 6.32, 31.89, 38.21, 2.83, 10.63, 26.83, 7.81, 14.56, 16.03, 7.62, 17.09, 8.6, 37.36, 0.0, 26.48, 36.4, 21.4, 10.77, 35.61, 30.02, 28.46, 13.6, 7.07, 16.49, 44.29, 27.2, 45.62, 41.79, 33.02, 9.22, 8.54, 15.65, 17.89, 17.69, 24.35, 42.19, 20.62, 24.76, 17.69, 20.52, 35.38, 13.15, 10.0, 2.83, 25.08, 22.85, 30.08, 14.32, 17.89, 44.72, 24.52, 13.34, 29.41, 17.46, 20.4, 40.02, 27.8, 10.63, 20.59, 19.1, 18.03, 40.26, 17.26, 9.9, 13.04, 13.15, 14.87, 43.83, 42.43, 40.5, 7.62, 17.89, 13.0, 20.1, 38.6, 16.0, 26.57, 10.05, 32.02, 23.02, 6.4, 14.14, 40.25, 47.41, 36.67, 28.79, 6.71, 22.85, 35.44, 11.4, 17.03, 39.2, 24.0, 2.83, 30.61, 28.23, 26.42, 43.38, 39.41, 38.05, 17.12, 31.31, 15.18, 29.57, 11.42, 29.57, 22.34, 4.92, 19.98, 47.89], [20.52, 30.08, 29.43, 31.06, 28.16, 35.47, 7.28, 33.53, 15.0, 11.66, 29.07, 38.28, 33.0, 18.03, 26.48, 0.0, 19.7, 25.55, 18.36, 27.07, 20.0, 14.04, 15.81, 27.07, 24.6, 29.07, 13.0, 21.21, 16.4, 24.02, 24.33, 29.15, 26.87, 21.1, 16.12, 25.46, 16.03, 34.44, 15.81, 22.8, 23.32, 31.06, 13.34, 16.76, 28.86, 7.07, 31.06, 4.24, 17.03, 16.4, 28.65, 35.81, 29.21, 14.14, 31.11, 26.63, 19.1, 19.24, 33.14, 17.0, 14.42, 23.32, 13.93, 31.38, 19.1, 32.45, 30.0, 12.0, 31.62, 19.42, 22.47, 25.94, 39.96, 31.62, 31.76, 12.53, 33.42, 14.04, 29.15, 8.49, 27.29, 21.02, 25.63, 25.08, 23.35, 15.62, 5.1, 32.98, 31.06, 9.43, 28.02, 34.83, 15.81, 5.39, 25.0, 14.14, 16.0, 22.2, 27.29, 28.64, 13.89, 11.4, 6.52, 29.03, 7.83, 22.19, 7.83, 21.48, 22.61, 10.55, 24.08], [39.41, 36.67, 17.03, 14.32, 39.0, 41.3, 26.93, 40.79, 21.93, 21.63, 42.06, 40.11, 44.78, 3.61, 36.4, 19.7, 0.0, 21.38, 25.63, 10.82, 8.25, 8.06, 22.85, 40.31, 41.73, 9.43, 9.43, 33.73, 28.44, 9.22, 38.83, 42.54, 27.02, 38.95, 34.06, 44.41, 18.79, 51.09, 35.36, 22.0, 20.1, 16.4, 25.81, 27.29, 37.64, 14.21, 26.25, 21.59, 22.14, 18.68, 9.22, 31.02, 31.0, 7.21, 30.27, 44.6, 6.4, 38.91, 46.07, 16.28, 32.8, 41.04, 23.54, 47.63, 33.6, 35.0, 32.0, 26.91, 12.17, 10.63, 4.12, 31.58, 42.11, 34.0, 48.84, 24.19, 34.13, 9.85, 33.14, 12.17, 21.84, 33.62, 41.87, 5.39, 35.9, 6.32, 24.04, 41.23, 26.25, 23.0, 31.06, 35.23, 10.3, 16.4, 33.84, 33.53, 8.25, 41.68, 7.81, 10.2, 11.7, 20.25, 23.93, 29.54, 11.88, 37.72, 11.88, 17.07, 31.48, 29.0, 36.88], [36.06, 18.6, 10.63, 17.49, 24.21, 21.93, 31.02, 22.47, 13.04, 16.28, 28.84, 19.03, 29.73, 24.04, 21.4, 25.55, 21.38, 0.0, 13.34, 15.81, 13.15, 16.12, 13.0, 27.78, 34.21, 26.31, 15.81, 46.4, 41.23, 14.14, 28.23, 29.68, 6.71, 33.38, 30.02, 40.31, 35.81, 41.15, 35.23, 4.12, 2.24, 14.21, 19.0, 17.26, 21.21, 19.21, 5.66, 29.68, 11.0, 9.49, 27.17, 10.63, 10.77, 17.0, 9.0, 38.08, 27.2, 39.2, 32.02, 8.6, 30.02, 34.71, 37.48, 37.58, 24.74, 14.56, 11.7, 22.02, 24.35, 31.02, 25.18, 14.14, 21.02, 13.6, 39.92, 36.88, 13.04, 14.42, 13.89, 24.84, 2.0, 22.47, 32.89, 23.02, 48.6, 25.08, 30.41, 23.6, 5.66, 34.21, 11.66, 14.0, 29.07, 20.25, 18.6, 37.64, 14.32, 40.0, 26.08, 19.92, 29.15, 15.52, 32.07, 8.86, 22.3, 28.78, 22.3, 4.72, 17.24, 27.79, 49.41], [23.02, 12.17, 22.83, 28.43, 13.42, 17.46, 21.26, 16.03, 4.0, 6.71, 17.03, 20.0, 19.24, 26.68, 10.77, 18.36, 25.63, 13.34, 0.0, 25.46, 19.42, 17.72, 3.0, 15.56, 20.88, 33.62, 16.49, 39.2, 34.67, 22.67, 15.26, 17.69, 10.44, 20.1, 17.12, 27.07, 32.98, 28.3, 23.09, 9.22, 11.7, 26.08, 6.71, 4.0, 12.17, 15.13, 17.03, 22.47, 3.61, 7.21, 34.0, 20.62, 11.4, 18.68, 14.32, 24.74, 29.43, 26.93, 20.81, 10.0, 17.46, 21.38, 32.2, 24.7, 11.4, 14.21, 12.04, 9.85, 33.42, 32.06, 29.73, 7.62, 21.63, 13.45, 26.83, 30.89, 15.62, 15.81, 10.82, 22.2, 15.3, 9.43, 19.7, 29.53, 41.23, 26.17, 22.02, 16.03, 17.03, 27.78, 9.9, 17.03, 29.0, 14.56, 8.25, 26.93, 17.46, 27.17, 32.65, 29.07, 28.07, 7.28, 24.3, 11.85, 19.6, 15.51, 19.6, 12.62, 5.85, 16.1, 41.87], [44.38, 34.0, 7.28, 4.0, 38.42, 37.7, 34.23, 38.01, 22.8, 24.19, 42.45, 34.53, 44.2, 14.42, 35.61, 27.07, 10.82, 15.81, 25.46, 0.0, 7.28, 13.04, 23.43, 41.01, 44.94, 11.05, 14.14, 43.97, 38.6, 3.16, 40.46, 43.14, 22.47, 42.94, 38.48, 49.24, 29.53, 53.41, 41.48, 18.36, 15.65, 5.66, 28.3, 28.43, 36.06, 20.22, 19.03, 30.02, 21.93, 18.44, 12.17, 23.09, 26.57, 13.0, 24.52, 48.37, 17.03, 45.35, 46.1, 15.62, 37.7, 44.78, 33.84, 49.82, 35.81, 30.36, 27.51, 30.41, 8.54, 21.26, 12.81, 29.15, 36.5, 29.41, 51.61, 34.21, 28.64, 13.34, 29.55, 21.38, 15.3, 34.71, 44.41, 8.94, 46.17, 17.0, 32.02, 38.95, 19.03, 32.56, 27.31, 29.43, 21.1, 22.36, 32.8, 41.19, 11.18, 47.43, 11.4, 4.12, 22.36, 22.83, 32.53, 24.67, 20.06, 40.11, 20.06, 13.31, 30.86, 34.31, 47.13], [37.16, 29.41, 10.3, 11.18, 32.76, 33.73, 27.07, 33.53, 16.28, 17.2, 36.4, 32.02, 38.59, 11.18, 30.02, 20.0, 8.25, 13.15, 19.42, 7.28, 0.0, 6.08, 17.03, 34.83, 38.01, 14.32, 7.0, 38.08, 32.7, 4.12, 33.94, 37.01, 19.03, 35.85, 31.3, 42.05, 24.84, 46.75, 34.21, 14.14, 12.0, 11.18, 21.4, 21.93, 30.87, 13.04, 18.03, 23.19, 15.81, 12.21, 14.87, 22.85, 23.09, 6.32, 22.09, 41.34, 14.32, 38.08, 40.22, 9.43, 30.46, 37.74, 28.18, 43.19, 29.07, 27.07, 24.08, 23.32, 14.14, 18.36, 12.04, 24.35, 34.01, 26.08, 44.82, 28.23, 26.02, 6.08, 25.5, 15.23, 13.6, 28.32, 37.64, 10.44, 40.31, 12.81, 25.02, 34.18, 18.03, 26.25, 23.35, 27.07, 17.03, 15.13, 27.29, 34.06, 4.0, 40.16, 13.6, 10.0, 17.69, 15.81, 25.74, 21.51, 13.46, 33.35, 13.46, 9.01, 25.12, 27.04, 41.23], [32.25, 29.15, 16.16, 17.03, 31.02, 34.01, 21.21, 33.24, 13.93, 13.6, 34.0, 33.73, 36.77, 9.06, 28.46, 14.04, 8.06, 16.12, 17.72, 13.04, 6.08, 0.0, 14.87, 32.25, 33.97, 16.97, 1.41, 32.2, 26.83, 10.0, 30.81, 34.48, 20.62, 31.4, 26.63, 37.22, 19.85, 43.19, 28.79, 15.52, 14.32, 17.26, 17.8, 19.24, 29.83, 7.28, 21.63, 17.12, 14.32, 11.05, 17.03, 26.63, 24.33, 1.0, 24.35, 37.01, 12.0, 32.57, 38.01, 9.06, 25.55, 33.42, 22.47, 39.7, 25.61, 28.28, 25.32, 19.1, 18.36, 15.3, 12.08, 24.08, 35.69, 27.29, 41.01, 22.36, 27.89, 2.0, 26.02, 9.43, 17.2, 25.55, 33.97, 12.73, 34.44, 9.22, 19.0, 33.54, 21.63, 20.25, 24.08, 29.12, 13.0, 9.49, 25.96, 28.16, 2.24, 34.93, 15.62, 14.87, 13.04, 12.21, 19.66, 23.16, 7.43, 29.77, 7.43, 11.41, 23.56, 21.91, 35.34], [23.09, 15.13, 21.54, 26.63, 16.16, 20.4, 19.42, 19.03, 1.0, 4.24, 19.42, 22.47, 21.93, 23.77, 13.6, 15.81, 22.85, 13.0, 3.0, 23.43, 17.03, 14.87, 0.0, 17.8, 21.93, 31.06, 13.6, 36.88, 32.2, 20.52, 17.03, 20.0, 11.66, 20.62, 17.03, 27.46, 30.08, 30.0, 22.36, 9.06, 11.05, 24.6, 6.0, 5.0, 15.13, 12.17, 17.46, 20.0, 2.0, 5.0, 31.38, 21.54, 13.45, 15.81, 15.81, 25.63, 26.48, 26.31, 23.32, 7.81, 17.03, 22.14, 29.53, 26.4, 12.53, 16.64, 14.21, 9.06, 31.14, 29.07, 26.93, 10.44, 24.19, 15.81, 28.3, 28.3, 17.69, 13.0, 13.42, 19.24, 15.0, 11.31, 21.1, 26.93, 38.95, 23.19, 19.8, 19.03, 17.46, 25.24, 12.21, 19.1, 26.0, 11.7, 11.18, 25.5, 14.76, 27.0, 30.02, 26.87, 25.08, 4.47, 21.97, 13.51, 16.62, 16.81, 16.62, 11.24, 8.73, 15.04, 39.62], [16.97, 13.04, 38.01, 43.93, 5.1, 16.16, 25.5, 13.0, 18.6, 18.79, 2.0, 23.54, 6.32, 40.72, 7.07, 27.07, 40.31, 27.78, 15.56, 41.01, 34.83, 32.25, 17.8, 0.0, 10.3, 48.83, 30.89, 43.97, 40.79, 38.21, 3.61, 2.24, 22.47, 12.73, 14.32, 18.36, 43.1, 13.6, 21.1, 23.85, 26.63, 41.4, 14.87, 13.04, 9.06, 27.51, 29.73, 30.02, 19.1, 22.67, 49.09, 31.58, 20.4, 33.12, 24.52, 13.93, 43.08, 23.43, 6.08, 25.5, 16.16, 12.21, 40.11, 10.2, 8.0, 20.0, 20.22, 15.13, 48.92, 44.92, 44.29, 14.56, 24.04, 20.02, 13.04, 38.21, 23.02, 30.53, 17.12, 33.96, 29.53, 6.71, 7.62, 44.65, 45.54, 39.56, 28.16, 11.18, 29.73, 35.13, 18.44, 24.0, 41.48, 25.96, 9.49, 27.73, 32.45, 21.26, 47.71, 44.6, 40.02, 20.12, 30.7, 22.19, 31.8, 6.52, 31.8, 28.04, 10.55, 18.34, 45.88], [7.62, 22.8, 43.46, 48.37, 15.23, 26.4, 20.4, 23.26, 22.36, 20.81, 11.4, 33.53, 15.56, 41.23, 16.49, 24.6, 41.73, 34.21, 20.88, 44.94, 38.01, 33.97, 21.93, 10.3, 0.0, 50.93, 32.56, 37.22, 35.01, 41.88, 7.28, 10.63, 30.15, 4.0, 8.54, 8.06, 39.85, 9.85, 13.15, 30.08, 32.57, 46.52, 16.64, 17.09, 18.97, 27.66, 37.34, 26.25, 23.77, 26.83, 50.91, 40.01, 29.02, 34.66, 33.0, 4.0, 43.01, 14.32, 13.6, 29.53, 10.44, 2.24, 35.51, 7.07, 9.49, 29.43, 29.07, 14.87, 52.01, 43.91, 45.34, 23.02, 34.18, 29.27, 7.21, 33.38, 32.25, 32.65, 26.17, 32.76, 36.14, 12.04, 2.83, 46.69, 38.47, 39.41, 23.77, 21.47, 37.34, 30.59, 27.02, 33.38, 40.31, 25.61, 18.11, 20.22, 34.83, 11.4, 49.5, 48.01, 38.47, 22.2, 26.09, 30.5, 31.21, 5.52, 31.21, 33.15, 18.01, 14.12, 38.64], [48.83, 43.66, 18.25, 12.08, 47.01, 47.8, 36.25, 47.76, 30.23, 30.48, 50.48, 45.28, 52.84, 11.4, 44.29, 29.07, 9.43, 26.31, 33.62, 11.05, 14.32, 16.97, 31.06, 48.83, 50.93, 0.0, 18.38, 41.05, 36.0, 12.17, 47.63, 51.04, 32.76, 48.27, 43.42, 53.82, 25.18, 60.14, 44.78, 28.16, 25.71, 15.81, 34.71, 35.81, 45.19, 23.6, 30.0, 30.68, 30.02, 26.42, 1.41, 34.13, 36.88, 16.28, 35.23, 53.91, 12.0, 48.3, 54.38, 23.71, 42.2, 50.33, 31.0, 56.64, 42.52, 40.79, 37.85, 36.07, 5.0, 15.3, 7.07, 38.63, 47.27, 39.81, 57.98, 32.06, 39.32, 18.44, 39.56, 21.19, 26.08, 42.2, 50.93, 4.24, 43.1, 14.32, 33.24, 48.47, 30.0, 31.4, 37.36, 40.2, 17.0, 25.81, 41.59, 42.72, 16.4, 51.11, 2.0, 7.28, 19.03, 29.07, 32.9, 35.11, 21.24, 46.72, 21.24, 22.94, 39.39, 38.42, 44.1], [30.89, 28.07, 16.76, 18.11, 29.73, 33.0, 20.1, 32.14, 12.65, 12.21, 32.65, 32.98, 35.47, 10.2, 27.2, 13.0, 9.43, 15.81, 16.49, 14.14, 7.0, 1.41, 13.6, 30.89, 32.56, 18.38, 0.0, 31.76, 26.42, 11.05, 29.41, 33.12, 19.92, 30.0, 25.24, 35.85, 20.0, 41.77, 27.51, 14.87, 13.89, 18.11, 16.4, 17.89, 28.64, 6.08, 21.4, 16.28, 13.15, 10.0, 18.44, 26.4, 23.54, 2.24, 23.77, 35.61, 13.04, 31.32, 36.67, 8.25, 24.19, 32.02, 22.2, 38.29, 24.21, 27.46, 24.52, 17.69, 19.72, 16.12, 13.42, 23.02, 34.93, 26.48, 39.6, 21.95, 27.2, 1.41, 25.08, 9.22, 17.03, 24.19, 32.56, 14.14, 34.0, 10.05, 18.03, 32.39, 21.4, 19.7, 23.19, 28.46, 13.6, 8.25, 24.74, 27.07, 3.0, 33.62, 17.03, 16.16, 13.42, 10.82, 18.83, 22.46, 6.95, 28.36, 6.95, 11.1, 22.32, 20.57, 34.89], [30.02, 50.25, 48.33, 47.8, 46.62, 55.57, 18.79, 53.24, 36.12, 32.65, 45.88, 59.2, 50.29, 30.41, 45.62, 21.21, 33.73, 46.4, 39.2, 43.97, 38.08, 32.2, 36.88, 43.97, 37.22, 41.05, 31.76, 0.0, 5.39, 41.44, 40.52, 45.61, 48.08, 33.24, 29.83, 33.14, 16.03, 46.0, 24.08, 43.93, 44.2, 49.04, 33.29, 36.89, 48.3, 27.2, 52.01, 16.97, 38.21, 37.54, 40.01, 56.85, 50.33, 31.78, 52.33, 37.0, 29.07, 24.08, 49.48, 37.8, 27.89, 35.13, 10.2, 44.1, 36.4, 53.41, 51.09, 30.89, 45.28, 26.02, 34.13, 46.62, 60.8, 52.63, 43.0, 9.85, 54.56, 33.12, 50.0, 22.85, 48.01, 39.4, 39.46, 38.33, 2.24, 27.46, 17.2, 52.33, 52.01, 12.21, 49.04, 55.97, 24.08, 26.25, 44.78, 17.03, 34.44, 28.16, 39.05, 43.93, 22.2, 32.56, 14.92, 50.22, 24.82, 37.72, 24.82, 42.03, 42.62, 25.81, 3.16], [28.28, 46.07, 42.95, 42.45, 43.01, 51.43, 15.3, 49.24, 31.4, 28.02, 42.76, 54.64, 47.07, 25.18, 41.79, 16.4, 28.44, 41.23, 34.67, 38.6, 32.7, 26.83, 32.2, 40.79, 35.01, 36.0, 26.42, 5.39, 0.0, 36.06, 37.48, 42.58, 43.19, 31.02, 27.07, 32.02, 11.4, 44.28, 22.2, 38.9, 39.05, 43.66, 29.07, 32.65, 44.38, 22.02, 46.86, 12.21, 33.42, 32.53, 35.01, 51.74, 45.61, 26.4, 47.42, 35.36, 24.0, 23.09, 46.53, 32.65, 25.08, 33.06, 5.0, 42.05, 32.98, 48.83, 46.4, 26.93, 40.11, 21.21, 29.02, 42.19, 56.3, 48.01, 41.3, 4.47, 49.82, 27.78, 45.49, 17.46, 42.8, 35.74, 37.01, 33.14, 7.62, 22.2, 13.0, 48.47, 46.86, 7.07, 44.41, 51.22, 19.0, 21.21, 40.72, 15.52, 29.07, 27.2, 34.0, 38.64, 17.03, 27.8, 10.51, 45.39, 19.47, 34.79, 19.47, 36.8, 38.46, 22.46, 8.54], [41.23, 31.78, 7.81, 7.07, 35.81, 35.74, 31.14, 35.85, 19.85, 21.1, 39.7, 33.14, 41.62, 12.73, 33.02, 24.02, 9.22, 14.14, 22.67, 3.16, 4.12, 10.0, 20.52, 38.21, 41.88, 12.17, 11.05, 41.44, 36.06, 0.0, 37.54, 40.36, 20.62, 39.82, 35.34, 46.1, 27.46, 50.45, 38.33, 16.16, 13.6, 7.62, 25.24, 25.5, 33.62, 17.12, 18.11, 27.07, 19.1, 15.56, 13.04, 22.56, 24.74, 10.05, 23.09, 45.28, 15.62, 42.2, 43.42, 12.73, 34.54, 41.68, 31.38, 46.86, 32.8, 28.64, 25.71, 27.29, 10.82, 19.85, 12.08, 26.83, 35.13, 27.66, 48.6, 31.62, 27.17, 10.2, 27.51, 18.68, 14.0, 31.83, 41.4, 9.06, 43.66, 15.0, 29.0, 36.67, 18.11, 29.83, 25.3, 28.07, 19.21, 19.24, 30.23, 38.12, 8.06, 44.27, 12.0, 6.4, 20.25, 19.72, 29.61, 22.95, 17.18, 37.1, 17.18, 10.97, 28.2, 31.15, 44.6], [13.45, 15.52, 38.08, 43.6, 8.06, 19.24, 22.2, 16.12, 17.69, 17.2, 5.39, 26.25, 9.85, 38.95, 9.22, 24.33, 38.83, 28.23, 15.26, 40.46, 33.94, 30.81, 17.03, 3.61, 7.28, 47.63, 29.41, 40.52, 37.48, 37.54, 0.0, 5.1, 23.54, 9.22, 10.77, 15.23, 40.31, 13.04, 17.49, 24.17, 26.83, 41.34, 13.04, 12.04, 11.7, 25.5, 30.81, 27.02, 18.6, 22.02, 47.8, 33.14, 22.02, 31.62, 26.08, 11.18, 41.15, 19.85, 9.06, 24.84, 12.65, 8.94, 37.01, 9.43, 5.39, 22.2, 22.0, 12.65, 48.08, 42.72, 42.72, 16.03, 26.93, 22.09, 11.7, 35.06, 25.08, 29.21, 19.03, 31.62, 30.08, 5.83, 5.0, 43.42, 42.06, 37.58, 25.02, 14.42, 30.81, 32.02, 20.02, 26.17, 39.22, 23.77, 11.0, 24.17, 31.24, 17.8, 46.4, 43.86, 37.64, 18.6, 27.54, 23.63, 29.62, 2.92, 29.62, 27.88, 11.28, 15.07, 42.38], [17.8, 14.04, 40.0, 46.01, 6.08, 16.49, 27.29, 13.34, 20.81, 21.02, 1.0, 24.19, 5.0, 42.95, 8.54, 29.15, 42.54, 29.68, 17.69, 43.14, 37.01, 34.48, 20.0, 2.24, 10.63, 51.04, 33.12, 45.61, 42.58, 40.36, 5.1, 0.0, 24.17, 13.6, 15.81, 18.6, 45.18, 12.17, 22.36, 25.81, 28.6, 43.42, 17.09, 15.26, 10.05, 29.73, 31.38, 32.0, 21.26, 24.84, 51.31, 32.98, 21.84, 35.36, 25.96, 13.89, 45.31, 24.41, 4.0, 27.66, 17.72, 12.73, 42.05, 9.0, 10.05, 21.1, 21.59, 17.26, 51.09, 47.13, 46.53, 16.16, 24.52, 21.21, 12.04, 40.11, 24.19, 32.76, 18.44, 36.14, 31.38, 8.94, 7.81, 46.87, 47.13, 41.79, 30.07, 11.4, 31.38, 37.05, 19.92, 25.08, 43.68, 28.16, 11.18, 29.15, 34.67, 21.93, 49.93, 46.75, 42.2, 22.36, 32.6, 23.72, 34.0, 7.91, 34.0, 30.1, 12.5, 20.16, 47.43], [33.24, 12.04, 17.2, 24.19, 18.36, 15.23, 31.06, 15.81, 12.21, 15.81, 23.26, 13.15, 23.6, 29.27, 15.65, 26.87, 27.02, 6.71, 10.44, 22.47, 19.03, 20.62, 11.66, 22.47, 30.15, 32.76, 19.92, 48.08, 43.19, 20.62, 23.54, 24.17, 0.0, 30.02, 27.46, 37.01, 39.36, 36.06, 33.53, 5.1, 7.07, 20.81, 17.09, 14.32, 15.0, 21.63, 7.28, 31.11, 10.0, 10.82, 33.54, 10.2, 4.12, 21.59, 4.24, 34.13, 32.39, 37.36, 26.08, 11.7, 27.89, 31.02, 40.0, 32.57, 21.0, 8.06, 5.1, 20.25, 31.02, 35.9, 31.0, 8.06, 15.13, 7.07, 35.17, 39.05, 7.28, 18.68, 7.21, 28.18, 7.81, 18.11, 28.44, 29.27, 50.21, 29.83, 31.24, 17.03, 7.28, 36.12, 5.0, 8.54, 33.53, 22.02, 13.0, 37.12, 19.24, 37.48, 32.39, 26.57, 33.24, 15.62, 33.26, 2.55, 25.5, 24.63, 25.5, 10.01, 12.26, 26.46, 50.93], [4.24, 24.17, 42.06, 46.52, 17.2, 28.3, 16.49, 25.24, 20.88, 18.79, 14.21, 34.93, 18.6, 38.21, 17.89, 21.1, 38.95, 33.38, 20.1, 42.94, 35.85, 31.4, 20.62, 12.73, 4.0, 48.27, 30.0, 33.24, 31.02, 39.82, 9.22, 13.6, 30.02, 0.0, 5.0, 7.0, 36.06, 13.6, 9.22, 29.27, 31.58, 44.94, 14.87, 16.12, 20.59, 24.76, 37.01, 22.47, 22.56, 25.3, 48.17, 40.11, 29.43, 32.02, 33.24, 5.66, 39.82, 10.82, 17.0, 27.86, 6.71, 2.24, 31.58, 11.05, 9.06, 30.36, 29.61, 12.53, 49.65, 40.5, 42.43, 23.54, 35.78, 30.08, 10.77, 29.43, 32.98, 30.23, 26.93, 29.41, 35.36, 12.37, 6.32, 44.05, 34.53, 36.24, 19.92, 23.6, 37.01, 26.68, 27.46, 34.21, 36.89, 22.63, 18.97, 16.28, 32.45, 8.6, 46.75, 45.79, 34.99, 20.12, 22.19, 30.7, 28.04, 6.52, 28.04, 31.8, 18.34, 10.55, 34.71], [6.08, 23.6, 38.08, 42.15, 17.8, 28.32, 12.04, 25.46, 17.12, 14.56, 16.16, 34.13, 20.62, 33.24, 17.69, 16.12, 34.06, 30.02, 17.12, 38.48, 31.3, 26.63, 17.03, 14.32, 8.54, 43.42, 25.24, 29.83, 27.07, 35.34, 10.77, 15.81, 27.46, 5.0, 0.0, 10.77, 31.32, 18.38, 7.07, 26.0, 28.07, 40.8, 11.05, 13.15, 20.52, 19.85, 34.13, 17.72, 19.03, 21.38, 43.28, 37.66, 27.51, 27.2, 31.05, 10.63, 34.83, 10.3, 19.65, 23.77, 2.0, 7.21, 27.17, 15.52, 7.81, 29.07, 27.86, 8.25, 44.94, 35.51, 37.48, 21.93, 35.23, 28.64, 15.65, 25.08, 31.38, 25.55, 25.5, 24.41, 32.02, 11.4, 10.05, 39.2, 31.32, 31.24, 15.3, 24.08, 34.13, 22.2, 25.63, 32.7, 31.91, 17.69, 18.03, 13.42, 27.78, 10.05, 41.87, 41.18, 30.02, 15.81, 17.68, 28.5, 23.05, 7.91, 23.05, 27.95, 16.77, 5.59, 31.62], [5.0, 30.68, 48.76, 52.92, 23.26, 34.44, 19.42, 31.3, 27.66, 25.3, 19.42, 41.44, 23.43, 43.28, 24.35, 25.46, 44.41, 40.31, 27.07, 49.24, 42.05, 37.22, 27.46, 18.36, 8.06, 53.82, 35.85, 33.14, 32.02, 46.1, 15.23, 18.6, 37.01, 7.0, 10.77, 0.0, 38.95, 13.34, 10.3, 36.22, 38.47, 51.55, 21.59, 23.09, 26.93, 30.23, 44.01, 25.81, 29.43, 32.02, 53.6, 47.1, 36.35, 37.74, 40.2, 5.0, 44.55, 9.06, 21.21, 34.48, 11.66, 6.32, 33.62, 12.53, 16.03, 37.11, 36.5, 18.97, 55.57, 44.69, 47.63, 30.41, 42.15, 36.88, 10.44, 31.38, 39.81, 36.24, 33.73, 33.94, 42.3, 19.24, 10.82, 49.65, 34.01, 41.04, 23.02, 29.53, 44.01, 29.07, 34.37, 41.0, 41.11, 28.02, 25.71, 16.49, 38.47, 5.0, 52.2, 51.88, 39.05, 26.57, 24.87, 37.66, 32.97, 12.98, 32.97, 38.56, 25.24, 15.4, 34.0], [34.44, 45.12, 35.0, 33.11, 44.05, 50.45, 19.7, 48.84, 29.12, 26.48, 45.1, 52.0, 49.01, 15.23, 42.19, 16.03, 18.79, 35.81, 32.98, 29.53, 24.84, 19.85, 30.08, 43.1, 39.85, 25.18, 20.0, 16.03, 11.4, 27.46, 40.31, 45.18, 39.36, 36.06, 31.32, 38.95, 0.0, 49.65, 28.65, 34.48, 33.84, 34.99, 29.07, 32.25, 44.41, 18.03, 41.4, 13.6, 30.68, 28.64, 24.08, 46.4, 42.54, 19.1, 43.42, 41.23, 13.34, 30.81, 49.16, 27.78, 29.41, 38.28, 6.71, 46.84, 35.13, 46.24, 43.46, 28.02, 29.61, 10.0, 18.44, 40.52, 53.85, 45.31, 46.82, 8.6, 46.52, 21.4, 43.32, 11.18, 37.01, 37.0, 41.23, 22.8, 18.0, 12.53, 16.16, 48.51, 41.4, 10.0, 41.79, 47.85, 8.54, 18.44, 40.45, 23.43, 21.93, 34.67, 23.19, 28.79, 7.21, 25.71, 14.09, 41.82, 13.87, 38.06, 13.87, 31.1, 37.98, 25.83, 19.0], [16.03, 26.17, 51.11, 56.61, 18.25, 28.07, 30.08, 25.02, 30.61, 29.7, 13.15, 36.01, 15.13, 50.8, 20.62, 34.44, 51.09, 41.15, 28.3, 53.41, 46.75, 43.19, 30.0, 13.6, 9.85, 60.14, 41.77, 46.0, 44.28, 50.45, 13.04, 12.17, 36.06, 13.6, 18.38, 13.34, 49.65, 0.0, 22.09, 37.12, 39.82, 54.38, 25.46, 25.0, 22.2, 37.2, 43.32, 36.06, 31.62, 35.0, 60.21, 45.12, 33.96, 43.93, 38.08, 9.0, 52.7, 22.09, 12.17, 37.8, 20.25, 11.4, 45.12, 3.61, 17.69, 33.24, 33.73, 24.21, 60.88, 53.71, 54.82, 28.16, 36.12, 33.38, 3.0, 42.95, 36.35, 41.73, 30.59, 42.54, 42.95, 18.87, 9.22, 55.9, 47.04, 49.09, 33.53, 23.02, 43.32, 40.26, 32.02, 37.22, 50.12, 35.23, 23.09, 29.02, 43.84, 18.25, 58.8, 56.73, 48.3, 31.11, 35.78, 35.78, 40.92, 13.44, 40.92, 40.92, 23.96, 23.96, 47.1], [6.08, 30.61, 42.19, 45.35, 24.84, 35.38, 9.22, 32.53, 22.2, 19.03, 22.83, 41.05, 27.29, 33.84, 24.76, 15.81, 35.36, 35.23, 23.09, 41.48, 34.21, 28.79, 22.36, 21.1, 13.15, 44.78, 27.51, 24.08, 22.2, 38.33, 17.49, 22.36, 33.53, 9.22, 7.07, 10.3, 28.65, 22.09, 0.0, 31.4, 33.14, 44.55, 16.49, 19.31, 27.59, 21.54, 39.81, 15.62, 24.33, 26.02, 44.42, 43.68, 34.01, 29.15, 37.34, 13.15, 34.83, 4.0, 26.0, 28.02, 5.83, 11.05, 23.41, 20.02, 14.87, 35.85, 34.44, 13.34, 47.01, 34.66, 38.28, 28.65, 42.2, 35.36, 19.1, 21.19, 38.01, 28.16, 32.25, 24.21, 37.22, 18.44, 15.52, 40.71, 25.32, 31.4, 12.81, 31.14, 39.81, 18.79, 32.2, 39.36, 31.11, 19.31, 25.0, 7.07, 30.36, 6.4, 43.05, 43.66, 29.0, 20.0, 14.58, 34.82, 23.58, 14.58, 23.58, 32.5, 23.58, 7.5, 25.5], [32.02, 15.65, 14.21, 20.62, 20.52, 19.65, 27.73, 19.7, 9.22, 12.65, 25.0, 18.25, 26.17, 24.19, 17.69, 22.8, 22.0, 4.12, 9.22, 18.36, 14.14, 15.52, 9.06, 23.85, 30.08, 28.16, 14.87, 43.93, 38.9, 16.16, 24.17, 25.81, 5.1, 29.27, 26.0, 36.22, 34.48, 37.12, 31.4, 0.0, 2.83, 17.69, 15.03, 13.15, 17.8, 17.03, 8.54, 27.02, 7.07, 6.4, 28.86, 13.04, 9.0, 16.49, 8.94, 33.96, 27.29, 35.36, 28.32, 6.71, 26.08, 30.59, 35.47, 33.54, 20.62, 13.0, 10.0, 18.11, 26.83, 30.81, 26.02, 10.82, 20.22, 12.0, 35.85, 34.66, 12.37, 13.6, 11.4, 23.32, 6.08, 18.38, 28.79, 24.52, 46.1, 24.74, 27.46, 20.59, 8.54, 31.83, 9.22, 13.6, 28.46, 17.69, 14.87, 34.18, 14.14, 36.01, 27.66, 22.36, 28.23, 12.08, 29.3, 7.65, 20.67, 24.67, 20.67, 5.22, 13.31, 24.03, 46.86], [34.13, 18.36, 11.4, 17.8, 23.35, 22.14, 28.79, 22.36, 11.0, 14.14, 27.8, 20.02, 29.0, 22.56, 20.52, 23.32, 20.1, 2.24, 11.7, 15.65, 12.0, 14.32, 11.05, 26.63, 32.57, 25.71, 13.89, 44.2, 39.05, 13.6, 26.83, 28.6, 7.07, 31.58, 28.07, 38.47, 33.84, 39.82, 33.14, 2.83, 0.0, 14.87, 17.03, 15.52, 20.62, 17.03, 7.81, 27.46, 9.06, 7.28, 26.48, 12.73, 11.18, 15.23, 10.2, 36.4, 25.71, 37.12, 31.14, 6.4, 28.0, 32.98, 35.36, 36.24, 23.09, 15.13, 12.17, 20.0, 24.17, 29.41, 24.02, 13.6, 22.02, 14.14, 38.48, 34.71, 14.04, 12.53, 13.93, 22.8, 4.12, 21.02, 31.38, 22.2, 46.4, 23.41, 28.18, 23.32, 7.81, 32.02, 11.7, 15.13, 27.31, 18.03, 17.69, 35.44, 12.65, 38.01, 25.32, 19.7, 27.29, 13.34, 29.84, 9.51, 20.23, 27.21, 20.23, 3.04, 16.1, 25.68, 47.2], [46.84, 32.8, 3.61, 4.0, 38.21, 35.85, 38.0, 36.62, 24.17, 26.25, 42.64, 31.62, 43.84, 20.0, 35.38, 31.06, 16.4, 14.21, 26.08, 5.66, 11.18, 17.26, 24.6, 41.4, 46.52, 15.81, 18.11, 49.04, 43.66, 7.62, 41.34, 43.42, 20.81, 44.94, 40.8, 51.55, 34.99, 54.38, 44.55, 17.69, 14.87, 0.0, 30.08, 29.53, 35.38, 24.02, 15.81, 34.37, 22.83, 19.7, 17.09, 19.1, 24.7, 17.46, 21.93, 50.16, 22.67, 48.51, 46.01, 17.09, 40.26, 46.62, 39.0, 50.77, 37.12, 28.18, 25.55, 32.57, 12.04, 26.91, 18.44, 28.32, 33.53, 27.29, 52.84, 39.22, 26.0, 17.03, 28.02, 26.25, 13.04, 35.51, 45.65, 14.42, 51.26, 22.47, 36.12, 37.8, 15.81, 37.36, 25.81, 26.57, 26.63, 26.0, 32.56, 45.0, 15.13, 50.22, 16.55, 8.54, 27.78, 25.0, 36.91, 22.64, 24.62, 41.38, 24.62, 13.46, 30.92, 37.17, 52.2], [17.12, 17.0, 27.2, 31.76, 15.0, 22.36, 14.87, 20.25, 6.08, 4.24, 16.76, 26.17, 20.22, 25.94, 13.15, 13.34, 25.81, 19.0, 6.71, 28.3, 21.4, 17.8, 6.0, 14.87, 16.64, 34.71, 16.4, 33.29, 29.07, 25.24, 13.04, 17.09, 17.09, 14.87, 11.05, 21.59, 29.07, 25.46, 16.49, 15.03, 17.03, 30.08, 0.0, 3.61, 15.52, 12.65, 23.35, 17.09, 8.0, 10.44, 34.83, 27.2, 18.03, 18.6, 21.02, 20.12, 28.23, 20.4, 20.88, 13.0, 11.05, 16.55, 27.2, 21.93, 7.81, 20.52, 18.6, 3.16, 35.47, 30.08, 29.68, 13.45, 27.66, 19.85, 23.43, 25.63, 22.2, 16.28, 16.97, 19.24, 21.0, 8.25, 16.28, 30.48, 35.23, 24.7, 16.12, 19.65, 23.35, 22.47, 16.4, 23.6, 26.68, 11.18, 11.7, 20.25, 18.38, 21.0, 33.42, 31.4, 25.32, 5.66, 18.56, 18.56, 16.98, 12.02, 16.98, 16.98, 9.39, 9.39, 35.81], [19.03, 13.42, 26.4, 31.62, 12.17, 18.79, 18.44, 16.76, 5.66, 6.08, 14.76, 22.63, 17.72, 27.86, 10.0, 16.76, 27.29, 17.26, 4.0, 28.43, 21.93, 19.24, 5.0, 13.04, 17.09, 35.81, 17.89, 36.89, 32.65, 25.5, 12.04, 15.26, 14.32, 16.12, 13.15, 23.09, 32.25, 25.0, 19.31, 13.15, 15.52, 29.53, 3.61, 0.0, 12.17, 15.13, 21.02, 20.62, 6.71, 10.0, 36.06, 24.52, 14.76, 20.12, 18.03, 20.88, 30.36, 23.09, 18.79, 12.81, 13.6, 17.46, 30.68, 21.4, 7.62, 17.03, 15.26, 6.4, 36.07, 32.56, 31.3, 9.9, 24.08, 16.4, 23.32, 29.15, 18.87, 17.49, 13.45, 22.02, 19.24, 6.4, 16.12, 31.62, 38.83, 26.93, 19.72, 16.28, 21.02, 26.0, 13.04, 20.25, 29.27, 14.0, 8.25, 23.6, 19.42, 23.19, 34.67, 31.83, 28.07, 7.28, 22.15, 15.51, 19.6, 11.85, 19.6, 16.1, 5.85, 12.62, 39.41], [24.7, 4.0, 31.83, 38.42, 4.0, 7.81, 29.53, 5.0, 16.12, 18.03, 9.06, 14.56, 8.6, 38.83, 2.83, 28.86, 37.64, 21.21, 12.17, 36.06, 30.87, 29.83, 15.13, 9.06, 18.97, 45.19, 28.64, 48.3, 44.38, 33.62, 11.7, 10.05, 15.0, 20.59, 20.52, 26.93, 44.41, 22.2, 27.59, 17.8, 20.62, 35.38, 15.52, 12.17, 0.0, 27.0, 21.95, 32.57, 15.52, 18.97, 45.69, 23.09, 12.08, 30.81, 16.16, 22.8, 41.59, 30.61, 11.18, 21.54, 21.93, 20.62, 42.72, 19.03, 12.73, 11.05, 11.7, 17.46, 44.42, 44.18, 41.76, 7.07, 15.23, 11.18, 22.0, 41.11, 14.14, 27.89, 8.54, 34.01, 22.67, 9.22, 16.49, 41.23, 50.12, 38.33, 31.38, 4.12, 21.95, 37.95, 10.3, 15.03, 41.05, 26.08, 4.0, 33.42, 29.41, 29.15, 44.38, 39.96, 40.0, 19.0, 33.89, 14.09, 31.5, 14.09, 31.5, 22.74, 6.5, 22.74, 50.61], [25.24, 27.29, 22.36, 24.19, 27.29, 32.56, 14.04, 31.14, 11.18, 9.06, 29.41, 34.01, 32.76, 13.6, 25.08, 7.07, 14.21, 19.21, 15.13, 20.22, 13.04, 7.28, 12.17, 27.51, 27.66, 23.6, 6.08, 27.2, 22.02, 17.12, 25.5, 29.73, 21.63, 24.76, 19.85, 30.23, 18.03, 37.2, 21.54, 17.03, 17.03, 24.02, 12.65, 15.13, 27.0, 0.0, 24.84, 10.77, 12.65, 10.82, 23.43, 29.73, 24.6, 7.62, 25.81, 30.41, 15.65, 25.3, 33.53, 10.63, 18.6, 26.87, 18.44, 33.84, 20.12, 28.23, 25.5, 13.04, 25.5, 17.46, 17.69, 22.56, 35.85, 27.31, 34.83, 17.69, 28.65, 7.0, 25.3, 7.07, 20.81, 20.88, 28.02, 19.42, 29.41, 12.08, 12.17, 31.02, 24.84, 15.0, 23.77, 30.02, 14.14, 2.24, 23.0, 21.02, 9.06, 27.73, 22.02, 22.14, 13.0, 8.0, 13.29, 24.01, 4.5, 24.01, 4.5, 14.84, 20.5, 14.84, 30.23], [40.05, 18.6, 12.37, 19.65, 25.5, 20.62, 36.25, 21.93, 17.72, 21.19, 30.46, 15.81, 30.53, 29.15, 22.85, 31.06, 26.25, 5.66, 17.03, 19.03, 18.03, 21.63, 17.46, 29.73, 37.34, 30.0, 21.4, 52.01, 46.86, 18.11, 30.81, 31.38, 7.28, 37.01, 34.13, 44.01, 41.4, 43.32, 39.81, 8.54, 7.81, 15.81, 23.35, 21.02, 21.95, 24.84, 0.0, 35.23, 15.52, 14.76, 31.02, 5.0, 10.0, 22.47, 6.4, 41.3, 32.31, 43.74, 33.12, 14.21, 34.37, 38.12, 43.14, 39.85, 28.07, 12.81, 10.63, 26.48, 27.29, 36.25, 29.83, 15.23, 17.72, 12.04, 42.45, 42.52, 10.3, 20.0, 13.6, 30.48, 4.47, 25.32, 35.69, 27.17, 54.2, 30.41, 35.85, 23.43, 0.0, 39.82, 11.66, 10.77, 34.48, 25.81, 20.25, 42.72, 19.72, 44.18, 30.07, 23.09, 34.67, 20.62, 37.58, 7.91, 27.95, 31.82, 27.95, 10.31, 19.53, 32.5, 55.0], [21.1, 34.01, 32.98, 34.01, 31.58, 39.4, 6.4, 37.34, 19.21, 15.81, 32.02, 42.44, 36.12, 19.31, 30.08, 4.24, 21.59, 29.68, 22.47, 30.02, 23.19, 17.12, 20.0, 30.02, 26.25, 30.68, 16.28, 16.97, 12.21, 27.07, 27.02, 32.0, 31.11, 22.47, 17.72, 25.81, 13.6, 36.06, 15.62, 27.02, 27.46, 34.37, 17.09, 20.62, 32.57, 10.77, 35.23, 0.0, 21.26, 20.62, 30.08, 40.0, 33.42, 17.03, 35.36, 27.73, 19.72, 18.44, 36.0, 21.1, 15.81, 24.7, 10.2, 33.24, 22.02, 36.62, 34.21, 15.3, 33.73, 19.1, 23.77, 30.02, 44.1, 35.81, 33.24, 8.54, 37.64, 17.46, 33.29, 9.49, 31.38, 24.33, 27.66, 26.93, 19.1, 16.55, 2.83, 36.69, 35.23, 5.39, 32.2, 39.05, 15.62, 9.43, 28.79, 12.08, 19.24, 21.93, 28.79, 31.14, 13.45, 15.62, 2.55, 33.26, 10.01, 24.63, 10.01, 25.5, 26.46, 12.26, 19.85], [25.08, 15.0, 19.7, 25.0, 17.0, 20.1, 21.1, 19.03, 2.24, 5.83, 20.62, 21.47, 22.83, 23.35, 14.32, 17.03, 22.14, 11.0, 3.61, 21.93, 15.81, 14.32, 2.0, 19.1, 23.77, 30.02, 13.15, 38.21, 33.42, 19.1, 18.6, 21.26, 10.0, 22.56, 19.03, 29.43, 30.68, 31.62, 24.33, 7.07, 9.06, 22.83, 8.0, 6.71, 15.52, 12.65, 15.52, 21.26, 0.0, 3.61, 30.41, 19.7, 12.21, 15.3, 14.21, 27.51, 26.17, 28.28, 24.41, 6.4, 19.03, 24.04, 30.53, 28.02, 14.32, 15.65, 13.04, 11.05, 29.83, 29.0, 26.25, 10.05, 23.26, 14.76, 30.02, 29.41, 16.4, 12.37, 12.65, 19.65, 13.0, 12.81, 22.83, 25.94, 40.31, 23.02, 21.26, 19.24, 15.52, 26.4, 11.18, 17.8, 26.08, 12.53, 11.7, 27.31, 13.93, 29.0, 29.07, 25.5, 25.32, 5.66, 23.33, 12.02, 16.98, 18.56, 16.98, 9.39, 9.39, 16.98, 41.01], [27.46, 18.11, 16.76, 21.63, 20.59, 23.0, 21.54, 22.2, 4.47, 7.0, 24.21, 23.41, 26.42, 20.1, 17.89, 16.4, 18.68, 9.49, 7.21, 18.44, 12.21, 11.05, 5.0, 22.67, 26.83, 26.42, 10.0, 37.54, 32.53, 15.56, 22.02, 24.84, 10.82, 25.3, 21.38, 32.02, 28.64, 35.0, 26.02, 6.4, 7.28, 19.7, 10.44, 10.0, 18.97, 10.82, 14.76, 20.62, 3.61, 0.0, 26.83, 19.42, 13.93, 12.04, 15.0, 30.46, 23.02, 30.02, 28.02, 2.83, 21.1, 26.93, 29.21, 31.4, 17.49, 17.72, 14.87, 13.15, 26.25, 26.08, 22.8, 13.04, 25.3, 16.76, 33.29, 28.32, 17.89, 9.06, 15.13, 17.46, 11.4, 16.28, 26.08, 22.36, 39.7, 20.02, 21.1, 22.56, 14.76, 25.46, 13.34, 19.24, 23.35, 11.31, 15.23, 28.16, 10.44, 31.14, 25.5, 21.93, 22.8, 6.08, 22.9, 13.21, 14.77, 21.78, 14.77, 6.58, 12.97, 18.53, 40.46], [48.6, 44.27, 19.42, 13.42, 47.41, 48.51, 35.78, 48.38, 30.53, 30.61, 50.77, 46.17, 53.24, 10.77, 44.72, 28.65, 9.22, 27.17, 34.0, 12.17, 14.87, 17.03, 31.38, 49.09, 50.91, 1.41, 18.44, 40.01, 35.01, 13.04, 47.8, 51.31, 33.54, 48.17, 43.28, 53.6, 24.08, 60.21, 44.42, 28.86, 26.48, 17.09, 34.83, 36.06, 45.69, 23.43, 31.02, 30.08, 30.41, 26.83, 0.0, 35.23, 37.66, 16.28, 36.12, 53.81, 11.05, 47.89, 54.71, 24.17, 42.01, 50.25, 30.02, 56.73, 42.64, 41.59, 38.64, 36.07, 6.4, 14.14, 6.32, 39.22, 48.17, 40.61, 58.0, 31.14, 40.2, 18.6, 40.26, 20.62, 27.02, 42.44, 50.99, 4.47, 42.05, 13.6, 32.7, 49.04, 31.02, 30.59, 38.08, 41.11, 16.03, 25.61, 42.05, 42.15, 16.64, 50.77, 1.41, 8.54, 18.11, 29.21, 32.26, 35.92, 20.84, 46.8, 20.84, 23.65, 39.8, 38.2, 43.05], [43.42, 19.31, 16.0, 23.09, 26.93, 20.0, 40.71, 21.95, 21.93, 25.5, 32.02, 13.6, 31.38, 34.01, 24.52, 35.81, 31.02, 10.63, 20.62, 23.09, 22.85, 26.63, 21.54, 31.58, 40.01, 34.13, 26.4, 56.85, 51.74, 22.56, 33.14, 32.98, 10.2, 40.11, 37.66, 47.1, 46.4, 45.12, 43.68, 13.04, 12.73, 19.1, 27.2, 24.52, 23.09, 29.73, 5.0, 40.0, 19.7, 19.42, 35.23, 0.0, 11.18, 27.46, 7.07, 44.01, 37.16, 47.54, 34.18, 19.1, 38.08, 41.01, 48.08, 41.77, 31.06, 12.53, 11.4, 30.36, 31.02, 41.15, 34.48, 17.12, 15.26, 12.08, 44.55, 47.42, 9.43, 25.0, 14.56, 35.47, 9.43, 28.0, 38.12, 31.58, 59.03, 35.36, 40.5, 23.71, 5.0, 44.69, 13.15, 9.22, 39.45, 30.61, 22.2, 47.01, 24.7, 47.68, 34.37, 27.02, 39.66, 25.06, 42.31, 9.51, 32.93, 34.5, 32.93, 15.31, 22.01, 36.53, 59.82], [32.98, 8.6, 21.1, 28.18, 15.81, 11.18, 32.65, 12.04, 14.21, 17.69, 20.88, 9.49, 20.59, 33.14, 13.34, 29.21, 31.0, 10.77, 11.4, 26.57, 23.09, 24.33, 13.45, 20.4, 29.02, 36.88, 23.54, 50.33, 45.61, 24.74, 22.02, 21.84, 4.12, 29.43, 27.51, 36.35, 42.54, 33.96, 34.01, 9.0, 11.18, 24.7, 18.03, 14.76, 12.08, 24.6, 10.0, 33.42, 12.21, 13.93, 37.66, 11.18, 0.0, 25.32, 4.12, 33.02, 36.22, 37.7, 23.26, 15.3, 28.23, 30.15, 42.72, 30.59, 20.4, 4.0, 1.0, 21.1, 35.11, 39.62, 35.01, 6.0, 11.4, 3.0, 33.38, 41.62, 4.24, 22.36, 3.61, 31.38, 11.66, 17.12, 27.02, 33.38, 52.4, 33.54, 33.24, 13.45, 10.0, 38.6, 2.0, 5.66, 37.11, 24.7, 11.05, 38.28, 23.09, 37.36, 36.5, 30.68, 36.69, 17.8, 35.42, 2.12, 28.69, 23.55, 28.69, 14.08, 11.1, 27.35, 53.08], [32.76, 30.15, 16.55, 17.0, 31.95, 35.01, 21.38, 34.23, 14.87, 14.42, 34.89, 34.71, 37.7, 8.06, 29.41, 14.14, 7.21, 17.0, 18.68, 13.0, 6.32, 1.0, 15.81, 33.12, 34.66, 16.28, 2.24, 31.78, 26.4, 10.05, 31.62, 35.36, 21.59, 32.02, 27.2, 37.74, 19.1, 43.93, 29.15, 16.49, 15.23, 17.46, 18.6, 20.12, 30.81, 7.62, 22.47, 17.03, 15.3, 12.04, 16.28, 27.46, 25.32, 0.0, 25.3, 37.64, 11.0, 32.89, 38.91, 10.05, 26.08, 34.06, 21.95, 40