100
[[0.0, 49.2, 26.68, 44.0, 40.8, 28.0, 43.83, 17.03, 44.72, 41.11, 16.03, 40.11, 19.1, 7.81, 42.43, 7.62, 25.0, 40.02, 30.15, 26.0, 30.81, 30.46, 12.21, 18.03, 16.28, 27.59, 33.53, 28.65, 27.0, 16.4, 22.8, 25.5, 31.4, 28.16, 38.33, 44.29, 8.06, 43.83, 31.26, 28.86, 51.62, 52.8, 32.25, 39.36, 42.52, 32.98, 21.21, 12.08, 36.69, 31.14, 22.09, 38.63, 31.4, 27.07, 13.6, 15.23, 21.38, 12.04, 31.26, 30.46, 35.0, 43.42, 19.31, 41.77, 48.33, 49.4, 12.08, 10.3, 10.63, 30.0, 43.93, 37.7, 55.61, 41.11, 27.29, 43.42, 24.19, 5.39, 19.1, 2.0, 42.06, 8.0, 33.24, 5.0, 36.0, 3.16, 43.28, 39.56, 36.35, 29.27, 8.94, 25.0, 35.13, 39.96, 22.47, 40.31, 29.27, 44.94, 28.28, 42.45, 35.34, 22.83, 24.67, 32.53, 30.86, 7.65, 30.86, 34.31, 20.06, 13.31, 36.35], [49.2, 0.0, 38.28, 30.41, 15.3, 31.95, 5.83, 40.16, 38.33, 17.0, 38.6, 27.02, 42.45, 56.85, 24.19, 47.89, 26.0, 21.0, 42.0, 25.0, 32.0, 21.1, 47.01, 35.47, 38.63, 21.95, 21.19, 21.26, 32.31, 33.62, 48.75, 28.86, 20.62, 36.06, 35.01, 9.0, 53.74, 5.83, 43.01, 25.5, 6.32, 3.61, 26.93, 21.59, 7.28, 31.06, 32.45, 53.26, 19.42, 18.36, 32.76, 25.71, 17.8, 30.46, 51.4, 34.66, 43.93, 43.86, 35.01, 21.1, 30.27, 9.06, 34.18, 38.05, 11.18, 5.0, 53.26, 58.8, 38.83, 19.21, 39.2, 16.49, 6.4, 8.54, 22.67, 9.06, 25.46, 48.02, 30.23, 50.45, 43.01, 54.45, 19.7, 44.41, 30.15, 48.26, 6.32, 16.12, 34.53, 27.86, 51.66, 32.56, 27.29, 10.3, 42.05, 25.02, 35.44, 6.08, 35.74, 8.06, 24.08, 26.87, 32.16, 32.16, 20.08, 44.55, 20.08, 20.08, 36.79, 36.79, 44.41], [26.68, 38.28, 0.0, 18.97, 39.05, 6.32, 32.57, 33.97, 18.11, 23.02, 11.18, 16.64, 37.54, 31.0, 20.0, 31.78, 28.23, 19.85, 46.23, 16.12, 40.71, 18.11, 16.03, 30.48, 31.83, 25.71, 17.09, 20.02, 6.08, 24.84, 11.31, 32.65, 31.78, 41.05, 12.04, 29.97, 25.08, 32.57, 47.63, 13.15, 43.42, 41.23, 11.66, 41.77, 34.53, 42.05, 10.3, 21.59, 19.24, 27.17, 8.94, 43.68, 25.02, 8.06, 18.68, 16.97, 40.36, 32.45, 43.05, 18.11, 10.82, 29.55, 30.61, 15.13, 31.62, 35.78, 21.59, 31.14, 23.6, 24.08, 17.26, 21.93, 43.86, 33.38, 19.1, 29.55, 18.68, 30.08, 22.47, 26.31, 15.65, 26.08, 18.68, 25.08, 11.66, 28.46, 34.71, 22.83, 46.96, 10.44, 22.09, 35.51, 12.73, 28.16, 5.39, 17.8, 3.61, 32.31, 2.83, 35.36, 39.56, 18.03, 34.82, 7.91, 30.1, 19.04, 30.1, 18.2, 7.5, 25.12, 52.2], [44.0, 30.41, 18.97, 0.0, 38.59, 16.0, 26.25, 46.24, 8.0, 13.93, 28.02, 5.0, 49.77, 49.37, 6.32, 47.52, 35.23, 10.3, 55.76, 22.36, 47.63, 20.0, 34.71, 41.63, 44.01, 30.61, 15.62, 23.6, 17.0, 36.4, 29.53, 40.22, 35.36, 49.65, 7.81, 21.59, 43.74, 26.25, 57.14, 17.46, 36.67, 32.06, 12.65, 43.6, 30.46, 48.17, 23.19, 40.52, 14.21, 29.7, 22.09, 46.86, 26.87, 17.12, 37.64, 30.59, 52.39, 46.57, 50.61, 20.0, 9.0, 21.84, 41.15, 8.54, 20.0, 26.08, 40.52, 49.82, 37.85, 26.91, 9.06, 16.64, 34.0, 29.97, 23.85, 21.84, 25.94, 46.27, 32.7, 44.05, 13.6, 44.72, 17.69, 41.19, 8.0, 45.1, 30.08, 15.65, 53.08, 15.52, 40.79, 44.1, 9.49, 23.26, 24.35, 6.4, 15.52, 24.74, 16.49, 31.78, 43.19, 26.4, 43.41, 11.6, 33.59, 36.53, 33.59, 15.91, 24.05, 38.12, 60.8], [40.8, 15.3, 39.05, 38.59, 0.0, 33.24, 14.42, 28.02, 45.62, 25.0, 34.93, 34.0, 29.53, 48.6, 32.45, 37.48, 15.81, 28.3, 27.17, 23.0, 17.26, 21.38, 42.38, 24.08, 27.02, 14.56, 24.35, 19.03, 33.14, 24.41, 47.38, 16.4, 9.43, 21.59, 40.5, 19.21, 47.01, 14.42, 28.07, 26.31, 13.34, 18.03, 30.08, 6.32, 9.43, 16.03, 30.15, 47.93, 24.6, 12.04, 31.06, 10.44, 14.04, 31.14, 46.82, 28.79, 30.46, 32.65, 20.1, 21.38, 34.79, 18.44, 22.67, 44.38, 23.85, 19.31, 47.93, 51.04, 30.23, 15.0, 46.1, 21.95, 20.02, 9.22, 20.0, 18.44, 21.21, 38.21, 22.36, 42.44, 48.7, 47.51, 22.14, 35.81, 35.11, 39.05, 10.3, 23.02, 19.24, 29.43, 45.62, 19.24, 31.95, 15.62, 41.11, 32.25, 37.34, 16.64, 37.22, 8.06, 9.06, 22.36, 19.04, 35.53, 10.31, 38.24, 10.31, 23.58, 34.73, 27.5, 29.15], [28.0, 31.95, 6.32, 16.0, 33.24, 0.0, 26.25, 31.91, 17.89, 17.03, 12.04, 12.37, 35.51, 33.54, 15.23, 31.78, 23.85, 14.21, 43.14, 10.77, 36.62, 12.0, 19.31, 27.8, 29.68, 20.62, 10.77, 14.32, 1.0, 22.2, 17.2, 28.6, 26.57, 37.54, 11.18, 23.71, 28.16, 26.25, 44.55, 7.0, 37.11, 34.93, 5.66, 36.4, 28.28, 37.74, 7.62, 25.5, 13.04, 21.59, 6.32, 38.63, 19.24, 2.24, 22.83, 15.23, 38.28, 31.38, 39.2, 12.0, 7.0, 23.26, 27.66, 15.26, 25.61, 29.53, 25.5, 34.21, 22.47, 18.44, 17.49, 15.65, 37.58, 27.17, 13.6, 23.26, 13.89, 30.41, 19.1, 28.07, 17.69, 29.12, 12.37, 25.32, 8.0, 29.15, 28.44, 16.64, 42.72, 4.12, 25.3, 31.89, 7.62, 21.84, 10.63, 13.0, 4.12, 26.0, 4.0, 29.15, 34.54, 13.6, 31.18, 4.74, 24.82, 20.55, 24.82, 11.88, 8.14, 23.26, 48.84], [43.83, 5.83, 32.57, 26.25, 14.42, 26.25, 0.0, 35.9, 33.96, 12.37, 32.8, 22.36, 38.47, 51.4, 19.92, 42.95, 21.59, 16.28, 39.32, 19.21, 29.43, 15.26, 41.23, 31.05, 34.21, 17.09, 15.52, 15.56, 26.57, 28.64, 42.95, 25.08, 17.0, 33.14, 30.07, 5.0, 48.1, 0.0, 40.45, 19.7, 11.05, 9.22, 21.38, 20.59, 5.0, 28.86, 26.63, 47.51, 14.04, 13.6, 26.93, 24.6, 12.53, 24.7, 45.61, 29.07, 40.2, 39.22, 32.56, 15.26, 25.02, 4.47, 29.83, 33.38, 9.43, 6.08, 47.51, 53.26, 33.62, 13.89, 34.71, 11.05, 12.04, 5.39, 16.97, 4.47, 19.85, 42.94, 25.06, 45.0, 38.21, 48.84, 13.93, 39.12, 25.0, 43.05, 4.24, 11.05, 32.89, 22.14, 45.97, 29.02, 22.02, 4.47, 36.25, 20.4, 29.83, 2.24, 30.08, 6.4, 22.14, 21.26, 28.54, 26.73, 16.07, 38.92, 16.07, 14.43, 30.96, 31.75, 42.45], [17.03, 40.16, 33.97, 46.24, 28.02, 31.91, 35.9, 0.0, 49.74, 38.21, 23.43, 41.44, 3.61, 23.77, 42.45, 10.77, 14.32, 38.83, 13.6, 24.04, 14.32, 27.46, 25.63, 5.0, 2.24, 19.1, 31.78, 24.19, 31.06, 9.85, 35.36, 11.66, 19.7, 11.18, 43.05, 38.21, 25.0, 35.9, 14.87, 28.79, 40.71, 43.66, 33.62, 24.76, 32.89, 16.55, 24.41, 28.28, 34.53, 22.36, 25.81, 23.02, 24.08, 30.02, 28.86, 17.03, 6.4, 5.39, 14.32, 27.46, 38.01, 37.22, 6.08, 47.17, 43.1, 41.98, 28.28, 26.68, 10.82, 23.02, 49.4, 34.13, 46.24, 31.62, 23.35, 37.22, 20.62, 12.37, 13.6, 19.03, 49.2, 25.02, 30.41, 13.15, 38.91, 14.14, 33.84, 36.12, 19.42, 30.87, 25.18, 9.22, 36.77, 33.24, 32.02, 40.8, 35.0, 37.66, 34.21, 32.31, 20.52, 19.92, 9.19, 36.53, 20.08, 19.61, 20.08, 32.07, 26.52, 8.85, 19.92], [44.72, 38.33, 18.11, 8.0, 45.62, 17.89, 33.96, 49.74, 0.0, 21.59, 28.86, 11.7, 53.34, 49.04, 14.14, 49.34, 40.31, 17.72, 60.44, 26.91, 53.04, 25.61, 34.01, 45.49, 47.51, 36.12, 21.63, 29.07, 18.79, 39.96, 26.68, 45.28, 41.4, 54.56, 6.71, 29.43, 43.0, 33.96, 61.85, 21.93, 44.55, 40.05, 16.97, 50.25, 37.95, 53.81, 25.5, 39.12, 21.02, 35.81, 24.17, 53.25, 33.02, 19.72, 36.12, 33.11, 56.08, 49.24, 55.87, 25.61, 12.04, 29.61, 45.22, 3.0, 28.0, 34.06, 39.12, 49.01, 40.31, 32.8, 1.41, 23.77, 42.0, 37.34, 29.0, 29.61, 30.48, 47.8, 36.62, 44.41, 6.4, 44.0, 23.85, 42.72, 11.31, 46.32, 37.64, 23.09, 58.8, 19.21, 40.0, 48.92, 14.21, 30.68, 23.0, 13.6, 15.52, 32.56, 16.49, 39.22, 49.41, 30.61, 48.21, 13.21, 39.6, 37.07, 39.6, 22.21, 24.86, 41.15, 65.86], [41.11, 17.0, 23.02, 13.93, 25.0, 17.03, 12.37, 38.21, 21.59, 0.0, 26.93, 10.05, 41.44, 47.93, 7.62, 42.43, 25.0, 4.0, 45.31, 15.3, 36.24, 11.05, 35.23, 33.24, 36.12, 19.92, 7.62, 14.04, 17.69, 29.0, 34.21, 29.73, 23.32, 39.0, 18.03, 8.0, 43.42, 12.37, 46.62, 12.53, 23.09, 19.24, 11.4, 30.41, 16.55, 36.36, 20.59, 41.62, 4.47, 17.89, 20.25, 33.97, 15.23, 16.28, 39.2, 25.96, 43.74, 40.01, 39.36, 11.05, 13.6, 8.06, 32.39, 21.1, 8.6, 13.34, 41.62, 49.19, 32.39, 15.81, 22.36, 4.12, 21.59, 16.12, 15.0, 8.06, 18.03, 41.77, 25.0, 41.79, 26.02, 44.29, 8.06, 37.11, 13.34, 41.23, 16.16, 2.24, 41.05, 13.45, 40.82, 33.84, 10.77, 9.43, 27.66, 8.06, 19.72, 11.05, 20.25, 17.89, 30.61, 19.1, 33.2, 15.89, 21.71, 34.68, 21.71, 6.8, 23.9, 31.56, 49.65], [16.03, 38.6, 11.18, 28.02, 34.93, 12.04, 32.8, 23.43, 28.86, 26.93, 0.0, 24.33, 26.91, 21.59, 26.93, 20.62, 21.02, 25.08, 36.36, 13.6, 32.28, 17.69, 8.49, 20.59, 21.4, 20.4, 19.42, 17.49, 11.05, 15.23, 13.15, 24.52, 26.17, 31.78, 22.36, 31.83, 16.55, 32.8, 37.74, 14.42, 42.54, 42.01, 16.76, 36.06, 33.12, 33.96, 6.4, 14.87, 22.47, 23.09, 6.71, 37.05, 21.93, 11.4, 12.81, 7.28, 29.73, 21.4, 34.18, 17.69, 19.03, 31.11, 21.02, 25.96, 35.0, 37.48, 14.87, 22.47, 12.73, 20.62, 28.16, 24.21, 44.82, 31.76, 16.12, 31.11, 13.93, 18.97, 14.14, 16.03, 26.83, 17.46, 19.85, 13.93, 20.02, 17.46, 33.62, 25.81, 38.6, 13.93, 13.89, 26.57, 19.42, 28.43, 8.6, 24.74, 13.34, 33.3, 12.37, 33.54, 33.02, 12.65, 25.93, 16.51, 24.82, 8.51, 24.82, 20.4, 4.03, 14.71, 42.54], [40.11, 27.02, 16.64, 5.0, 34.0, 12.37, 22.36, 41.44, 11.7, 10.05, 24.33, 0.0, 44.94, 45.89, 3.61, 43.19, 30.23, 6.08, 50.77, 17.46, 42.64, 15.0, 31.62, 36.77, 39.22, 25.61, 10.63, 18.6, 13.34, 31.62, 27.8, 35.23, 30.41, 44.65, 8.25, 18.03, 40.52, 22.36, 52.15, 12.65, 33.14, 29.07, 8.06, 38.83, 26.25, 43.19, 19.0, 37.7, 9.43, 24.76, 18.03, 42.01, 21.93, 13.04, 34.93, 26.17, 47.54, 41.98, 45.61, 15.0, 5.83, 18.11, 36.25, 11.05, 17.46, 23.09, 37.7, 46.57, 33.38, 21.93, 12.37, 12.08, 31.26, 25.63, 18.87, 18.11, 21.02, 42.05, 27.86, 40.31, 16.0, 41.48, 12.73, 37.01, 5.0, 41.0, 25.96, 11.4, 48.1, 11.05, 37.64, 39.12, 5.0, 18.97, 21.95, 2.0, 13.04, 21.1, 13.89, 27.51, 38.29, 21.54, 38.43, 8.75, 28.64, 32.81, 28.64, 10.97, 20.5, 33.47, 55.8], [19.1, 42.45, 37.54, 49.77, 29.53, 35.51, 38.47, 3.61, 53.34, 41.44, 26.91, 44.94, 0.0, 25.18, 45.88, 12.04, 17.03, 42.2, 11.05, 27.51, 14.21, 30.81, 28.64, 8.25, 5.83, 22.0, 35.17, 27.46, 34.67, 13.42, 38.59, 13.6, 21.84, 10.3, 46.65, 41.05, 27.17, 38.47, 12.17, 32.31, 42.54, 45.88, 37.16, 25.61, 35.17, 16.4, 28.02, 30.81, 37.85, 25.08, 29.41, 23.35, 27.0, 33.62, 31.62, 20.62, 2.83, 7.07, 13.42, 30.81, 41.59, 40.05, 9.06, 50.77, 46.01, 44.55, 30.81, 28.16, 14.21, 26.02, 53.0, 37.34, 48.38, 33.96, 26.68, 40.05, 24.04, 14.0, 17.09, 21.1, 52.8, 27.07, 33.73, 15.81, 42.49, 16.03, 36.14, 39.32, 18.38, 34.44, 27.66, 10.3, 40.31, 36.06, 35.47, 44.27, 38.6, 40.31, 37.8, 34.48, 21.4, 23.41, 10.51, 40.13, 22.46, 22.59, 22.46, 35.42, 30.07, 12.42, 17.26], [7.81, 56.85, 31.0, 49.37, 48.6, 33.54, 51.4, 23.77, 49.04, 47.93, 21.59, 45.89, 25.18, 0.0, 48.51, 13.15, 32.8, 46.49, 36.06, 33.12, 37.95, 37.59, 15.03, 25.5, 23.41, 35.36, 40.31, 36.06, 32.56, 24.21, 24.35, 33.12, 39.2, 34.93, 43.01, 51.62, 6.32, 51.4, 37.01, 35.47, 59.4, 60.44, 38.33, 47.01, 50.25, 40.16, 27.51, 11.18, 43.46, 38.9, 28.16, 46.1, 39.05, 32.98, 13.93, 22.47, 27.02, 18.44, 38.08, 37.59, 40.45, 50.77, 26.83, 46.04, 55.47, 56.86, 11.18, 3.0, 18.44, 37.64, 48.09, 44.72, 63.25, 48.84, 34.67, 50.77, 31.62, 11.4, 26.87, 6.4, 45.54, 5.39, 40.25, 12.81, 41.44, 9.85, 50.99, 46.52, 43.17, 35.44, 9.22, 32.31, 41.0, 47.43, 26.08, 46.32, 34.06, 52.43, 33.06, 50.21, 42.94, 30.23, 32.04, 37.77, 38.67, 13.29, 38.67, 41.17, 25.4, 21.1, 42.0], [42.43, 24.19, 20.0, 6.32, 32.45, 15.23, 19.92, 42.45, 14.14, 7.62, 26.93, 3.61, 45.88, 48.51, 0.0, 45.01, 30.41, 4.24, 51.0, 18.44, 42.44, 15.23, 34.54, 37.64, 40.26, 25.55, 10.77, 18.79, 16.16, 32.76, 31.24, 35.36, 29.83, 44.78, 11.7, 15.3, 43.32, 19.92, 52.35, 14.04, 30.41, 26.0, 10.2, 37.64, 24.17, 42.8, 21.21, 40.72, 8.6, 24.21, 20.4, 41.04, 21.4, 15.52, 38.01, 28.0, 48.38, 43.42, 45.49, 15.23, 9.22, 15.52, 37.0, 14.04, 14.14, 20.0, 40.72, 49.34, 35.06, 21.63, 15.03, 10.63, 28.07, 23.71, 19.31, 15.52, 21.84, 44.01, 28.86, 42.76, 19.1, 44.27, 12.53, 39.05, 8.49, 43.1, 23.77, 9.43, 47.63, 13.15, 40.5, 39.36, 7.62, 17.0, 25.24, 2.24, 16.4, 18.44, 17.2, 25.5, 37.48, 22.56, 38.68, 12.1, 28.11, 35.31, 28.11, 10.74, 23.24, 34.86, 55.76], [7.62, 47.89, 31.78, 47.52, 37.48, 31.78, 42.95, 10.77, 49.34, 42.43, 20.62, 43.19, 12.04, 13.15, 45.01, 0.0, 22.2, 42.05, 23.0, 27.17, 25.08, 31.4, 19.1, 13.45, 10.82, 25.94, 35.13, 28.86, 30.81, 14.32, 29.7, 21.26, 28.43, 21.84, 42.72, 44.27, 15.52, 42.95, 24.02, 31.0, 49.41, 51.48, 35.13, 35.0, 40.82, 27.31, 24.33, 19.7, 38.21, 29.53, 25.5, 33.62, 30.46, 30.41, 21.1, 17.03, 14.04, 5.39, 25.0, 31.4, 38.64, 43.32, 14.87, 46.49, 48.76, 48.85, 19.7, 16.12, 10.05, 29.15, 48.7, 38.64, 54.2, 39.45, 27.66, 43.32, 24.52, 2.24, 18.03, 9.49, 47.42, 15.3, 34.37, 6.71, 39.62, 4.47, 41.68, 40.61, 30.08, 32.14, 16.55, 19.72, 38.21, 39.56, 28.3, 43.05, 33.84, 44.38, 32.89, 40.5, 30.81, 23.35, 19.56, 36.5, 28.31, 13.51, 28.31, 35.72, 24.52, 11.24, 29.07], [25.0, 26.0, 28.23, 35.23, 15.81, 23.85, 21.59, 14.32, 40.31, 25.0, 21.02, 30.23, 17.03, 32.8, 30.41, 22.2, 0.0, 26.4, 20.59, 13.45, 12.81, 15.26, 27.46, 9.49, 12.65, 5.1, 19.72, 11.66, 23.32, 8.6, 34.13, 5.0, 6.4, 14.42, 33.97, 24.02, 31.3, 21.59, 21.95, 18.38, 27.2, 29.55, 23.35, 15.3, 18.79, 13.89, 18.03, 32.57, 21.93, 8.06, 19.31, 16.03, 10.05, 21.63, 31.78, 14.04, 19.03, 17.89, 15.56, 15.26, 28.28, 23.02, 8.25, 38.21, 29.0, 27.66, 32.57, 35.23, 14.42, 9.22, 40.31, 20.88, 32.2, 17.46, 11.4, 23.02, 10.0, 22.67, 7.07, 26.63, 41.4, 31.76, 17.89, 20.0, 29.0, 23.35, 19.7, 22.8, 18.87, 21.26, 30.08, 8.94, 26.25, 19.03, 28.64, 29.15, 27.78, 23.35, 27.29, 18.36, 12.0, 10.3, 8.28, 27.72, 6.1, 22.77, 6.1, 19.68, 22.07, 11.72, 25.61], [40.02, 21.0, 19.85, 10.3, 28.3, 14.21, 16.28, 38.83, 17.72, 4.0, 25.08, 6.08, 42.2, 46.49, 4.24, 42.05, 26.4, 0.0, 46.96, 15.03, 38.28, 11.4, 33.12, 33.96, 36.67, 21.47, 7.07, 14.87, 15.0, 29.27, 31.14, 31.3, 25.61, 40.71, 14.04, 12.0, 41.63, 16.28, 48.3, 11.18, 27.07, 23.19, 8.6, 33.42, 20.25, 38.6, 18.97, 39.45, 4.47, 20.0, 18.38, 36.8, 17.2, 13.89, 36.89, 25.18, 44.64, 40.11, 41.34, 11.4, 9.85, 12.04, 33.24, 17.12, 12.08, 17.26, 39.45, 47.54, 32.02, 17.49, 18.44, 6.4, 25.5, 19.7, 15.52, 12.04, 18.25, 41.19, 25.32, 40.52, 22.02, 42.54, 8.54, 36.35, 9.49, 40.45, 19.92, 5.39, 43.42, 11.18, 38.91, 35.34, 7.21, 13.0, 24.76, 4.12, 16.4, 15.03, 17.03, 21.54, 33.24, 19.1, 34.68, 12.35, 23.9, 33.2, 23.9, 6.8, 21.71, 31.56, 51.62], [30.15, 42.0, 46.23, 55.76, 27.17, 43.14, 39.32, 13.6, 60.44, 45.31, 36.36, 50.77, 11.05, 36.06, 51.0, 23.0, 20.59, 46.96, 0.0, 33.6, 10.0, 35.85, 39.22, 15.81, 15.23, 25.5, 40.31, 32.25, 42.43, 21.4, 48.75, 15.65, 22.56, 6.32, 53.91, 42.95, 38.21, 39.32, 1.41, 38.6, 40.45, 45.04, 43.6, 21.59, 35.06, 11.18, 36.12, 41.77, 42.49, 27.51, 37.54, 18.03, 30.08, 41.04, 42.45, 29.41, 9.06, 18.11, 7.07, 35.85, 48.41, 41.98, 15.62, 58.14, 48.05, 45.18, 41.77, 39.05, 24.17, 29.55, 60.31, 41.23, 47.17, 34.13, 31.91, 41.98, 30.0, 25.02, 24.04, 32.14, 60.81, 38.12, 38.47, 26.68, 49.2, 27.07, 36.06, 43.08, 10.0, 41.23, 38.64, 11.66, 46.62, 38.08, 44.94, 49.74, 46.69, 41.44, 46.01, 34.01, 18.11, 29.83, 12.35, 47.46, 23.9, 33.2, 23.9, 40.26, 39.0, 21.71, 6.32], [26.0, 25.0, 16.12, 22.36, 23.0, 10.77, 19.21, 24.04, 26.91, 15.3, 13.6, 17.46, 27.51, 33.12, 18.44, 27.17, 13.45, 15.03, 33.6, 0.0, 26.25, 4.47, 22.02, 19.31, 21.84, 9.85, 8.0, 4.12, 10.44, 14.32, 24.74, 18.38, 15.81, 27.66, 20.52, 18.6, 29.21, 19.21, 35.0, 5.0, 29.07, 28.43, 10.0, 25.71, 19.7, 27.2, 7.62, 28.32, 11.05, 11.05, 8.25, 27.86, 9.06, 8.54, 26.4, 10.77, 30.08, 25.08, 29.0, 4.47, 14.87, 17.8, 18.79, 24.76, 22.36, 24.08, 28.32, 34.67, 17.12, 8.0, 26.87, 11.7, 31.24, 18.38, 3.0, 17.8, 3.61, 26.48, 10.44, 26.83, 28.02, 30.0, 7.28, 21.84, 15.62, 25.96, 20.12, 13.6, 32.2, 7.81, 26.91, 22.02, 13.04, 14.87, 18.25, 16.76, 14.87, 19.8, 14.56, 20.25, 23.77, 4.12, 21.32, 14.3, 14.08, 20.11, 14.08, 8.56, 12.18, 16.53, 38.95], [30.81, 32.0, 40.71, 47.63, 17.26, 36.62, 29.43, 14.32, 53.04, 36.24, 32.28, 42.64, 14.21, 37.95, 42.44, 25.08, 12.81, 38.28, 10.0, 26.25, 0.0, 27.66, 37.12, 13.04, 14.56, 17.03, 32.02, 24.08, 36.06, 17.26, 45.35, 8.06, 13.0, 4.47, 46.75, 33.24, 38.47, 29.43, 11.05, 31.14, 30.59, 35.06, 36.07, 12.08, 25.08, 2.24, 30.41, 41.05, 33.84, 18.36, 31.76, 9.22, 21.1, 34.41, 41.01, 25.0, 14.21, 19.7, 3.16, 27.66, 41.04, 32.28, 12.0, 50.99, 38.33, 35.23, 41.05, 40.8, 22.0, 20.81, 53.08, 32.25, 37.22, 24.19, 24.04, 32.28, 22.8, 26.57, 18.38, 32.76, 54.2, 38.64, 30.0, 26.31, 41.73, 28.16, 26.08, 34.0, 6.32, 34.06, 38.12, 6.0, 38.9, 28.46, 40.5, 41.4, 40.5, 31.58, 39.96, 24.02, 8.25, 23.02, 6.52, 40.53, 14.53, 31.5, 14.53, 31.8, 34.08, 19.01, 13.42], [30.46, 21.1, 18.11, 20.0, 21.38, 12.0, 15.26, 27.46, 25.61, 11.05, 17.69, 15.0, 30.81, 37.59, 15.23, 31.4, 15.26, 11.4, 35.85, 4.47, 27.66, 0.0, 26.17, 22.56, 25.32, 10.63, 4.47, 3.61, 12.04, 18.03, 27.86, 20.25, 15.81, 29.68, 19.72, 14.21, 33.6, 15.26, 37.22, 5.0, 25.63, 24.41, 8.94, 25.08, 16.49, 28.28, 11.4, 32.53, 7.07, 10.3, 11.66, 27.78, 7.62, 10.05, 30.48, 15.23, 33.24, 29.0, 30.61, 0.0, 13.89, 13.45, 21.84, 23.85, 17.89, 19.8, 32.53, 39.12, 21.38, 7.21, 25.81, 7.28, 27.2, 15.3, 4.12, 13.45, 7.0, 30.81, 14.04, 31.3, 27.73, 34.41, 3.0, 26.25, 14.42, 30.36, 16.76, 9.22, 33.24, 8.06, 31.24, 24.19, 11.4, 10.82, 21.19, 13.89, 16.03, 15.62, 16.0, 17.26, 23.85, 8.06, 23.51, 14.23, 14.01, 24.55, 14.01, 4.61, 15.69, 20.52, 40.8], [12.21, 47.01, 16.03, 34.71, 42.38, 19.31, 41.23, 25.63, 34.01, 35.23, 8.49, 31.62, 28.64, 15.03, 34.54, 19.1, 27.46, 33.12, 39.22, 22.02, 37.12, 26.17, 0.0, 24.33, 24.04, 27.86, 27.8, 25.81, 18.38, 20.0, 10.63, 30.02, 33.24, 35.69, 28.07, 40.31, 9.06, 41.23, 40.5, 22.8, 50.77, 50.45, 24.6, 42.76, 41.34, 39.05, 14.87, 6.4, 30.81, 30.87, 15.0, 43.19, 30.02, 19.24, 4.47, 13.6, 31.3, 21.95, 38.47, 26.17, 25.96, 39.6, 25.18, 31.02, 43.42, 45.97, 6.4, 15.13, 15.3, 28.65, 33.06, 32.65, 53.26, 39.96, 24.41, 39.6, 21.95, 16.97, 20.4, 11.18, 30.59, 10.05, 28.32, 13.04, 26.93, 14.87, 41.88, 34.21, 43.29, 21.95, 6.08, 31.14, 26.93, 36.88, 11.05, 32.31, 19.24, 41.77, 18.25, 41.68, 39.32, 20.59, 30.6, 23.16, 32.1, 6.04, 32.1, 28.81, 11.41, 18.17, 45.54], [18.03, 35.47, 30.48, 41.63, 24.08, 27.8, 31.05, 5.0, 45.49, 33.24, 20.59, 36.77, 8.25, 25.5, 37.64, 13.45, 9.49, 33.96, 15.81, 19.31, 13.04, 22.56, 24.33, 0.0, 3.16, 14.14, 26.93, 19.24, 27.02, 5.66, 33.24, 7.81, 15.26, 11.4, 38.83, 33.24, 25.5, 31.05, 17.2, 24.17, 36.36, 39.0, 29.07, 21.63, 28.23, 15.13, 20.52, 28.02, 29.61, 17.46, 21.93, 20.62, 19.1, 25.81, 28.07, 13.6, 10.77, 8.6, 14.14, 22.56, 33.62, 32.25, 1.41, 43.01, 38.12, 37.11, 28.02, 28.23, 9.06, 18.03, 45.22, 29.15, 41.63, 26.93, 18.44, 32.25, 15.81, 14.42, 8.94, 19.92, 45.34, 25.71, 25.5, 13.34, 34.48, 15.65, 29.15, 31.14, 19.03, 26.42, 25.08, 7.07, 32.2, 28.28, 29.15, 36.06, 31.14, 32.76, 30.41, 27.73, 17.49, 15.23, 6.67, 32.32, 15.44, 18.56, 15.44, 27.17, 23.2, 6.18, 21.95], [16.28, 38.63, 31.83, 44.01, 27.02, 29.68, 34.21, 2.24, 47.51, 36.12, 21.4, 39.22, 5.83, 23.41, 40.26, 10.82, 12.65, 36.67, 15.23, 21.84, 14.56, 25.32, 24.04, 3.16, 0.0, 17.26, 29.61, 22.09, 28.84, 7.62, 33.54, 10.63, 18.36, 12.0, 40.82, 36.35, 24.08, 34.21, 16.55, 26.57, 39.45, 42.15, 31.38, 24.21, 31.38, 16.76, 22.2, 27.07, 32.39, 20.62, 23.6, 22.83, 22.2, 27.78, 27.46, 14.87, 8.6, 5.66, 15.03, 25.32, 35.78, 35.36, 4.47, 44.94, 41.19, 40.26, 27.07, 26.25, 8.94, 21.1, 47.17, 32.06, 44.78, 30.08, 21.21, 35.36, 18.44, 12.08, 11.4, 18.25, 47.01, 24.19, 28.28, 12.0, 36.67, 13.6, 32.31, 34.06, 20.1, 28.64, 24.02, 8.94, 34.54, 31.4, 30.0, 38.6, 32.8, 35.9, 32.02, 30.87, 20.0, 17.72, 8.75, 34.3, 18.58, 18.07, 18.58, 29.92, 24.4, 6.73, 21.54], [27.59, 21.95, 25.71, 30.61, 14.56, 20.62, 17.09, 19.1, 36.12, 19.92, 20.4, 25.61, 22.0, 35.36, 25.55, 25.94, 5.1, 21.47, 25.5, 9.85, 17.03, 10.63, 27.86, 14.14, 17.26, 0.0, 15.0, 7.07, 20.25, 11.66, 33.06, 9.85, 6.08, 19.24, 30.0, 19.1, 33.02, 17.09, 26.83, 14.42, 24.04, 25.55, 19.21, 16.12, 15.0, 17.69, 16.03, 33.54, 17.0, 3.61, 17.12, 18.03, 5.0, 18.38, 32.31, 14.32, 24.08, 22.14, 20.0, 10.63, 24.21, 18.11, 13.04, 34.21, 24.02, 23.09, 33.54, 37.54, 17.03, 4.12, 36.24, 15.81, 28.3, 13.6, 7.21, 18.11, 7.07, 26.08, 8.49, 29.0, 37.74, 33.6, 13.04, 22.67, 24.84, 26.4, 15.81, 17.72, 22.67, 17.49, 31.38, 13.93, 21.93, 14.14, 27.02, 24.41, 24.7, 18.68, 24.35, 14.87, 13.93, 8.0, 13.29, 24.01, 4.5, 24.01, 4.5, 14.84, 20.5, 14.84, 30.23], [33.53, 21.19, 17.09, 15.62, 24.35, 10.77, 15.52, 31.78, 21.63, 7.62, 19.42, 10.63, 35.17, 40.31, 10.77, 35.13, 19.72, 7.07, 40.31, 8.0, 32.02, 4.47, 27.8, 26.93, 29.61, 15.0, 0.0, 8.06, 11.18, 22.2, 27.78, 24.7, 19.85, 34.13, 16.16, 13.04, 35.85, 15.52, 41.68, 5.0, 26.48, 24.17, 6.0, 28.65, 18.0, 32.56, 13.04, 34.21, 3.16, 14.21, 12.81, 31.62, 11.4, 9.43, 31.89, 18.44, 37.64, 33.06, 35.0, 4.47, 10.44, 12.53, 26.25, 20.12, 15.62, 18.87, 34.21, 41.59, 25.08, 11.31, 21.95, 5.0, 26.83, 17.03, 8.54, 12.53, 11.18, 34.37, 18.25, 34.18, 24.35, 36.72, 2.24, 29.61, 10.77, 33.73, 18.03, 6.4, 37.48, 6.71, 33.29, 28.65, 7.62, 11.18, 21.1, 9.43, 14.32, 15.23, 14.56, 19.03, 27.8, 12.04, 27.97, 11.51, 18.06, 27.06, 18.06, 1.12, 16.62, 24.52, 45.22], [28.65, 21.26, 20.02, 23.6, 19.03, 14.32, 15.56, 24.19, 29.07, 14.04, 17.49, 18.6, 27.46, 36.06, 18.79, 28.86, 11.66, 14.87, 32.25, 4.12, 24.08, 3.61, 25.81, 19.24, 22.09, 7.07, 8.06, 0.0, 14.14, 15.03, 28.86, 16.64, 12.53, 26.08, 23.02, 15.65, 32.56, 15.56, 33.62, 7.62, 25.06, 24.76, 12.21, 22.14, 15.65, 24.76, 11.7, 32.02, 10.44, 7.28, 12.37, 24.6, 5.0, 12.17, 30.23, 13.6, 29.83, 26.08, 27.02, 3.61, 17.2, 14.76, 18.44, 27.2, 19.92, 20.81, 32.02, 37.8, 18.97, 4.12, 29.21, 10.0, 27.59, 14.32, 1.41, 14.76, 4.47, 28.46, 11.05, 29.68, 30.89, 33.3, 6.32, 24.17, 17.8, 28.23, 16.12, 12.0, 29.73, 10.77, 30.41, 20.59, 14.87, 11.4, 22.36, 17.49, 18.44, 16.4, 18.25, 16.16, 20.59, 5.83, 19.91, 17.22, 10.74, 23.38, 10.74, 8.08, 16.29, 17.76, 37.2], [27.0, 32.31, 6.08, 17.0, 33.14, 1.0, 26.57, 31.06, 18.79, 17.69, 11.05, 13.34, 34.67, 32.56, 16.16, 30.81, 23.32, 15.0, 42.43, 10.44, 36.06, 12.04, 18.38, 27.02, 28.84, 20.25, 11.18, 14.14, 0.0, 21.4, 16.64, 28.02, 26.25, 36.88, 12.08, 24.19, 27.2, 26.57, 43.84, 7.07, 37.36, 35.34, 6.4, 36.14, 28.44, 37.22, 6.71, 24.6, 13.6, 21.38, 5.39, 38.28, 19.1, 2.0, 21.95, 14.32, 37.44, 30.46, 38.6, 12.04, 8.0, 23.71, 26.91, 16.12, 26.25, 30.02, 24.6, 33.24, 21.54, 18.25, 18.36, 16.12, 38.01, 27.29, 13.34, 23.71, 13.42, 29.43, 18.38, 27.07, 18.38, 28.16, 12.65, 24.33, 9.0, 28.16, 28.64, 17.2, 42.19, 4.47, 24.35, 31.24, 8.54, 22.14, 10.0, 13.93, 4.47, 26.4, 4.12, 29.27, 34.18, 13.04, 30.54, 5.7, 24.52, 19.56, 24.52, 12.3, 7.16, 22.39, 48.17], [16.4, 33.62, 24.84, 36.4, 24.41, 22.2, 28.64, 9.85, 39.96, 29.0, 15.23, 31.62, 13.42, 24.21, 32.76, 14.32, 8.6, 29.27, 21.4, 14.32, 17.26, 18.03, 20.0, 5.66, 7.62, 11.66, 22.2, 15.03, 21.4, 0.0, 28.16, 10.05, 15.0, 16.55, 33.29, 30.08, 22.85, 28.64, 22.8, 18.97, 35.47, 37.22, 23.77, 23.41, 26.63, 19.1, 14.87, 24.52, 25.08, 15.26, 16.28, 23.35, 16.16, 20.25, 24.08, 8.06, 16.12, 11.05, 18.97, 18.03, 28.18, 29.12, 5.83, 37.44, 34.71, 34.54, 24.52, 26.63, 5.83, 14.87, 39.66, 25.02, 39.96, 25.24, 14.0, 29.12, 11.05, 14.42, 4.0, 18.03, 39.7, 23.26, 21.02, 11.4, 29.07, 14.87, 27.46, 27.02, 23.54, 21.02, 21.84, 11.4, 26.93, 25.3, 23.71, 31.05, 25.5, 30.08, 24.76, 26.4, 19.65, 10.2, 10.79, 26.77, 14.5, 14.71, 14.5, 22.59, 17.61, 3.2, 27.46], [22.8, 48.75, 11.31, 29.53, 47.38, 17.2, 42.95, 35.36, 26.68, 34.21, 13.15, 27.8, 38.59, 24.35, 31.24, 29.7, 34.13, 31.14, 48.75, 24.74, 45.35, 27.86, 10.63, 33.24, 33.54, 33.06, 27.78, 28.86, 16.64, 28.16, 0.0, 37.66, 39.01, 44.6, 21.93, 40.82, 18.03, 42.95, 50.09, 23.26, 53.49, 51.88, 22.8, 49.0, 44.27, 47.07, 17.26, 13.34, 30.23, 35.36, 16.49, 50.16, 33.73, 18.36, 10.44, 20.4, 41.34, 32.2, 47.13, 27.86, 22.02, 40.31, 33.84, 23.77, 42.8, 46.65, 13.34, 23.54, 24.6, 32.56, 25.5, 32.76, 54.59, 43.01, 27.66, 40.31, 26.17, 27.59, 27.29, 21.63, 22.02, 18.97, 29.07, 23.43, 22.8, 25.5, 44.6, 33.84, 51.66, 21.1, 15.23, 39.56, 24.04, 38.48, 6.71, 29.07, 14.87, 42.94, 14.14, 44.92, 46.1, 25.08, 38.94, 19.14, 37.55, 16.32, 37.55, 28.9, 12.66, 27.12, 55.04], [25.5, 28.86, 32.65, 40.22, 16.4, 28.6, 25.08, 11.66, 45.28, 29.73, 24.52, 35.23, 13.6, 33.12, 35.36, 21.26, 5.0, 31.3, 15.65, 18.38, 8.06, 20.25, 30.02, 7.81, 10.63, 9.85, 24.7, 16.64, 28.02, 10.05, 37.66, 0.0, 8.25, 9.43, 38.9, 28.07, 32.57, 25.08, 17.0, 23.35, 29.07, 32.28, 28.32, 13.89, 21.59, 9.49, 22.36, 34.53, 26.83, 12.17, 23.71, 13.34, 14.56, 26.4, 34.13, 17.26, 15.13, 16.28, 10.63, 20.25, 33.24, 27.07, 6.4, 43.14, 33.14, 31.14, 34.53, 35.78, 15.52, 13.93, 45.25, 25.63, 34.79, 20.4, 16.4, 27.07, 14.87, 22.2, 10.44, 27.31, 46.23, 32.89, 22.83, 20.62, 33.97, 23.32, 22.56, 27.51, 14.32, 26.17, 31.78, 4.12, 31.24, 23.09, 32.57, 34.13, 32.45, 27.02, 31.91, 20.88, 9.85, 15.0, 3.54, 32.6, 9.01, 24.75, 9.01, 24.62, 26.1, 12.5, 20.62], [31.4, 20.62, 31.78, 35.36, 9.43, 26.57, 17.0, 19.7, 41.4, 23.32, 26.17, 30.41, 21.84, 39.2, 29.83, 28.43, 6.4, 25.61, 22.56, 15.81, 13.0, 15.81, 33.24, 15.26, 18.36, 6.08, 19.85, 12.53, 26.25, 15.0, 39.01, 8.25, 0.0, 16.28, 35.51, 20.4, 37.59, 17.0, 23.77, 20.12, 21.1, 24.04, 24.7, 10.05, 13.34, 13.04, 22.09, 38.63, 21.26, 5.66, 23.19, 12.08, 8.49, 24.35, 37.64, 19.65, 23.35, 23.85, 16.16, 15.81, 29.68, 19.42, 13.89, 39.66, 25.5, 23.02, 38.63, 41.62, 20.81, 8.6, 41.62, 19.42, 26.57, 12.17, 13.0, 19.42, 13.15, 29.0, 13.0, 33.02, 43.42, 38.08, 17.69, 26.4, 30.23, 29.73, 14.32, 21.1, 17.8, 23.26, 36.25, 12.04, 27.2, 15.52, 33.06, 29.0, 30.68, 19.03, 30.36, 12.65, 8.06, 14.04, 11.6, 29.74, 1.8, 28.89, 1.8, 19.45, 26.52, 18.12, 26.4], [28.16, 36.06, 41.05, 49.65, 21.59, 37.54, 33.14, 11.18, 54.56, 39.0, 31.78, 44.65, 10.3, 34.93, 44.78, 21.84, 14.42, 40.71, 6.32, 27.66, 4.47, 29.68, 35.69, 11.4, 12.0, 19.24, 34.13, 26.08, 36.88, 16.55, 44.6, 9.43, 16.28, 0.0, 48.1, 36.67, 36.06, 33.14, 7.62, 32.65, 34.93, 39.2, 37.64, 16.55, 29.0, 6.4, 30.81, 39.05, 36.24, 21.19, 32.2, 13.6, 23.77, 35.38, 39.32, 24.6, 9.9, 16.49, 3.16, 29.68, 42.52, 35.69, 10.77, 52.35, 41.77, 39.05, 39.05, 37.85, 20.4, 23.26, 54.49, 34.93, 41.44, 28.02, 25.81, 35.69, 24.08, 23.54, 18.6, 30.15, 55.23, 36.12, 32.25, 24.0, 43.28, 25.32, 30.0, 36.77, 8.25, 35.38, 36.01, 5.66, 40.61, 31.78, 40.25, 43.57, 41.23, 35.23, 40.61, 28.02, 12.65, 24.04, 6.36, 41.72, 17.59, 29.84, 17.59, 34.05, 34.05, 17.59, 11.31], [38.33, 35.01, 12.04, 7.81, 40.5, 11.18, 30.07, 43.05, 6.71, 18.03, 22.36, 8.25, 46.65, 43.01, 11.7, 42.72, 33.97, 14.04, 53.91, 20.52, 46.75, 19.72, 28.07, 38.83, 40.82, 30.0, 16.16, 23.02, 12.08, 33.29, 21.93, 38.9, 35.51, 48.1, 0.0, 26.02, 37.12, 30.07, 55.32, 15.62, 41.01, 37.22, 10.82, 44.72, 33.54, 47.63, 18.79, 33.54, 16.28, 30.02, 17.46, 47.51, 27.29, 13.04, 30.59, 26.4, 49.4, 42.54, 49.52, 19.72, 5.83, 26.0, 38.6, 4.24, 25.71, 31.26, 33.54, 43.19, 33.62, 26.93, 6.4, 19.24, 39.46, 32.76, 22.8, 26.0, 24.04, 41.23, 30.0, 38.12, 8.25, 38.12, 18.38, 36.14, 5.39, 39.81, 33.38, 19.03, 52.63, 12.73, 34.13, 42.45, 8.54, 26.31, 17.26, 10.2, 9.06, 29.0, 10.05, 34.71, 43.57, 24.08, 41.74, 6.52, 33.71, 30.7, 33.71, 16.92, 18.34, 34.44, 59.41], [44.29, 9.0, 29.97, 21.59, 19.21, 23.71, 5.0, 38.21, 29.43, 8.0, 31.83, 18.03, 41.05, 51.62, 15.3, 44.27, 24.02, 12.0, 42.95, 18.6, 33.24, 14.21, 40.31, 33.24, 36.35, 19.1, 13.04, 15.65, 24.19, 30.08, 40.82, 28.07, 20.4, 36.67, 26.02, 0.0, 47.8, 5.0, 44.15, 17.8, 15.13, 11.4, 18.38, 25.24, 9.9, 32.89, 25.46, 46.69, 10.77, 16.0, 25.5, 29.15, 14.14, 22.47, 44.55, 29.15, 43.0, 41.0, 36.4, 14.21, 21.38, 1.0, 32.14, 29.07, 5.1, 5.83, 46.69, 53.25, 34.54, 15.3, 30.27, 8.06, 13.93, 10.0, 17.0, 1.0, 20.12, 44.01, 26.25, 45.28, 34.01, 48.6, 12.04, 39.81, 21.21, 43.86, 9.22, 7.28, 37.16, 19.72, 45.45, 32.14, 18.44, 5.0, 34.13, 16.03, 26.93, 3.16, 27.31, 11.31, 26.4, 21.47, 31.6, 23.42, 19.16, 38.71, 19.16, 11.93, 29.45, 33.05, 46.49], [8.06, 53.74, 25.08, 43.74, 47.01, 28.16, 48.1, 25.0, 43.0, 43.42, 16.55, 40.52, 27.17, 6.32, 43.32, 15.52, 31.3, 41.63, 38.21, 29.21, 38.47, 33.6, 9.06, 25.5, 24.08, 33.02, 35.85, 32.56, 27.2, 22.85, 18.03, 32.57, 37.59, 36.06, 37.12, 47.8, 0.0, 48.1, 39.32, 30.89, 56.85, 57.28, 33.24, 46.24, 47.51, 40.61, 22.83, 5.0, 38.95, 36.4, 23.26, 45.88, 36.12, 27.86, 7.62, 19.1, 29.43, 20.1, 39.12, 33.6, 34.93, 47.01, 26.68, 40.0, 51.31, 53.26, 5.0, 6.08, 17.09, 34.71, 42.01, 40.5, 60.11, 46.1, 31.14, 47.01, 28.28, 13.34, 24.7, 6.08, 39.32, 1.0, 36.06, 12.17, 35.9, 11.18, 48.17, 42.19, 44.18, 30.46, 3.0, 32.56, 35.74, 43.93, 20.0, 41.11, 28.28, 48.92, 27.29, 47.63, 42.38, 26.87, 32.16, 32.16, 36.79, 9.19, 36.79, 36.79, 20.08, 20.08, 44.41], [43.83, 5.83, 32.57, 26.25, 14.42, 26.25, 0.0, 35.9, 33.96, 12.37, 32.8, 22.36, 38.47, 51.4, 19.92, 42.95, 21.59, 16.28, 39.32, 19.21, 29.43, 15.26, 41.23, 31.05, 34.21, 17.09, 15.52, 15.56, 26.57, 28.64, 42.95, 25.08, 17.0, 33.14, 30.07, 5.0, 48.1, 0.0, 40.45, 19.7, 11.05, 9.22, 21.38, 20.59, 5.0, 28.86, 26.63, 47.51, 14.04, 13.6, 26.93, 24.6, 12.53, 24.7, 45.61, 29.07, 40.2, 39.22, 32.56, 15.26, 25.02, 4.47, 29.83, 33.38, 9.43, 6.08, 47.51, 53.26, 33.62, 13.89, 34.71, 11.05, 12.04, 5.39, 16.97, 4.47, 19.85, 42.94, 25.06, 45.0, 38.21, 48.84, 13.93, 39.12, 25.0, 43.05, 4.24, 11.05, 32.89, 22.14, 45.97, 29.02, 22.02, 4.47, 36.25, 20.4, 29.83, 2.24, 30.08, 6.4, 22.14, 21.26, 28.54, 26.73, 16.07, 38.92, 16.07, 14.43, 30.96, 31.75, 42.45], [31.26, 43.01, 47.63, 57.14, 28.07, 44.55, 40.45, 14.87, 61.85, 46.62, 37.74, 52.15, 12.17, 37.01, 52.35, 24.02, 21.95, 48.3, 1.41, 35.0, 11.05, 37.22, 40.5, 17.2, 16.55, 26.83, 41.68, 33.62, 43.84, 22.8, 50.09, 17.0, 23.77, 7.62, 55.32, 44.15, 39.32, 40.45, 0.0, 40.0, 41.3, 46.01, 45.0, 22.36, 36.12, 12.04, 37.54, 42.95, 43.83, 28.79, 38.95, 18.68, 31.38, 42.45, 43.68, 30.81, 10.0, 19.24, 8.0, 37.22, 49.82, 43.17, 17.03, 59.55, 49.24, 46.27, 42.95, 40.01, 25.5, 30.87, 61.72, 42.54, 48.09, 35.23, 33.29, 43.17, 31.4, 26.08, 25.46, 33.24, 62.23, 39.2, 39.82, 27.89, 50.61, 28.16, 37.12, 44.38, 10.3, 42.64, 39.81, 13.04, 48.01, 39.29, 46.32, 51.11, 48.1, 42.58, 47.42, 35.06, 19.03, 31.24, 13.73, 48.87, 25.14, 34.47, 25.14, 41.62, 40.4, 23.07, 5.1], [28.86, 25.5, 13.15, 17.46, 26.31, 7.0, 19.7, 28.79, 21.93, 12.53, 14.42, 12.65, 32.31, 35.47, 14.04, 31.0, 18.38, 11.18, 38.6, 5.0, 31.14, 5.0, 22.8, 24.17, 26.57, 14.42, 5.0, 7.62, 7.07, 18.97, 23.26, 23.35, 20.12, 32.65, 15.62, 17.8, 30.89, 19.7, 40.0, 0.0, 30.36, 28.65, 5.0, 29.73, 21.38, 32.02, 8.06, 29.21, 8.06, 14.87, 7.81, 32.2, 12.37, 5.1, 26.91, 14.04, 34.93, 29.43, 33.94, 5.0, 9.9, 17.2, 23.71, 19.85, 20.62, 23.6, 29.21, 36.67, 21.02, 11.7, 21.93, 9.9, 31.38, 20.22, 7.21, 17.2, 8.6, 30.07, 15.23, 29.41, 23.32, 31.76, 5.83, 25.18, 10.63, 29.27, 21.59, 11.4, 37.01, 3.16, 28.3, 27.02, 8.06, 15.23, 16.55, 12.17, 11.05, 19.72, 11.0, 22.2, 28.18, 8.94, 26.32, 9.62, 18.34, 22.19, 18.34, 6.02, 11.67, 20.89, 43.93], [51.62, 6.32, 43.42, 36.67, 13.34, 37.11, 11.05, 40.71, 44.55, 23.09, 42.54, 33.14, 42.54, 59.4, 30.41, 49.41, 27.2, 27.07, 40.45, 29.07, 30.59, 25.63, 50.77, 36.36, 39.45, 24.04, 26.48, 25.06, 37.36, 35.47, 53.49, 29.07, 21.1, 34.93, 41.01, 15.13, 56.85, 11.05, 41.3, 30.36, 0.0, 6.4, 32.39, 19.03, 9.43, 29.27, 36.67, 56.86, 25.08, 20.52, 37.16, 23.0, 20.81, 35.44, 55.23, 37.8, 43.66, 44.94, 33.38, 25.63, 36.06, 15.03, 34.99, 44.18, 17.46, 11.18, 56.86, 61.55, 41.04, 22.2, 45.4, 22.09, 7.28, 10.82, 26.42, 15.03, 28.84, 49.82, 32.53, 53.04, 49.09, 57.49, 24.74, 46.69, 36.01, 50.33, 8.94, 22.0, 32.0, 32.98, 55.0, 32.31, 33.06, 15.3, 46.82, 31.14, 40.79, 12.04, 41.0, 9.22, 22.36, 30.23, 32.04, 37.77, 21.1, 47.71, 21.1, 25.4, 41.17, 38.67, 42.0], [52.8, 3.61, 41.23, 32.06, 18.03, 34.93, 9.22, 43.66, 40.05, 19.24, 42.01, 29.07, 45.88, 60.44, 26.0, 51.48, 29.55, 23.19, 45.04, 28.43, 35.06, 24.41, 50.45, 39.0, 42.15, 25.55, 24.17, 24.76, 35.34, 37.22, 51.88, 32.28, 24.04, 39.2, 37.22, 11.4, 57.28, 9.22, 46.01, 28.65, 6.4, 0.0, 29.73, 24.19, 10.77, 34.0, 35.81, 56.73, 22.14, 21.95, 36.06, 28.28, 21.4, 33.54, 54.82, 38.21, 47.3, 47.42, 38.01, 24.41, 32.76, 11.7, 37.7, 40.01, 12.17, 6.0, 56.73, 62.37, 42.44, 22.8, 41.01, 19.31, 2.83, 12.08, 26.17, 11.7, 29.0, 51.62, 33.84, 54.04, 45.04, 58.0, 22.83, 48.01, 32.56, 51.87, 9.85, 18.68, 37.22, 30.87, 55.17, 35.9, 29.83, 13.6, 45.18, 27.07, 38.28, 8.94, 38.63, 11.4, 27.0, 30.41, 35.53, 34.82, 23.58, 48.09, 23.58, 23.05, 40.08, 40.39, 47.17], [32.25, 26.93, 11.66, 12.65, 30.08, 5.66, 21.38, 33.62, 16.97, 11.4, 16.76, 8.06, 37.16, 38.33, 10.2, 35.13, 23.35, 8.6, 43.6, 10.0, 36.07, 8.94, 24.6, 29.07, 31.38, 19.21, 6.0, 12.21, 6.4, 23.77, 22.8, 28.32, 24.7, 37.64, 10.82, 18.38, 33.24, 21.38, 45.0, 5.0, 32.39, 29.73, 0.0, 34.01, 24.0, 36.88, 11.05, 30.89, 7.62, 19.24, 10.2, 36.72, 16.55, 5.39, 28.3, 18.11, 39.81, 33.96, 38.9, 8.94, 5.0, 18.03, 28.65, 15.0, 20.0, 24.17, 30.89, 39.22, 25.32, 16.12, 17.03, 10.44, 32.31, 23.02, 12.04, 18.03, 13.6, 34.01, 20.12, 32.56, 18.79, 34.18, 8.06, 29.0, 5.66, 33.02, 24.02, 11.18, 41.87, 3.0, 30.46, 32.02, 3.16, 17.12, 16.28, 8.06, 8.54, 20.88, 8.94, 25.02, 32.76, 13.89, 31.31, 5.52, 22.9, 25.11, 22.9, 7.02, 13.2, 25.48, 48.92], [39.36, 21.59, 41.77, 43.6, 6.32, 36.4, 20.59, 24.76, 50.25, 30.41, 36.06, 38.83, 25.61, 47.01, 37.64, 35.0, 15.3, 33.42, 21.59, 25.71, 12.08, 25.08, 42.76, 21.63, 24.21, 16.12, 28.65, 22.14, 36.14, 23.41, 49.0, 13.89, 10.05, 16.55, 44.72, 25.24, 46.24, 20.59, 22.36, 29.73, 19.03, 24.19, 34.01, 0.0, 15.65, 10.44, 32.14, 47.8, 29.41, 14.87, 33.24, 4.12, 17.46, 34.21, 47.07, 29.27, 26.08, 29.83, 14.56, 25.08, 38.91, 24.41, 20.25, 48.76, 30.02, 25.63, 47.8, 49.65, 29.15, 18.03, 50.61, 27.02, 26.02, 15.26, 22.8, 24.41, 23.19, 36.06, 22.36, 41.15, 52.8, 46.62, 26.42, 34.44, 39.36, 37.22, 16.55, 28.32, 13.04, 32.89, 45.22, 15.56, 36.24, 21.26, 43.1, 37.2, 40.52, 22.83, 40.26, 14.32, 4.24, 24.08, 15.57, 39.27, 11.67, 37.98, 11.67, 28.04, 36.55, 26.2, 23.02], [42.52, 7.28, 34.53, 30.46, 9.43, 28.28, 5.0, 32.89, 37.95, 16.55, 33.12, 26.25, 35.17, 50.25, 24.17, 40.82, 18.79, 20.25, 35.06, 19.7, 25.08, 16.49, 41.34, 28.23, 31.38, 15.0, 18.0, 15.65, 28.44, 26.63, 44.27, 21.59, 13.34, 29.0, 33.54, 9.9, 47.51, 5.0, 36.12, 21.38, 9.43, 10.77, 24.0, 15.65, 0.0, 24.33, 27.31, 47.43, 17.26, 11.4, 27.86, 19.7, 11.4, 26.48, 45.79, 28.43, 36.67, 36.67, 28.16, 16.49, 28.16, 9.22, 26.93, 37.11, 14.42, 10.2, 47.43, 52.33, 32.02, 12.81, 38.6, 14.32, 13.42, 1.41, 17.0, 9.22, 19.42, 41.05, 23.43, 43.86, 41.77, 48.17, 16.03, 37.64, 28.28, 41.4, 1.0, 14.87, 28.16, 24.19, 45.61, 25.32, 25.18, 7.28, 37.64, 24.35, 32.14, 7.21, 32.25, 1.41, 17.46, 20.81, 24.91, 29.5, 12.82, 38.35, 12.82, 17.01, 31.85, 29.82, 37.85], [32.98, 31.06, 42.05, 48.17, 16.03, 37.74, 28.86, 16.55, 53.81, 36.36, 33.96, 43.19, 16.4, 40.16, 42.8, 27.31, 13.89, 38.6, 11.18, 27.2, 2.24, 28.28, 39.05, 15.13, 16.76, 17.69, 32.56, 24.76, 37.22, 19.1, 47.07, 9.49, 13.04, 6.4, 47.63, 32.89, 40.61, 28.86, 12.04, 32.02, 29.27, 34.0, 36.88, 10.44, 24.33, 0.0, 31.78, 43.1, 34.21, 18.6, 33.11, 7.21, 21.4, 35.51, 43.0, 26.68, 16.28, 21.93, 4.12, 28.28, 41.87, 31.95, 14.04, 51.86, 37.95, 34.53, 43.1, 43.01, 24.02, 21.26, 53.91, 32.45, 36.06, 23.54, 24.84, 31.95, 23.85, 28.79, 19.92, 34.93, 55.22, 40.79, 30.48, 28.44, 42.52, 30.36, 25.32, 34.13, 5.0, 35.0, 40.2, 8.06, 39.62, 28.23, 42.06, 41.87, 41.68, 31.05, 41.18, 23.19, 7.0, 24.19, 8.51, 41.5, 14.71, 33.5, 14.71, 32.27, 35.58, 21.01, 13.6], [21.21, 32.45, 10.3, 23.19, 30.15, 7.62, 26.63, 24.41, 25.5, 20.59, 6.4, 19.0, 28.02, 27.51, 21.21, 24.33, 18.03, 18.97, 36.12, 7.62, 30.41, 11.4, 14.87, 20.52, 22.2, 16.03, 13.04, 11.7, 6.71, 14.87, 17.26, 22.36, 22.09, 30.81, 18.79, 25.46, 22.83, 26.63, 37.54, 8.06, 36.67, 35.81, 11.05, 32.14, 27.31, 31.78, 0.0, 21.26, 16.12, 18.11, 1.41, 33.73, 16.49, 6.08, 19.1, 7.62, 30.81, 23.77, 32.76, 11.4, 14.32, 24.76, 20.52, 22.83, 28.6, 31.14, 21.26, 28.64, 14.87, 15.3, 25.06, 17.8, 38.6, 26.0, 10.44, 24.76, 9.0, 23.09, 12.21, 21.59, 24.84, 23.71, 13.45, 18.03, 15.3, 22.0, 27.73, 19.42, 36.67, 8.06, 20.25, 25.24, 14.0, 22.2, 11.0, 19.1, 10.63, 27.02, 9.9, 27.86, 29.61, 8.06, 24.55, 12.35, 20.52, 14.23, 20.52, 14.01, 4.61, 15.69, 42.01], [12.08, 53.26, 21.59, 40.52, 47.93, 25.5, 47.51, 28.28, 39.12, 41.62, 14.87, 37.7, 30.81, 11.18, 40.72, 19.7, 32.57, 39.45, 41.77, 28.32, 41.05, 32.53, 6.4, 28.02, 27.07, 33.54, 34.21, 32.02, 24.6, 24.52, 13.34, 34.53, 38.63, 39.05, 33.54, 46.69, 5.0, 47.51, 42.95, 29.21, 56.86, 56.73, 30.89, 47.8, 47.43, 43.1, 21.26, 0.0, 37.2, 36.72, 21.4, 47.85, 36.06, 25.55, 3.0, 19.24, 33.24, 23.77, 42.01, 32.53, 31.95, 45.97, 29.07, 36.12, 49.82, 52.33, 0.0, 10.2, 19.1, 34.67, 38.05, 39.05, 59.55, 46.04, 30.61, 45.97, 28.02, 17.46, 25.63, 10.3, 35.06, 5.83, 34.71, 15.13, 32.89, 15.23, 48.01, 40.61, 47.0, 28.3, 3.16, 35.06, 33.11, 43.19, 16.28, 38.48, 25.0, 48.1, 24.04, 47.71, 44.15, 26.63, 34.59, 29.09, 37.62, 9.82, 37.62, 35.22, 17.76, 22.14, 48.05], [36.69, 19.42, 19.24, 14.21, 24.6, 13.04, 14.04, 34.53, 21.02, 4.47, 22.47, 9.43, 37.85, 43.46, 8.6, 38.21, 21.93, 4.47, 42.49, 11.05, 33.84, 7.07, 30.81, 29.61, 32.39, 17.0, 3.16, 10.44, 13.6, 25.08, 30.23, 26.83, 21.26, 36.24, 16.28, 10.77, 38.95, 14.04, 43.83, 8.06, 25.08, 22.14, 7.62, 29.41, 17.26, 34.21, 16.12, 37.2, 0.0, 15.62, 15.81, 32.65, 12.81, 12.04, 34.83, 21.59, 40.26, 36.01, 36.89, 7.07, 11.0, 10.44, 28.86, 19.92, 12.73, 16.55, 37.2, 44.72, 28.16, 13.04, 21.54, 3.0, 24.7, 16.49, 11.18, 10.44, 14.04, 37.48, 21.1, 37.34, 24.52, 39.82, 4.12, 32.76, 11.05, 36.88, 17.12, 3.61, 39.05, 9.22, 36.36, 30.87, 8.0, 10.05, 23.6, 7.81, 16.16, 13.34, 16.55, 18.44, 29.0, 15.0, 30.21, 12.75, 19.53, 30.21, 19.53, 2.5, 19.53, 27.5, 47.17], [31.14, 18.36, 27.17, 29.7, 12.04, 21.59, 13.6, 22.36, 35.81, 17.89, 23.09, 24.76, 25.08, 38.9, 24.21, 29.53, 8.06, 20.0, 27.51, 11.05, 18.36, 10.3, 30.87, 17.46, 20.62, 3.61, 14.21, 7.28, 21.38, 15.26, 35.36, 12.17, 5.66, 21.19, 30.02, 16.0, 36.4, 13.6, 28.79, 14.87, 20.52, 21.95, 19.24, 14.87, 11.4, 18.6, 18.11, 36.72, 15.62, 0.0, 19.03, 17.49, 2.83, 19.42, 35.34, 17.49, 27.0, 25.63, 21.47, 10.3, 24.19, 15.0, 16.28, 34.13, 21.02, 19.65, 36.72, 41.04, 20.62, 3.16, 36.06, 13.89, 24.7, 10.0, 8.06, 15.0, 9.22, 29.68, 12.04, 32.53, 38.01, 37.01, 12.04, 26.25, 24.7, 30.0, 12.21, 15.65, 23.43, 18.03, 34.67, 16.28, 21.63, 11.0, 29.07, 23.35, 25.71, 15.3, 25.5, 11.31, 13.6, 10.44, 15.7, 24.42, 3.91, 27.32, 3.91, 13.79, 22.7, 18.45, 31.76], [22.09, 32.76, 8.94, 22.09, 31.06, 6.32, 26.93, 25.81, 24.17, 20.25, 6.71, 18.03, 29.41, 28.16, 20.4, 25.5, 19.31, 18.38, 37.54, 8.25, 31.76, 11.66, 15.0, 21.93, 23.6, 17.12, 12.81, 12.37, 5.39, 16.28, 16.49, 23.71, 23.19, 32.2, 17.46, 25.5, 23.26, 26.93, 38.95, 7.81, 37.16, 36.06, 10.2, 33.24, 27.86, 33.11, 1.41, 21.4, 15.81, 19.03, 0.0, 34.93, 17.26, 5.0, 19.1, 8.94, 32.2, 25.08, 34.13, 11.66, 13.15, 24.84, 21.93, 21.47, 28.43, 31.24, 21.4, 29.15, 16.16, 16.12, 23.71, 17.69, 38.83, 26.57, 11.18, 24.84, 10.05, 24.19, 13.6, 22.36, 23.43, 24.17, 13.45, 19.1, 14.14, 23.02, 28.23, 19.21, 38.01, 7.28, 20.59, 26.63, 13.04, 22.47, 10.05, 18.25, 9.22, 27.2, 8.49, 28.46, 30.81, 9.22, 25.93, 11.07, 21.59, 14.92, 21.59, 13.83, 4.03, 17.07, 43.42], [38.63, 25.71, 43.68, 46.86, 10.44, 38.63, 24.6, 23.02, 53.25, 33.97, 37.05, 42.01, 23.35, 46.1, 41.04, 33.62, 16.03, 36.8, 18.03, 27.86, 9.22, 27.78, 43.19, 20.62, 22.83, 18.03, 31.62, 24.6, 38.28, 23.35, 50.16, 13.34, 12.08, 13.6, 47.51, 29.15, 45.88, 24.6, 18.68, 32.2, 23.0, 28.28, 36.72, 4.12, 19.7, 7.21, 33.73, 47.85, 32.65, 17.49, 34.93, 0.0, 20.25, 36.4, 47.38, 30.0, 23.43, 28.3, 11.18, 27.78, 41.68, 28.3, 19.31, 51.62, 34.0, 29.73, 47.85, 48.85, 28.86, 20.59, 53.54, 30.41, 30.07, 19.24, 25.08, 28.3, 25.0, 34.89, 23.0, 40.5, 55.47, 46.17, 29.41, 33.84, 42.19, 36.25, 20.62, 31.83, 9.0, 35.34, 45.12, 13.89, 39.12, 25.0, 44.55, 40.46, 42.72, 26.83, 42.38, 18.38, 4.12, 25.71, 14.09, 41.82, 13.87, 38.06, 13.87, 31.1, 37.98, 25.83, 19.0], [31.4, 17.8, 25.02, 26.87, 14.04, 19.24, 12.53, 24.08, 33.02, 15.23, 21.93, 21.93, 27.0, 39.05, 21.4, 30.46, 10.05, 17.2, 30.08, 9.06, 21.1, 7.62, 30.02, 19.1, 22.2, 5.0, 11.4, 5.0, 19.1, 16.16, 33.73, 14.56, 8.49, 23.77, 27.29, 14.14, 36.12, 12.53, 31.38, 12.37, 20.81, 21.4, 16.55, 17.46, 11.4, 21.4, 16.49, 36.06, 12.81, 2.83, 17.26, 20.25, 0.0, 17.12, 34.48, 17.03, 29.07, 26.93, 24.19, 7.62, 21.47, 13.15, 18.03, 31.38, 19.03, 18.38, 36.06, 41.04, 21.1, 1.41, 33.29, 11.18, 24.21, 10.0, 6.08, 13.15, 8.06, 30.41, 12.53, 32.65, 35.34, 36.8, 9.22, 26.63, 21.95, 30.53, 12.04, 13.0, 26.25, 15.52, 34.21, 18.68, 18.87, 9.22, 27.29, 20.52, 23.35, 13.93, 23.19, 11.66, 16.4, 9.43, 18.07, 21.83, 6.73, 26.95, 6.73, 10.97, 21.1, 19.24, 34.48], [27.07, 30.46, 8.06, 17.12, 31.14, 2.24, 24.7, 30.02, 19.72, 16.28, 11.4, 13.04, 33.62, 32.98, 15.52, 30.41, 21.63, 13.89, 41.04, 8.54, 34.41, 10.05, 19.24, 25.81, 27.78, 18.38, 9.43, 12.17, 2.0, 20.25, 18.36, 26.4, 24.35, 35.38, 13.04, 22.47, 27.86, 24.7, 42.45, 5.1, 35.44, 33.54, 5.39, 34.21, 26.48, 35.51, 6.08, 25.55, 12.04, 19.42, 5.0, 36.4, 17.12, 0.0, 23.02, 13.6, 36.36, 29.73, 37.01, 10.05, 8.25, 21.95, 25.61, 17.2, 24.