20
[[0.0, 27.46, 21.84, 26.91, 20.62, 22.85, 25.0, 16.55, 27.78, 20.88, 20.59, 7.81, 46.32, 11.7, 25.24, 30.61, 22.09, 29.83, 23.02, 11.05, 22.2, 14.32, 28.15], [27.46, 0.0, 21.1, 7.07, 28.86, 24.08, 46.14, 30.0, 1.41, 38.91, 25.5, 20.12, 43.08, 16.28, 29.07, 39.2, 22.14, 10.0, 10.77, 18.44, 10.44, 20.12, 6.52], [21.84, 21.1, 0.0, 26.17, 8.6, 3.0, 28.32, 35.0, 20.22, 20.52, 5.0, 20.0, 26.17, 14.14, 8.0, 18.11, 33.84, 15.26, 26.25, 12.21, 25.3, 7.62, 16.45], [26.91, 7.07, 26.17, 0.0, 33.06, 29.15, 48.47, 25.5, 8.49, 41.76, 30.0, 19.1, 49.66, 17.46, 34.13, 44.01, 16.12, 17.03, 5.1, 20.25, 5.39, 23.35, 13.51], [20.62, 28.86, 8.6, 33.06, 0.0, 6.4, 20.0, 36.24, 28.16, 12.21, 3.61, 21.95, 25.94, 17.72, 5.1, 11.4, 37.7, 23.85, 32.14, 14.87, 31.14, 10.2, 24.83], [22.85, 24.08, 3.0, 29.15, 6.4, 0.0, 26.4, 36.88, 23.19, 18.6, 3.16, 21.93, 24.08, 16.4, 5.0, 15.13, 36.36, 17.89, 29.12, 14.14, 28.16, 9.22, 19.3], [25.0, 46.14, 28.32, 48.47, 20.0, 26.4, 0.0, 40.61, 45.79, 7.81, 23.43, 31.4, 39.0, 31.02, 23.71, 19.03, 47.04, 43.19, 45.88, 28.23, 44.92, 26.08, 43.5], [16.55, 30.0, 35.0, 25.5, 36.24, 36.88, 40.61, 0.0, 31.02, 37.34, 35.36, 15.0, 60.96, 21.1, 40.31, 46.87, 11.4, 36.88, 20.4, 22.8, 20.22, 27.66, 33.95], [27.78, 1.41, 20.22, 8.49, 28.16, 23.19, 45.79, 31.02, 0.0, 38.47, 24.74, 20.62, 41.79, 16.4, 28.16, 38.33, 23.41, 8.6, 12.08, 18.38, 11.7, 19.72, 5.15], [20.88, 38.91, 20.52, 41.76, 12.21, 18.6, 7.81, 37.34, 38.47, 0.0, 15.62, 26.02, 33.38, 24.52, 16.16, 13.6, 42.19, 35.47, 39.62, 21.59, 38.64, 18.79, 35.92], [20.59, 25.5, 5.0, 30.0, 3.61, 3.16, 23.43, 35.36, 24.74, 15.62, 0.0, 20.62, 25.81, 15.65, 5.0, 14.04, 35.78, 20.25, 29.43, 13.04, 28.44, 8.06, 21.27], [7.81, 20.12, 20.0, 19.1, 21.95, 21.93, 31.4, 15.0, 20.62, 26.02, 20.62, 0.0, 46.01, 6.32, 25.61, 33.11, 16.28, 24.02, 15.26, 7.81, 14.42, 12.73, 21.78], [46.32, 43.08, 26.17, 49.66, 25.94, 24.08, 39.0, 60.96, 41.79, 33.38, 25.81, 46.01, 0.0, 40.31, 21.1, 20.02, 59.82, 33.53, 51.11, 38.21, 50.25, 33.3, 36.69], [11.7, 16.28, 14.14, 17.46, 17.72, 16.4, 31.02, 21.1, 16.4, 24.52, 15.65, 6.32, 40.31, 0.0, 20.59, 29.12, 20.12, 18.25, 15.13, 3.0, 14.14, 7.62, 16.45], [25.24, 29.07, 8.0, 34.13, 5.1, 5.0, 23.71, 40.31, 28.16, 16.16, 5.0, 25.61, 21.1, 20.59, 0.0, 10.2, 40.71, 22.47, 33.96, 18.03, 32.98, 13.04, 24.14], [30.61, 39.2, 18.11, 44.01, 11.4, 15.13, 19.03, 46.87, 38.33, 13.6, 14.04, 33.11, 20.02, 29.12, 10.2, 0.0, 49.04, 32.57, 43.42, 26.25, 42.43, 21.59, 34.33], [22.09, 22.14, 33.84, 16.12, 37.7, 36.36, 47.04, 11.4, 23.41, 42.19, 35.78, 16.28, 59.82, 20.12, 40.71, 49.04, 0.0, 30.89, 11.4, 22.85, 11.7, 27.73, 27.5], [29.83, 10.0, 15.26, 17.03, 23.85, 17.89, 43.19, 36.88, 8.6, 35.47, 20.25, 24.02, 33.53, 18.25, 22.47, 32.57, 30.89, 0.0, 20.0, 18.97, 19.42, 18.03, 3.54], [23.02, 10.77, 26.25, 5.1, 32.14, 29.12, 45.88, 20.4, 12.08, 39.62, 29.43, 15.26, 51.11, 15.13, 33.96, 43.42, 11.4, 20.0, 0.0, 18.11, 1.0, 22.02, 16.51], [11.05, 18.44, 12.21, 20.25, 14.87, 14.14, 28.23, 22.8, 18.38, 21.59, 13.04, 7.81, 38.21, 3.0, 18.03, 26.25, 22.85, 18.97, 18.11, 0.0, 17.12, 5.0, 17.68], [22.2, 10.44, 25.3, 5.39, 31.14, 28.16, 44.92, 20.22, 11.7, 38.64, 28.44, 14.42, 50.25, 14.14, 32.98, 42.43, 11.7, 19.42, 1.0, 17.12, 0.0, 21.02, 15.95], [14.32, 20.12, 7.62, 23.35, 10.2, 9.22, 26.08, 27.66, 19.72, 18.79, 8.06, 12.73, 33.3, 7.62, 13.04, 21.59, 27.73, 18.03, 22.02, 5.0, 21.02, 0.0, 17.68], [28.15, 6.52, 16.45, 13.51, 24.83, 19.3, 43.5, 33.95, 5.15, 35.92, 21.27, 21.78, 36.69, 16.45, 24.14, 34.33, 27.5, 3.54, 16.51, 17.68, 15.95, 17.68, 0.0]]
[20, 20]
5
[[0.0, 375.0], [276.0, 297.0], [125.0, 156.0], [107.0, 127.0], [141.0, 169.0], [143.0, 165.0], [219.0, 231.0], [19.0, 40.0], [88.0, 109.0], [173.0, 185.0], [133.0, 155.0], [2.0, 21.0], [306.0, 329.0], [84.0, 99.0], [198.0, 219.0], [170.0, 184.0], [57.0, 67.0], [126.0, 142.0], [43.0, 55.0], [3.0, 20.0], [268.0, 283.0], [0.0, 375.0], [0.0, 375.0]]
[[22.0, 39.0], [7.0, 16.0], [28.0, 18.0], [2.0, 21.0], [35.0, 23.0], [31.0, 18.0], [47.0, 39.0], [7.0, 46.0], [8.0, 15.0], [42.0, 33.0], [32.0, 21.0], [16.0, 34.0], [47.0, 0.0], [18.0, 28.0], [36.0, 18.0], [46.0, 20.0], [0.0, 37.0], [15.0, 10.0], [3.0, 26.0], [21.0, 28.0], [4.0, 26.0], [25.0, 25.0], [12.5, 12.5]]
[[0.0, 0.0], [0.0, 0.0], [0.0, 0.0], [0.0, 0.0], [0.0, 0.0], [0.0, 0.0], [0.0, 0.0], [0.0, 0.0], [0.0, 0.0], [0.0, 0.0], [0.0, 0.0], [0.0, 0.0], [0.0, 0.0], [0.0, 0.0], [0.0, 0.0], [0.0, 0.0], [0.0, 0.0], [0.0, 0.0], [0.0, 0.0], [0.0, 0.0], [0.0, 0.0], [0.0, 0.0], [0.0, 0.0]]
^demand; service time^
!! n20w20.005    18.60 369
