20
[[0.0, 31.62, 43.6, 35.01, 20.25, 28.23, 25.94, 31.38, 26.17, 46.69, 35.34, 26.25, 23.77, 32.28, 24.19, 14.87, 21.63, 22.09, 20.12, 28.84, 30.81, 16.28, 1.58], [31.62, 0.0, 25.32, 10.3, 24.7, 24.84, 43.97, 22.02, 15.0, 24.08, 26.63, 40.85, 20.62, 44.29, 35.85, 20.02, 19.7, 30.46, 22.47, 19.8, 42.06, 18.03, 32.6], [43.6, 25.32, 0.0, 35.17, 24.84, 17.49, 39.85, 47.1, 17.89, 6.08, 11.4, 35.44, 44.18, 35.23, 31.02, 28.84, 22.02, 27.29, 24.04, 14.87, 33.38, 27.78, 45.11], [35.01, 10.3, 35.17, 0.0, 33.29, 34.66, 51.89, 14.32, 24.76, 33.14, 36.89, 49.24, 16.4, 53.25, 44.42, 26.93, 28.6, 39.12, 31.06, 29.83, 51.04, 25.08, 35.59], [20.25, 24.7, 24.84, 33.29, 0.0, 8.06, 19.42, 38.01, 11.0, 29.15, 15.26, 16.16, 31.76, 20.0, 11.18, 8.54, 5.1, 5.83, 2.24, 10.3, 17.8, 9.43, 21.83], [28.23, 24.84, 17.49, 34.66, 8.06, 0.0, 23.19, 42.05, 9.9, 22.47, 7.21, 19.03, 36.69, 20.62, 14.14, 15.03, 8.06, 9.85, 8.25, 5.39, 18.44, 15.03, 29.81], [25.94, 43.97, 39.85, 51.89, 19.42, 23.19, 0.0, 53.91, 30.27, 45.35, 28.46, 4.47, 46.69, 8.54, 9.06, 25.06, 24.52, 14.04, 21.59, 28.02, 8.6, 26.83, 27.06], [31.38, 22.02, 47.1, 14.32, 38.01, 42.05, 53.91, 0.0, 32.89, 46.1, 46.17, 52.33, 7.62, 57.38, 48.17, 29.83, 34.48, 43.42, 36.06, 38.28, 55.32, 28.6, 31.31], [26.17, 15.0, 17.89, 24.76, 11.0, 9.9, 30.27, 32.89, 0.0, 20.52, 13.34, 26.68, 28.28, 29.55, 21.59, 11.31, 6.08, 16.28, 9.06, 5.39, 27.31, 10.0, 27.61], [46.69, 24.08, 6.08, 33.14, 29.15, 22.47, 45.35, 46.1, 20.52, 0.0, 17.12, 41.0, 44.15, 41.11, 36.4, 31.83, 25.61, 32.31, 28.02, 18.87, 39.2, 30.48, 48.13], [35.34, 26.63, 11.4, 36.89, 15.26, 7.21, 28.46, 46.17, 13.34, 17.12, 0.0, 24.04, 41.59, 24.02, 19.7, 21.59, 14.32, 16.4, 15.23, 8.06, 22.09, 21.21, 36.91], [26.25, 40.85, 35.44, 49.24, 16.16, 19.03, 4.47, 52.33, 26.68, 41.0, 24.04, 0.0, 45.34, 6.08, 5.1, 22.8, 21.19, 10.44, 18.38, 24.02, 5.1, 24.41, 27.54], [23.77, 20.62, 44.18, 16.4, 31.76, 36.69, 46.69, 7.62, 28.28, 44.15, 41.59, 45.34, 0.0, 50.61, 41.4, 23.32, 28.79, 36.89, 29.97, 33.54, 48.6, 22.36, 23.72], [32.28, 44.29, 35.23, 53.25, 20.0, 20.62, 8.54, 57.38, 29.55, 41.11, 24.02, 6.08, 50.61, 0.0, 9.22, 27.59, 24.7, 14.21, 22.2, 25.96, 2.24, 29.0, 33.59], [24.19, 35.85, 31.02, 44.42, 11.18, 14.14, 9.06, 48.17, 21.59, 36.4, 19.7, 5.1, 41.4, 9.22, 0.0, 18.38, 16.16, 5.39, 13.42, 19.0, 7.21, 19.85, 25.62], [14.87, 20.02, 28.84, 26.93, 8.54, 15.03, 25.06, 29.83, 11.31, 31.83, 21.59, 22.8, 23.32, 27.59, 18.38, 0.0, 7.28, 13.6, 7.07, 14.32, 25.5, 2.0, 16.32], [21.63, 19.7, 22.02, 28.6, 5.1, 8.06, 24.52, 34.48, 6.08, 25.61, 14.32, 21.19, 28.79, 24.7, 16.16, 7.28, 0.0, 10.77, 3.0, 7.21, 22.47, 7.0, 23.16], [22.09, 30.46, 27.29, 39.12, 5.83, 9.85, 14.04, 43.42, 16.28, 32.31, 16.4, 10.44, 36.89, 14.21, 5.39, 13.6, 10.77, 0.0, 8.06, 14.14, 12.04, 14.87, 23.63], [20.12, 22.47, 24.04, 31.06, 2.24, 8.25, 21.59, 36.06, 9.06, 28.02, 15.23, 18.38, 29.97, 22.2, 13.42, 7.07, 3.0, 8.06, 0.0, 9.22, 20.0, 7.62, 21.69], [28.84, 19.8, 14.87, 29.83, 10.3, 5.39, 28.02, 38.28, 5.39, 18.87, 8.06, 24.02, 33.54, 25.96, 19.0, 14.32, 7.21, 14.14, 9.22, 0.0, 23.77, 13.6, 30.37], [30.81, 42.06, 33.38, 51.04, 17.8, 18.44, 8.6, 55.32, 27.31, 39.2, 22.09, 5.1, 48.6, 2.24, 7.21, 25.5, 22.47, 12.04, 20.0, 23.77, 0.0, 26.87, 32.16], [16.28, 18.03, 27.78, 25.08, 9.43, 15.03, 26.83, 28.6, 10.0, 30.48, 21.21, 24.41, 22.36, 29.0, 19.85, 2.0, 7.0, 14.87, 7.62, 13.6, 26.87, 0.0, 17.68], [1.58, 32.6, 45.11, 35.59, 21.83, 29.81, 27.06, 31.31, 27.61, 48.13, 36.91, 27.54, 23.72, 33.59, 25.62, 16.32, 23.16, 23.63, 21.69, 30.37, 32.16, 17.68, 0.0]]
[20, 20]
5
[[0.0, 444.0], [303.0, 412.0], [49.0, 164.0], [162.0, 193.0], [0.0, 39.0], [0.0, 116.0], [90.0, 172.0], [197.0, 282.0], [0.0, 76.0], [165.0, 298.0], [39.0, 60.0], [61.0, 123.0], [108.0, 227.0], [281.0, 379.0], [17.0, 144.0], [100.0, 212.0], [19.0, 49.0], [26.0, 129.0], [0.0, 108.0], [0.0, 104.0], [202.0, 363.0], [0.0, 444.0], [0.0, 444.0]]
[[13.0, 14.0], [43.0, 24.0], [39.0, 49.0], [48.0, 15.0], [20.0, 33.0], [24.0, 40.0], [1.0, 37.0], [42.0, 2.0], [31.0, 33.0], [45.0, 48.0], [28.0, 46.0], [5.0, 39.0], [35.0, 5.0], [4.0, 45.0], [10.0, 38.0], [23.0, 25.0], [25.0, 32.0], [15.0, 36.0], [22.0, 32.0], [29.0, 38.0], [6.0, 44.0], [25.0, 25.0], [12.5, 12.5]]
[[0.0, 0.0], [0.0, 0.0], [0.0, 0.0], [0.0, 0.0], [0.0, 0.0], [0.0, 0.0], [0.0, 0.0], [0.0, 0.0], [0.0, 0.0], [0.0, 0.0], [0.0, 0.0], [0.0, 0.0], [0.0, 0.0], [0.0, 0.0], [0.0, 0.0], [0.0, 0.0], [0.0, 0.0], [0.0, 0.0], [0.0, 0.0], [0.0, 0.0], [0.0, 0.0], [0.0, 0.0], [0.0, 0.0]]
^demand; service time^
!! n20w100.003    91.55 360
