20
[[0.0, 14.14, 17.8, 46.24, 45.8, 29.21, 44.27, 42.45, 16.03, 34.79, 23.0, 10.05, 32.45, 12.81, 40.72, 38.12, 55.61, 39.45, 22.2, 24.6, 26.02, 29.0, 11.34], [14.14, 0.0, 9.0, 41.11, 33.97, 21.38, 40.0, 28.46, 19.1, 21.02, 9.22, 15.26, 20.62, 10.0, 27.46, 37.64, 46.52, 32.56, 8.06, 20.22, 27.29, 19.31, 7.78], [17.8, 9.0, 0.0, 32.14, 28.02, 12.65, 31.0, 27.0, 13.93, 19.0, 14.21, 13.04, 14.76, 6.08, 23.77, 29.15, 38.59, 23.77, 11.31, 11.4, 19.85, 11.4, 6.52], [46.24, 41.11, 32.14, 0.0, 25.61, 20.02, 3.16, 40.0, 31.38, 35.78, 43.42, 36.67, 26.93, 34.21, 32.8, 14.87, 17.03, 9.49, 40.31, 21.84, 23.35, 23.35, 36.5], [45.8, 33.97, 28.02, 25.61, 0.0, 19.42, 27.46, 16.49, 37.64, 16.49, 30.41, 39.81, 13.45, 33.62, 10.0, 35.74, 17.26, 18.38, 28.3, 26.48, 36.01, 17.46, 34.53], [29.21, 21.38, 12.65, 20.02, 19.42, 0.0, 19.42, 25.94, 18.38, 19.21, 23.54, 21.4, 10.3, 16.4, 19.92, 21.21, 26.4, 11.18, 20.4, 7.07, 17.26, 4.24, 18.18], [44.27, 40.0, 31.0, 3.16, 27.46, 19.42, 0.0, 41.11, 29.07, 36.36, 42.95, 34.54, 27.29, 32.56, 33.97, 11.7, 20.1, 10.0, 39.81, 20.22, 20.62, 23.09, 34.94], [42.45, 28.46, 27.0, 40.0, 16.49, 25.94, 41.11, 0.0, 40.31, 8.0, 21.1, 40.01, 15.65, 33.02, 7.21, 46.62, 33.73, 31.14, 20.62, 31.95, 42.72, 21.93, 32.69], [16.03, 19.1, 13.93, 31.38, 37.64, 18.38, 29.07, 40.31, 0.0, 32.39, 27.2, 6.0, 26.08, 9.22, 36.01, 22.09, 43.28, 26.17, 24.7, 11.66, 10.0, 20.4, 11.34], [34.79, 21.02, 19.0, 35.78, 16.49, 19.21, 36.36, 8.0, 32.39, 0.0, 14.87, 32.02, 9.22, 25.02, 7.21, 40.36, 33.02, 26.42, 13.6, 24.6, 35.34, 15.0, 24.75], [23.0, 9.22, 14.21, 43.42, 30.41, 23.54, 42.95, 21.1, 27.2, 14.87, 0.0, 24.17, 18.44, 18.03, 22.02, 42.94, 45.35, 34.13, 3.16, 25.06, 34.06, 20.1, 16.32], [10.05, 15.26, 13.04, 36.67, 39.81, 21.4, 34.54, 40.01, 6.0, 32.02, 24.17, 0.0, 27.2, 7.0, 36.67, 28.07, 47.38, 30.61, 22.14, 15.62, 16.0, 22.36, 7.91], [32.45, 20.62, 14.76, 26.93, 13.45, 10.3, 27.29, 15.65, 26.08, 9.22, 18.44, 27.2, 0.0, 20.62, 10.05, 31.24, 26.93, 17.46, 15.81, 16.49, 27.2, 6.32, 21.27], [12.81, 10.0, 6.08, 34.21, 33.62, 16.4, 32.56, 33.02, 9.22, 25.02, 18.03, 7.0, 20.62, 0.0, 29.83, 28.44, 42.8, 26.83, 15.65, 12.37, 17.46, 16.4, 2.55], [40.72, 27.46, 23.77, 32.8, 10.0, 19.92, 33.97, 7.21, 36.01, 7.21, 22.02, 36.67, 10.05, 29.83, 0.0, 39.96, 27.17, 24.04, 20.52, 26.48, 37.11, 16.28, 30.04], [38.12, 37.64, 29.15, 14.87, 35.74, 21.21, 11.7, 46.62, 22.09, 40.36, 42.94, 28.07, 31.24, 28.44, 39.96, 0.0, 31.58, 17.46, 39.82, 17.89, 12.17, 25.46, 30.99], [55.61, 46.52, 38.59, 17.03, 17.26, 26.4, 20.1, 33.73, 43.28, 33.02, 45.35, 47.38, 26.93, 42.8, 27.17, 31.58, 0.0, 17.2, 42.72, 31.83, 37.59, 27.29, 44.53], [39.45, 32.56, 23.77, 9.49, 18.38, 11.18, 10.0, 31.14, 26.17, 26.42, 34.13, 30.61, 17.46, 26.83, 24.04, 17.46, 17.2, 0.0, 31.06, 15.0, 20.62, 14.04, 28.89], [22.2, 8.06, 11.31, 40.31, 28.3, 20.4, 39.81, 20.62, 24.7, 13.6, 3.16, 22.14, 15.81, 15.65, 20.52, 39.82, 42.72, 31.06, 0.0, 21.95, 31.14, 17.03, 14.23], [24.6, 20.22, 11.4, 21.84, 26.48, 7.07, 20.22, 31.95, 11.66, 24.6, 25.06, 15.62, 16.49, 12.37, 26.48, 17.89, 31.83, 15.0, 21.95, 0.0, 10.77, 10.2, 14.71], [26.02, 27.29, 19.85, 23.35, 36.01, 17.26, 20.62, 42.72, 10.0, 35.34, 34.06, 16.0, 27.2, 17.46, 37.11, 12.17, 37.59, 20.62, 31.14, 10.77, 0.0, 20.88, 19.96], [29.0, 19.31, 11.4, 23.35, 17.46, 4.24, 23.09, 21.93, 20.4, 15.0, 20.1, 22.36, 6.32, 16.4, 16.28, 25.46, 27.29, 14.04, 17.03, 10.2, 20.88, 0.0, 17.68], [11.34, 7.78, 6.52, 36.5, 34.53, 18.18, 34.94, 32.69, 11.34, 24.75, 16.32, 7.91, 21.27, 2.55, 30.04, 30.99, 44.53, 28.89, 14.23, 14.71, 19.96, 17.68, 0.0]]
[20, 20]
5
[[0.0, 372.0], [50.0, 100.0], [0.0, 77.0], [94.0, 287.0], [250.0, 327.0], [26.0, 188.0], [189.0, 273.0], [285.0, 322.0], [0.0, 116.0], [20.0, 130.0], [54.0, 228.0], [0.0, 76.0], [93.0, 135.0], [0.0, 56.0], [48.0, 202.0], [115.0, 188.0], [146.0, 285.0], [142.0, 212.0], [0.0, 106.0], [85.0, 191.0], [212.0, 273.0], [0.0, 372.0], [0.0, 372.0]]
[[5.0, 4.0], [7.0, 18.0], [16.0, 18.0], [48.0, 21.0], [32.0, 41.0], [28.0, 22.0], [47.0, 18.0], [16.0, 45.0], [21.0, 5.0], [16.0, 37.0], [5.0, 27.0], [15.0, 5.0], [23.0, 31.0], [15.0, 12.0], [22.0, 41.0], [43.0, 7.0], [49.0, 38.0], [39.0, 24.0], [8.0, 26.0], [27.0, 15.0], [31.0, 5.0], [25.0, 25.0], [12.5, 12.5]]
[[0.0, 0.0], [0.0, 0.0], [0.0, 0.0], [0.0, 0.0], [0.0, 0.0], [0.0, 0.0], [0.0, 0.0], [0.0, 0.0], [0.0, 0.0], [0.0, 0.0], [0.0, 0.0], [0.0, 0.0], [0.0, 0.0], [0.0, 0.0], [0.0, 0.0], [0.0, 0.0], [0.0, 0.0], [0.0, 0.0], [0.0, 0.0], [0.0, 0.0], [0.0, 0.0], [0.0, 0.0], [0.0, 0.0]]
^demand; service time^
!! n20w100.005    98.15 360
