20
[[0.0, 31.4, 16.12, 5.0, 19.24, 32.28, 29.0, 16.4, 32.14, 28.84, 14.87, 5.66, 5.66, 21.47, 14.32, 22.56, 24.6, 29.73, 27.02, 17.46, 9.43, 10.77, 24.05], [31.4, 0.0, 21.4, 32.57, 41.76, 4.0, 18.03, 23.43, 8.06, 32.65, 20.62, 35.01, 36.14, 25.24, 29.41, 37.48, 49.93, 52.63, 45.25, 14.04, 38.28, 22.85, 9.19], [16.12, 21.4, 0.0, 14.32, 33.97, 24.04, 28.86, 2.24, 18.68, 16.12, 18.25, 21.63, 18.44, 27.29, 24.6, 16.64, 28.65, 31.24, 24.21, 12.37, 19.0, 5.66, 18.56], [5.0, 32.57, 14.32, 0.0, 23.77, 34.01, 32.65, 13.93, 32.06, 24.84, 18.6, 9.85, 4.12, 26.0, 19.24, 17.72, 20.25, 25.08, 22.02, 19.24, 5.83, 10.05, 26.24], [19.24, 41.76, 33.97, 23.77, 0.0, 40.79, 30.15, 34.83, 45.62, 48.02, 21.19, 13.93, 21.59, 19.1, 12.37, 41.44, 39.05, 45.01, 44.72, 29.07, 25.32, 28.32, 32.63], [32.28, 4.0, 24.04, 34.01, 40.79, 0.0, 14.87, 26.17, 12.04, 36.25, 20.02, 35.36, 37.34, 23.26, 28.44, 40.46, 52.2, 55.23, 48.17, 14.87, 39.81, 24.7, 8.51], [29.0, 18.03, 28.86, 32.65, 30.15, 14.87, 0.0, 31.05, 25.5, 44.28, 14.14, 29.68, 34.66, 11.05, 18.97, 44.94, 52.8, 57.14, 51.89, 16.49, 38.21, 26.4, 11.6], [16.4, 23.43, 2.24, 13.93, 34.83, 26.17, 31.05, 0.0, 20.25, 14.32, 20.1, 22.02, 18.03, 29.15, 26.0, 14.42, 26.83, 29.21, 22.02, 14.56, 18.11, 6.71, 20.8], [32.14, 8.06, 18.68, 32.06, 45.62, 12.04, 25.5, 20.25, 0.0, 26.4, 24.7, 36.67, 36.01, 31.11, 33.62, 33.02, 47.01, 48.88, 40.8, 16.55, 37.34, 22.02, 14.92], [28.84, 32.65, 16.12, 24.84, 48.02, 36.25, 44.28, 14.32, 26.4, 0.0, 34.37, 34.41, 28.28, 43.42, 40.16, 11.18, 27.07, 26.31, 17.26, 28.02, 26.4, 20.88, 33.14], [14.87, 20.62, 18.25, 18.6, 21.19, 20.02, 14.14, 20.1, 24.7, 34.37, 0.0, 16.16, 20.52, 9.06, 8.94, 32.56, 38.83, 43.42, 38.9, 8.49, 24.08, 14.04, 11.6], [5.66, 35.01, 21.63, 9.85, 13.93, 35.36, 29.68, 22.02, 36.67, 34.41, 16.16, 0.0, 8.0, 20.52, 12.21, 27.51, 26.93, 32.56, 31.14, 21.0, 12.04, 16.12, 26.88], [5.66, 36.14, 18.44, 4.12, 21.59, 37.34, 34.66, 18.03, 36.01, 28.28, 20.52, 8.0, 0.0, 26.93, 19.31, 20.12, 19.31, 24.74, 23.19, 22.47, 4.12, 14.0, 29.3], [21.47, 25.24, 27.29, 26.0, 19.1, 23.26, 11.05, 29.15, 31.11, 43.42, 9.06, 20.52, 26.93, 0.0, 8.6, 41.3, 46.07, 51.08, 47.3, 16.55, 30.89, 23.0, 16.32], [14.32, 29.41, 24.6, 19.24, 12.37, 28.44, 18.97, 26.0, 33.62, 40.16, 8.94, 12.21, 19.31, 8.6, 0.0, 36.06, 38.63, 43.97, 41.19, 17.2, 23.41, 19.31, 20.26], [22.56, 37.48, 16.64, 17.72, 41.44, 40.46, 44.94, 14.42, 33.02, 11.18, 32.56, 27.51, 20.12, 41.3, 36.06, 0.0, 16.0, 16.16, 7.81, 28.64, 17.2, 18.68, 35.16], [24.6, 49.93, 28.65, 20.25, 39.05, 52.2, 52.8, 26.83, 47.01, 27.07, 38.83, 26.93, 19.31, 46.07, 38.63, 16.0, 0.0, 6.08, 11.18, 38.21, 15.23, 27.66, 45.3], [29.73, 52.63, 31.24, 25.08, 45.01, 55.23, 57.14, 29.21, 48.88, 26.31, 43.42, 32.56, 24.74, 51.08, 43.97, 16.16, 6.08, 0.0, 9.06, 41.87, 20.62, 31.24, 48.87], [27.02, 45.25, 24.21, 22.02, 44.72, 48.17, 51.89, 22.02, 40.8, 17.26, 38.9, 31.14, 23.19, 47.3, 41.19, 7.81, 11.18, 9.06, 0.0, 35.85, 19.42, 25.5, 42.57], [17.46, 14.04, 12.37, 19.24, 29.07, 14.87, 16.49, 14.56, 16.55, 28.02, 8.49, 21.0, 22.47, 16.55, 17.2, 28.64, 38.21, 41.87, 35.85, 0.0, 25.06, 10.63, 7.11], [9.43, 38.28, 19.0, 5.83, 25.32, 39.81, 38.21, 18.11, 37.34, 26.4, 24.08, 12.04, 4.12, 30.89, 23.41, 17.2, 15.23, 20.62, 19.42, 25.06, 0.0, 15.52, 32.07], [10.77, 22.85, 5.66, 10.05, 28.32, 24.7, 26.4, 6.71, 22.02, 20.88, 14.04, 16.12, 14.0, 23.0, 19.31, 18.68, 27.66, 31.24, 25.5, 10.63, 15.52, 0.0, 17.68], [24.05, 9.19, 18.56, 26.24, 32.63, 8.51, 11.6, 20.8, 14.92, 33.14, 11.6, 26.88, 29.3, 16.32, 20.26, 35.16, 45.3, 48.87, 42.57, 7.11, 32.07, 17.68, 0.0]]
[20, 20]
5
[[0.0, 408.0], [369.0, 377.0], [10.0, 41.0], [4.0, 23.0], [166.0, 183.0], [115.0, 126.0], [117.0, 142.0], [43.0, 68.0], [91.0, 115.0], [67.0, 92.0], [134.0, 151.0], [0.0, 19.0], [179.0, 203.0], [264.0, 275.0], [150.0, 176.0], [55.0, 84.0], [212.0, 240.0], [318.0, 324.0], [200.0, 233.0], [26.0, 48.0], [298.0, 302.0], [0.0, 408.0], [0.0, 408.0]]
[[35.0, 21.0], [4.0, 16.0], [21.0, 29.0], [35.0, 26.0], [44.0, 4.0], [4.0, 12.0], [14.0, 1.0], [22.0, 31.0], [3.0, 24.0], [19.0, 45.0], [24.0, 11.0], [39.0, 17.0], [39.0, 25.0], [25.0, 2.0], [32.0, 7.0], [30.0, 43.0], [46.0, 43.0], [45.0, 49.0], [36.0, 48.0], [18.0, 17.0], [40.0, 29.0], [25.0, 25.0], [12.5, 12.5]]
[[0.0, 0.0], [0.0, 0.0], [0.0, 0.0], [0.0, 0.0], [0.0, 0.0], [0.0, 0.0], [0.0, 0.0], [0.0, 0.0], [0.0, 0.0], [0.0, 0.0], [0.0, 0.0], [0.0, 0.0], [0.0, 0.0], [0.0, 0.0], [0.0, 0.0], [0.0, 0.0], [0.0, 0.0], [0.0, 0.0], [0.0, 0.0], [0.0, 0.0], [0.0, 0.0], [0.0, 0.0], [0.0, 0.0]]
^demand; service time^
!! n20w20.004    20.20 404
