20
[[0.0, 21.02, 30.41, 21.02, 34.83, 3.16, 2.0, 32.2, 36.4, 36.25, 40.0, 45.71, 42.76, 9.22, 34.21, 32.02, 40.31, 40.26, 64.44, 9.43, 20.4, 29.83, 47.46], [21.02, 0.0, 23.0, 10.2, 23.77, 24.08, 21.02, 30.81, 17.8, 20.0, 19.03, 47.8, 44.92, 12.37, 36.06, 34.54, 25.24, 41.48, 53.71, 27.51, 5.1, 24.08, 37.98], [30.41, 23.0, 0.0, 13.15, 6.0, 31.89, 31.89, 9.9, 18.44, 13.89, 29.07, 26.42, 23.85, 23.32, 16.28, 15.81, 14.14, 20.25, 34.06, 29.53, 18.03, 2.24, 17.1], [21.02, 10.2, 13.15, 0.0, 15.26, 23.41, 21.95, 20.62, 16.03, 15.23, 22.85, 37.64, 34.79, 12.21, 26.0, 24.6, 19.42, 31.32, 45.79, 24.02, 5.1, 14.0, 29.3], [34.83, 23.77, 6.0, 15.26, 0.0, 36.62, 36.12, 14.76, 14.42, 9.22, 25.55, 29.83, 27.59, 26.91, 21.1, 21.02, 8.25, 24.04, 30.53, 34.93, 19.31, 8.06, 14.23], [3.16, 24.08, 31.89, 23.41, 36.62, 0.0, 4.24, 32.76, 39.05, 38.63, 43.01, 45.35, 42.45, 12.04, 34.18, 31.95, 42.49, 40.16, 65.76, 7.28, 23.19, 31.11, 48.79], [2.0, 21.02, 31.89, 21.95, 36.12, 4.24, 0.0, 34.01, 37.0, 37.12, 40.05, 47.68, 44.72, 9.85, 36.14, 33.96, 41.34, 42.2, 65.95, 11.18, 20.88, 31.4, 48.97], [32.2, 30.81, 9.9, 20.62, 14.76, 32.76, 34.01, 0.0, 28.32, 23.6, 38.95, 17.09, 14.32, 27.46, 6.4, 6.32, 22.85, 10.77, 34.67, 28.32, 25.71, 7.81, 18.67], [36.4, 17.8, 18.44, 16.03, 14.42, 39.05, 37.0, 28.32, 0.0, 5.39, 11.18, 44.2, 41.87, 27.2, 34.71, 34.21, 10.0, 38.29, 38.83, 40.05, 16.16, 20.62, 25.74], [36.25, 20.0, 13.89, 15.23, 9.22, 38.63, 37.12, 23.6, 5.39, 0.0, 16.55, 39.05, 36.8, 27.29, 30.0, 29.68, 5.39, 33.24, 34.48, 38.64, 17.03, 16.12, 20.55], [40.0, 19.03, 29.07, 22.85, 25.55, 43.01, 40.05, 38.95, 11.18, 16.55, 0.0, 55.22, 52.8, 31.06, 45.28, 44.55, 20.62, 49.2, 48.09, 45.71, 20.4, 31.14, 36.5], [45.71, 47.8, 26.42, 37.64, 29.83, 45.35, 47.68, 17.09, 44.2, 39.05, 55.22, 0.0, 3.0, 43.01, 12.04, 14.0, 36.8, 6.32, 35.13, 39.22, 42.72, 24.6, 25.35], [42.76, 44.92, 23.85, 34.79, 27.59, 42.45, 44.72, 14.32, 41.87, 36.8, 52.8, 3.0, 0.0, 40.01, 9.06, 11.0, 34.83, 3.61, 35.51, 36.4, 39.85, 21.95, 24.38], [9.22, 12.37, 23.32, 12.21, 26.91, 12.04, 9.85, 27.46, 27.2, 27.29, 31.06, 43.01, 40.01, 0.0, 31.0, 29.02, 31.62, 37.01, 57.2, 15.23, 11.18, 23.26, 40.35], [34.21, 36.06, 16.28, 26.0, 21.1, 34.18, 36.14, 6.4, 34.71, 30.0, 45.28, 12.04, 9.06, 31.0, 0.0, 2.24, 29.07, 6.08, 37.16, 28.65, 31.02, 14.14, 22.64], [32.02, 34.54, 15.81, 24.6, 21.02, 31.95, 33.96, 6.32, 34.21, 29.68, 44.55, 14.0, 11.0, 29.02, 2.24, 0.0, 29.15, 8.25, 38.91, 26.42, 29.55, 13.6, 23.93], [40.31, 25.24, 14.14, 19.42, 8.25, 42.49, 41.34, 22.85, 10.0, 5.39, 20.62, 36.8, 34.83, 31.62, 29.07, 29.15, 0.0, 31.4, 29.12, 41.76, 21.93, 16.28, 15.89], [40.26, 41.48, 20.25, 31.32, 24.04, 40.16, 42.2, 10.77, 38.29, 33.24, 49.2, 6.32, 3.61, 37.01, 6.08, 8.25, 31.4, 0.0, 34.21, 34.44, 36.4, 18.36, 21.78], [64.44, 53.71, 34.06, 45.79, 30.53, 65.76, 65.95, 34.67, 38.83, 34.48, 48.09, 35.13, 35.51, 57.2, 37.16, 38.91, 29.12, 34.21, 0.0, 62.48, 49.65, 34.66, 16.99], [9.43, 27.51, 29.53, 24.02, 34.93, 7.28, 11.18, 28.32, 40.05, 38.64, 45.71, 39.22, 36.4, 15.23, 28.65, 26.42, 41.76, 34.44, 62.48, 0.0, 25.32, 28.3, 45.7], [20.4, 5.1, 18.03, 5.1, 19.31, 23.19, 20.88, 25.71, 16.16, 17.03, 20.4, 42.72, 39.85, 11.18, 31.02, 29.55, 21.93, 36.4, 49.65, 25.32, 0.0, 19.03, 33.53], [29.83, 24.08, 2.24, 14.0, 8.06, 31.11, 31.4, 7.81, 20.62, 16.12, 31.14, 24.6, 21.95, 23.26, 14.14, 13.6, 16.28, 18.36, 34.66, 28.3, 19.03, 0.0, 17.68], [47.46, 37.98, 17.1, 29.3, 14.23, 48.79, 48.97, 18.67, 25.74, 20.55, 36.5, 25.35, 24.38, 40.35, 22.64, 23.93, 15.89, 21.78, 16.99, 45.7, 33.53, 17.68, 0.0]]
[20, 20]
5
[[0.0, 417.0], [23.0, 40.0], [171.0, 177.0], [85.0, 115.0], [68.0, 76.0], [0.0, 20.0], [308.0, 337.0], [109.0, 119.0], [46.0, 68.0], [76.0, 102.0], [193.0, 222.0], [143.0, 160.0], [351.0, 374.0], [23.0, 38.0], [118.0, 149.0], [110.0, 141.0], [46.0, 85.0], [127.0, 142.0], [242.0, 268.0], [2.0, 26.0], [292.0, 305.0], [0.0, 417.0], [0.0, 417.0]]
[[44.0, 48.0], [23.0, 49.0], [23.0, 26.0], [25.0, 39.0], [17.0, 26.0], [47.0, 47.0], [44.0, 50.0], [30.0, 19.0], [9.0, 38.0], [11.0, 33.0], [4.0, 48.0], [36.0, 3.0], [36.0, 6.0], [35.0, 46.0], [35.0, 15.0], [36.0, 17.0], [9.0, 28.0], [34.0, 9.0], [1.0, 0.0], [49.0, 40.0], [24.0, 44.0], [25.0, 25.0], [12.5, 12.5]]
[[0.0, 0.0], [0.0, 0.0], [0.0, 0.0], [0.0, 0.0], [0.0, 0.0], [0.0, 0.0], [0.0, 0.0], [0.0, 0.0], [0.0, 0.0], [0.0, 0.0], [0.0, 0.0], [0.0, 0.0], [0.0, 0.0], [0.0, 0.0], [0.0, 0.0], [0.0, 0.0], [0.0, 0.0], [0.0, 0.0], [0.0, 0.0], [0.0, 0.0], [0.0, 0.0], [0.0, 0.0], [0.0, 0.0]]
^demand; service time^
!! n20w20.003    21.55 412
