20
[[0.0, 46.53, 24.52, 10.3, 37.22, 42.43, 9.22, 43.28, 30.15, 37.48, 15.23, 28.23, 36.88, 6.0, 20.52, 41.48, 39.12, 13.93, 22.2, 44.6, 5.0, 25.46, 30.99], [46.53, 0.0, 24.04, 41.87, 18.44, 28.02, 44.92, 17.03, 38.83, 49.34, 31.38, 18.6, 14.87, 49.65, 27.89, 34.99, 8.06, 37.11, 44.0, 15.56, 42.19, 23.35, 19.56], [24.52, 24.04, 0.0, 18.03, 13.04, 21.1, 26.31, 28.28, 32.65, 43.86, 10.05, 6.32, 12.37, 26.4, 14.14, 37.34, 18.36, 20.62, 31.91, 28.64, 19.65, 14.32, 6.52], [10.3, 41.87, 18.03, 0.0, 29.41, 33.02, 17.8, 42.49, 35.51, 44.6, 12.08, 23.35, 29.97, 9.06, 20.62, 45.04, 35.38, 18.44, 29.55, 43.42, 6.4, 24.7, 23.93], [37.22, 18.44, 13.04, 29.41, 0.0, 11.18, 39.32, 30.36, 42.8, 54.2, 23.09, 13.04, 4.12, 38.33, 25.5, 44.41, 17.46, 33.24, 43.86, 29.83, 32.25, 23.6, 6.67], [42.43, 28.02, 21.1, 33.02, 11.18, 0.0, 46.49, 41.44, 53.08, 64.44, 30.46, 23.35, 15.23, 42.0, 35.0, 55.47, 28.46, 41.59, 53.0, 40.8, 37.48, 33.94, 16.26], [9.22, 44.92, 26.31, 17.8, 39.32, 46.49, 0.0, 38.42, 21.59, 28.28, 16.28, 28.07, 38.01, 15.13, 17.09, 33.62, 37.0, 8.06, 13.04, 40.0, 11.4, 21.93, 32.69], [43.28, 17.03, 28.28, 42.49, 30.36, 41.44, 38.42, 0.0, 25.18, 34.23, 30.41, 22.09, 26.25, 48.01, 22.8, 18.38, 13.0, 30.48, 32.89, 2.0, 40.22, 18.03, 27.61], [30.15, 38.83, 32.65, 35.51, 42.8, 53.08, 21.59, 25.18, 0.0, 11.4, 26.4, 29.83, 39.66, 36.12, 18.6, 12.81, 31.32, 17.12, 10.0, 27.17, 30.07, 19.21, 36.83], [37.48, 49.34, 43.86, 44.6, 54.2, 64.44, 28.28, 34.23, 11.4, 0.0, 36.89, 41.23, 51.04, 43.42, 29.73, 17.26, 42.15, 26.4, 15.3, 36.22, 38.6, 30.61, 48.21], [15.23, 31.38, 10.05, 12.08, 23.09, 30.46, 16.28, 30.41, 26.4, 36.89, 0.0, 13.0, 22.09, 18.44, 9.0, 34.13, 24.21, 11.4, 23.35, 31.38, 10.82, 12.65, 16.51], [28.23, 18.6, 6.32, 23.35, 13.04, 23.35, 28.07, 22.09, 29.83, 41.23, 13.0, 0.0, 10.44, 31.06, 12.65, 32.65, 12.21, 21.1, 31.02, 22.36, 23.71, 10.63, 7.11], [36.88, 14.87, 12.37, 29.97, 4.12, 15.23, 38.01, 26.25, 39.66, 51.04, 22.09, 10.44, 0.0, 38.63, 23.09, 40.61, 13.34, 31.4, 41.44, 25.71, 32.02, 20.59, 6.04], [6.0, 49.65, 26.4, 9.06, 38.33, 42.0, 15.13, 48.01, 36.12, 43.42, 18.44, 31.06, 38.63, 0.0, 25.24, 47.3, 42.64, 19.65, 28.16, 49.2, 7.81, 30.0, 32.6], [20.52, 27.89, 14.14, 20.62, 25.5, 35.0, 17.09, 22.8, 18.6, 29.73, 9.0, 12.65, 23.09, 25.24, 0.0, 25.18, 19.92, 9.22, 18.38, 24.08, 17.49, 5.0, 19.04], [41.48, 34.99, 37.34, 45.04, 44.41, 55.47, 33.62, 18.38, 12.81, 17.26, 34.13, 32.65, 40.61, 47.3, 25.18, 0.0, 29.07, 27.66, 22.8, 20.25, 40.45, 23.09, 39.63], [39.12, 8.06, 18.36, 35.38, 17.46, 28.46, 37.0, 13.0, 31.32, 42.15, 24.21, 12.21, 13.34, 42.64, 19.92, 29.07, 0.0, 29.12, 36.01, 12.37, 35.0, 15.3, 15.7], [13.93, 37.11, 20.62, 18.44, 33.24, 41.59, 8.06, 30.48, 17.12, 26.4, 11.4, 21.1, 31.4, 19.65, 9.22, 27.66, 29.12, 0.0, 12.04, 32.02, 13.0, 13.93, 26.58], [22.2, 44.0, 31.91, 29.55, 43.86, 53.0, 13.04, 32.89, 10.0, 15.3, 23.35, 31.02, 41.44, 28.16, 18.38, 22.8, 36.01, 12.04, 0.0, 34.79, 23.41, 21.38, 37.34], [44.6, 15.56, 28.64, 43.42, 29.83, 40.8, 40.0, 2.0, 27.17, 36.22, 31.38, 22.36, 25.71, 49.2, 24.08, 20.25, 12.37, 32.02, 34.79, 0.0, 41.4, 19.21, 27.5], [5.0, 42.19, 19.65, 6.4, 32.25, 37.48, 11.4, 40.22, 30.07, 38.6, 10.82, 23.71, 32.02, 7.81, 17.49, 40.45, 35.0, 13.0, 23.41, 41.4, 0.0, 22.2, 26.09], [25.46, 23.35, 14.32, 24.7, 23.6, 33.94, 21.93, 18.03, 19.21, 30.61, 12.65, 10.63, 20.59, 30.0, 5.0, 23.09, 15.3, 13.93, 21.38, 19.21, 22.2, 0.0, 17.68], [30.99, 19.56, 6.52, 23.93, 6.67, 16.26, 32.69, 27.61, 36.83, 48.21, 16.51, 7.11, 6.04, 32.6, 19.04, 39.63, 15.7, 26.58, 37.34, 27.5, 26.09, 17.68, 0.0]]
[20, 20]
5
[[0.0, 468.0], [102.0, 236.0], [24.0, 155.0], [159.0, 240.0], [156.0, 267.0], [258.0, 354.0], [0.0, 74.0], [256.0, 308.0], [167.0, 242.0], [320.0, 431.0], [0.0, 118.0], [0.0, 149.0], [46.0, 129.0], [0.0, 46.0], [49.0, 133.0], [174.0, 271.0], [110.0, 202.0], [0.0, 138.0], [0.0, 98.0], [81.0, 165.0], [287.0, 396.0], [0.0, 468.0], [0.0, 468.0]]
[[43.0, 7.0], [2.0, 29.0], [19.0, 12.0], [34.0, 2.0], [6.0, 11.0], [1.0, 1.0], [45.0, 16.0], [15.0, 40.0], [40.0, 37.0], [49.0, 44.0], [29.0, 13.0], [17.0, 18.0], [7.0, 15.0], [43.0, 1.0], [29.0, 22.0], [32.0, 47.0], [10.0, 28.0], [38.0, 20.0], [46.0, 29.0], [13.0, 40.0], [38.0, 7.0], [25.0, 25.0], [12.5, 12.5]]
[[0.0, 0.0], [0.0, 0.0], [0.0, 0.0], [0.0, 0.0], [0.0, 0.0], [0.0, 0.0], [0.0, 0.0], [0.0, 0.0], [0.0, 0.0], [0.0, 0.0], [0.0, 0.0], [0.0, 0.0], [0.0, 0.0], [0.0, 0.0], [0.0, 0.0], [0.0, 0.0], [0.0, 0.0], [0.0, 0.0], [0.0, 0.0], [0.0, 0.0], [0.0, 0.0], [0.0, 0.0], [0.0, 0.0]]
^demand; service time^
!! n20w100.004    98.15 441
