20
[[0.0, 16.12, 31.83, 17.0, 27.73, 27.17, 31.0, 19.42, 30.46, 31.14, 30.41, 34.89, 23.32, 5.66, 19.21, 28.64, 40.8, 23.26, 26.4, 41.3, 17.49, 17.12, 32.87], [16.12, 0.0, 25.0, 24.84, 27.29, 34.67, 36.67, 24.19, 30.27, 44.65, 44.1, 45.97, 35.61, 13.42, 14.04, 39.6, 49.65, 34.71, 23.0, 44.38, 30.23, 23.6, 31.54], [31.83, 25.0, 0.0, 23.54, 11.4, 26.48, 24.7, 19.24, 12.53, 44.01, 44.0, 40.02, 35.06, 26.17, 12.81, 35.23, 38.91, 33.02, 7.07, 26.17, 32.76, 21.59, 11.34], [17.0, 24.84, 23.54, 0.0, 14.42, 10.44, 14.0, 4.47, 16.28, 21.84, 21.59, 21.26, 12.37, 13.6, 15.81, 15.0, 25.06, 10.77, 16.49, 24.52, 9.22, 2.0, 19.14], [27.73, 27.29, 11.4, 14.42, 0.0, 15.13, 13.42, 10.0, 3.0, 33.06, 33.14, 28.64, 24.52, 22.47, 13.34, 24.02, 27.78, 22.36, 5.66, 17.46, 23.26, 12.81, 5.15], [27.17, 34.67, 26.48, 10.44, 15.13, 0.0, 5.0, 10.63, 15.03, 18.44, 18.68, 13.6, 11.4, 24.04, 23.43, 9.06, 15.0, 9.22, 19.92, 16.12, 13.42, 11.18, 17.68], [31.0, 36.67, 24.7, 14.0, 13.42, 5.0, 0.0, 12.65, 12.37, 22.47, 22.85, 16.0, 16.28, 27.29, 24.21, 13.0, 14.42, 14.14, 18.87, 11.18, 18.36, 14.14, 14.58], [19.42, 24.19, 19.24, 4.47, 10.0, 10.63, 12.65, 0.0, 12.04, 25.32, 25.18, 23.32, 16.03, 15.0, 13.04, 17.46, 25.61, 14.14, 12.17, 22.02, 13.6, 2.83, 14.85], [30.46, 30.27, 12.53, 16.28, 3.0, 15.03, 12.37, 12.04, 0.0, 33.38, 33.54, 28.16, 25.3, 25.3, 16.28, 24.08, 26.4, 23.09, 8.06, 14.76, 24.7, 14.87, 2.92], [31.14, 44.65, 44.01, 21.84, 33.06, 18.44, 22.47, 25.32, 33.38, 0.0, 1.0, 9.43, 9.49, 31.4, 37.64, 9.49, 18.36, 11.18, 37.05, 31.62, 14.42, 23.77, 36.09], [30.41, 44.1, 44.0, 21.59, 33.14, 18.68, 22.85, 25.18, 33.54, 1.0, 0.0, 10.3, 9.22, 30.81, 37.36, 9.85, 19.24, 11.05, 37.01, 32.2, 13.89, 23.54, 36.28], [34.89, 45.97, 40.02, 21.26, 28.64, 13.6, 16.0, 23.32, 28.16, 9.43, 10.3, 0.0, 11.7, 33.6, 36.36, 6.4, 8.94, 11.66, 33.53, 23.26, 17.46, 22.8, 30.54], [23.32, 35.61, 35.06, 12.37, 24.52, 11.4, 16.28, 16.03, 25.3, 9.49, 9.22, 11.7, 0.0, 22.63, 28.16, 6.0, 19.0, 2.24, 28.02, 27.02, 5.83, 14.32, 28.15], [5.66, 13.42, 26.17, 13.6, 22.47, 24.04, 27.29, 15.0, 25.3, 31.4, 30.81, 33.6, 22.63, 0.0, 13.6, 27.2, 38.48, 22.02, 20.81, 37.01, 17.03, 13.15, 27.58], [19.21, 14.04, 12.81, 15.81, 13.34, 23.43, 24.21, 13.04, 16.28, 37.64, 37.36, 36.36, 28.16, 13.6, 0.0, 30.41, 38.18, 26.57, 9.06, 30.68, 24.19, 13.93, 17.51], [28.64, 39.6, 35.23, 15.0, 24.02, 9.06, 13.0, 17.46, 24.08, 9.49, 9.85, 6.4, 6.0, 27.2, 30.41, 0.0, 13.0, 5.39, 28.44, 22.67, 11.4, 16.64, 26.73], [40.8, 49.65, 38.91, 25.06, 27.78, 15.0, 14.42, 25.61, 26.4, 18.36, 19.24, 8.94, 19.0, 38.48, 38.18, 13.0, 0.0, 18.11, 33.29, 17.12, 24.19, 26.08, 28.15], [23.26, 34.71, 33.02, 10.77, 22.36, 9.22, 14.14, 14.14, 23.09, 11.18, 11.05, 11.66, 2.24, 22.02, 26.57, 5.39, 18.11, 0.0, 26.0, 25.0, 6.08, 12.65, 25.93], [26.4, 23.0, 7.07, 16.49, 5.66, 19.92, 18.87, 12.17, 8.06, 37.05, 37.01, 33.53, 28.02, 20.81, 9.06, 28.44, 33.29, 26.0, 0.0, 22.83, 25.71, 14.56, 8.63], [41.3, 44.38, 26.17, 24.52, 17.46, 16.12, 11.18, 22.02, 14.76, 31.62, 32.2, 23.26, 27.02, 37.01, 30.68, 22.67, 17.12, 25.0, 22.83, 0.0, 29.53, 24.19, 14.92], [17.49, 30.23, 32.76, 9.22, 23.26, 13.42, 18.36, 13.6, 24.7, 14.42, 13.89, 17.46, 5.83, 17.03, 24.19, 11.4, 24.19, 6.08, 25.71, 29.53, 0.0, 11.18, 27.61], [17.12, 23.6, 21.59, 2.0, 12.81, 11.18, 14.14, 2.83, 14.87, 23.77, 23.54, 22.8, 14.32, 13.15, 13.93, 16.64, 26.08, 12.65, 14.56, 24.19, 11.18, 0.0, 17.68], [32.87, 31.54, 11.34, 19.14, 5.15, 17.68, 14.58, 14.85, 2.92, 36.09, 36.28, 30.54, 28.15, 27.58, 17.51, 26.73, 28.15, 25.93, 8.63, 14.92, 27.61, 17.68, 0.0]]
[20, 20]
5
[[0.0, 318.0], [0.0, 24.0], [196.0, 226.0], [161.0, 186.0], [25.0, 53.0], [78.0, 98.0], [185.0, 206.0], [65.0, 89.0], [55.0, 76.0], [246.0, 272.0], [140.0, 162.0], [79.0, 98.0], [156.0, 181.0], [291.0, 312.0], [25.0, 31.0], [72.0, 106.0], [91.0, 114.0], [143.0, 156.0], [31.0, 56.0], [117.0, 128.0], [236.0, 254.0], [0.0, 318.0], [0.0, 318.0]]
[[42.0, 27.0], [44.0, 11.0], [20.0, 4.0], [25.0, 27.0], [17.0, 15.0], [15.0, 30.0], [11.0, 27.0], [23.0, 23.0], [14.0, 15.0], [19.0, 48.0], [20.0, 48.0], [11.0, 43.0], [22.0, 39.0], [38.0, 23.0], [30.0, 12.0], [16.0, 39.0], [3.0, 39.0], [21.0, 37.0], [21.0, 11.0], [1.0, 22.0], [27.0, 36.0], [25.0, 25.0], [12.5, 12.5]]
[[0.0, 0.0], [0.0, 0.0], [0.0, 0.0], [0.0, 0.0], [0.0, 0.0], [0.0, 0.0], [0.0, 0.0], [0.0, 0.0], [0.0, 0.0], [0.0, 0.0], [0.0, 0.0], [0.0, 0.0], [0.0, 0.0], [0.0, 0.0], [0.0, 0.0], [0.0, 0.0], [0.0, 0.0], [0.0, 0.0], [0.0, 0.0], [0.0, 0.0], [0.0, 0.0], [0.0, 0.0], [0.0, 0.0]]
^demand; service time^
!! n20w20.002    21.80 299
