20
[[0.0, 26.57, 22.0, 26.93, 35.38, 30.08, 29.02, 26.91, 17.89, 16.16, 9.22, 22.8, 18.11, 35.36, 10.63, 19.42, 20.62, 20.02, 8.25, 30.61, 10.3, 16.76, 17.85], [26.57, 0.0, 28.18, 16.03, 15.03, 23.6, 8.94, 27.46, 9.06, 39.2, 17.46, 23.02, 28.46, 26.68, 23.35, 9.22, 22.83, 26.4, 18.38, 16.16, 30.0, 9.85, 23.12], [22.0, 28.18, 0.0, 38.95, 26.08, 12.53, 35.81, 44.72, 21.26, 37.48, 21.93, 6.0, 4.47, 49.82, 30.08, 19.42, 5.39, 2.24, 21.54, 19.1, 13.93, 23.35, 5.7], [26.93, 16.03, 38.95, 0.0, 31.0, 38.08, 8.54, 12.53, 18.03, 32.98, 19.24, 35.23, 37.54, 11.18, 18.0, 20.59, 34.21, 36.8, 20.12, 31.78, 34.89, 15.62, 33.26], [35.38, 15.03, 26.08, 31.0, 0.0, 15.52, 23.19, 42.43, 18.87, 50.45, 27.8, 20.1, 28.64, 41.3, 35.85, 16.4, 21.38, 25.32, 28.43, 7.0, 34.44, 21.47, 23.42], [30.08, 23.6, 12.53, 38.08, 15.52, 0.0, 32.45, 46.87, 20.62, 46.24, 26.08, 7.81, 16.4, 49.24, 35.13, 17.72, 10.0, 12.81, 26.17, 8.94, 24.84, 23.54, 12.9], [29.02, 8.94, 35.81, 8.54, 23.19, 32.45, 0.0, 21.02, 14.76, 38.48, 20.02, 31.14, 35.36, 18.11, 22.47, 16.4, 30.61, 33.84, 21.02, 25.08, 34.93, 13.6, 30.37], [26.91, 27.46, 44.72, 12.53, 42.43, 46.87, 21.02, 0.0, 26.31, 26.17, 22.83, 42.38, 42.19, 11.05, 16.28, 29.27, 40.85, 42.49, 23.32, 42.01, 36.8, 23.35, 39.15], [17.89, 9.06, 21.26, 18.03, 18.87, 20.62, 14.76, 26.31, 0.0, 31.83, 9.22, 17.2, 20.59, 29.15, 17.0, 3.0, 16.28, 19.21, 10.0, 16.28, 21.02, 3.0, 15.7], [16.16, 39.2, 37.48, 32.98, 50.45, 46.24, 38.48, 26.17, 31.83, 0.0, 22.67, 38.9, 33.24, 37.05, 16.12, 34.06, 36.69, 35.69, 22.02, 46.32, 24.02, 29.73, 33.86], [9.22, 17.46, 21.93, 19.24, 27.8, 26.08, 20.02, 22.83, 9.22, 22.67, 0.0, 20.22, 19.42, 29.07, 9.06, 11.4, 18.44, 19.7, 1.0, 24.17, 15.65, 7.62, 16.45], [22.8, 23.02, 6.0, 35.23, 20.1, 7.81, 31.14, 42.38, 17.2, 38.9, 20.22, 0.0, 8.94, 46.32, 29.07, 14.87, 2.24, 5.39, 20.1, 13.15, 17.03, 19.72, 5.15], [18.11, 28.46, 4.47, 37.54, 28.64, 16.4, 35.36, 42.19, 20.59, 33.24, 19.42, 8.94, 0.0, 48.1, 26.93, 19.31, 7.28, 3.61, 18.87, 21.84, 9.49, 22.2, 5.52], [35.36, 26.68, 49.82, 11.18, 41.3, 49.24, 18.11, 11.05, 29.15, 37.05, 29.07, 46.32, 48.1, 0.0, 25.08, 31.76, 45.22, 47.63, 29.83, 42.72, 44.41, 26.63, 44.12], [10.63, 23.35, 30.08, 18.0, 35.85, 35.13, 22.47, 16.28, 17.0, 16.12, 9.06, 29.07, 26.93, 25.08, 0.0, 19.7, 27.17, 27.89, 9.0, 32.89, 20.62, 14.42, 24.91], [19.42, 9.22, 19.42, 20.59, 16.4, 17.72, 16.4, 29.27, 3.0, 34.06, 11.4, 14.87, 19.31, 31.76, 19.7, 0.0, 14.21, 17.49, 12.04, 13.34, 21.1, 6.0, 14.09], [20.62, 22.83, 5.39, 34.21, 21.38, 10.0, 30.61, 40.85, 16.28, 36.69, 18.44, 2.24, 7.28, 45.22, 27.17, 14.21, 0.0, 4.0, 18.25, 14.56, 14.87, 18.6, 2.92], [20.02, 26.4, 2.24, 36.8, 25.32, 12.81, 33.84, 42.49, 19.21, 35.69, 19.7, 5.39, 3.61, 47.63, 27.89, 17.49, 4.0, 0.0, 19.31, 18.44, 12.53, 21.21, 3.54], [8.25, 18.38, 21.54, 20.12, 28.43, 26.17, 21.02, 23.32, 10.0, 22.02, 1.0, 20.1, 18.87, 29.83, 9.0, 12.04, 18.25, 19.31, 0.0, 24.6, 14.76, 8.54, 16.14], [30.61, 16.16, 19.1, 31.78, 7.0, 8.94, 25.08, 42.01, 16.28, 46.32, 24.17, 13.15, 21.84, 42.72, 32.89, 13.34, 14.56, 18.44, 24.6, 0.0, 28.3, 19.24, 16.81], [10.3, 30.0, 13.93, 34.89, 34.44, 24.84, 34.93, 36.8, 21.02, 24.02, 15.65, 17.03, 9.49, 44.41, 20.62, 21.1, 14.87, 12.53, 14.76, 28.3, 0.0, 21.38, 12.02], [16.76, 9.85, 23.35, 15.62, 21.47, 23.54, 13.6, 23.35, 3.0, 29.73, 7.62, 19.72, 22.2, 26.63, 14.42, 6.0, 18.6, 21.21, 8.54, 19.24, 21.38, 0.0, 17.68], [17.85, 23.12, 5.7, 33.26, 23.42, 12.9, 30.37, 39.15, 15.7, 33.86, 16.45, 5.15, 5.52, 44.12, 24.91, 14.09, 2.92, 3.54, 16.14, 16.81, 12.02, 17.68, 0.0]]
[20, 20]
5
[[0.0, 346.0], [0.0, 62.0], [86.0, 206.0], [144.0, 260.0], [50.0, 202.0], [53.0, 109.0], [247.0, 317.0], [111.0, 246.0], [0.0, 113.0], [184.0, 302.0], [0.0, 62.0], [5.0, 172.0], [22.0, 160.0], [129.0, 241.0], [86.0, 171.0], [4.0, 85.0], [47.0, 95.0], [68.0, 138.0], [226.0, 279.0], [0.0, 148.0], [222.0, 295.0], [0.0, 346.0], [0.0, 346.0]]
[[9.0, 30.0], [34.0, 21.0], [9.0, 8.0], [35.0, 37.0], [35.0, 6.0], [20.0, 2.0], [38.0, 29.0], [29.0, 48.0], [25.0, 22.0], [3.0, 45.0], [18.0, 28.0], [15.0, 8.0], [7.0, 12.0], [40.0, 47.0], [17.0, 37.0], [25.0, 19.0], [14.0, 10.0], [10.0, 10.0], [17.0, 28.0], [28.0, 6.0], [4.0, 21.0], [25.0, 25.0], [12.5, 12.5]]
[[0.0, 0.0], [0.0, 0.0], [0.0, 0.0], [0.0, 0.0], [0.0, 0.0], [0.0, 0.0], [0.0, 0.0], [0.0, 0.0], [0.0, 0.0], [0.0, 0.0], [0.0, 0.0], [0.0, 0.0], [0.0, 0.0], [0.0, 0.0], [0.0, 0.0], [0.0, 0.0], [0.0, 0.0], [0.0, 0.0], [0.0, 0.0], [0.0, 0.0], [0.0, 0.0], [0.0, 0.0], [0.0, 0.0]]
^demand; service time^
!! n20w100.002    98.95 341
