40
[[0.0, 21.1, 20.59, 32.02, 41.87, 1.0, 41.11, 2.0, 30.08, 11.05, 31.11, 10.44, 13.04, 20.02, 34.01, 35.47, 15.13, 17.12, 45.79, 21.0, 9.0, 18.36, 19.31, 25.81, 18.97, 12.81, 40.31, 25.3, 15.3, 3.16, 30.08, 37.58, 8.06, 12.65, 39.62, 16.16, 8.54, 5.39, 24.17, 15.03, 24.41, 14.87, 7.65, 31.76, 15.88], [21.1, 0.0, 1.0, 17.2, 40.5, 20.59, 40.16, 22.83, 21.95, 13.89, 33.24, 31.3, 13.0, 35.36, 13.34, 15.13, 9.49, 32.25, 40.82, 36.72, 18.11, 10.3, 25.96, 26.17, 37.64, 20.62, 40.52, 6.71, 33.42, 19.21, 11.4, 16.76, 27.86, 16.16, 39.56, 12.65, 28.32, 26.42, 4.12, 17.46, 31.26, 16.49, 16.87, 29.74, 5.32], [20.59, 1.0, 0.0, 16.64, 39.56, 20.12, 39.22, 22.36, 21.1, 13.04, 32.25, 30.87, 12.08, 34.48, 13.6, 15.3, 8.54, 31.38, 39.96, 35.85, 18.03, 10.82, 26.25, 25.18, 36.88, 19.7, 39.56, 6.32, 32.65, 18.6, 11.18, 17.09, 27.51, 15.23, 38.6, 13.0, 27.66, 25.94, 4.0, 17.72, 30.27, 15.52, 16.69, 28.78, 4.72], [32.02, 17.2, 16.64, 0.0, 28.0, 32.0, 28.02, 34.01, 9.49, 21.1, 25.08, 42.19, 19.1, 37.44, 13.04, 12.04, 17.03, 34.99, 25.96, 38.83, 32.98, 27.46, 42.54, 19.42, 42.49, 23.77, 29.15, 10.63, 38.48, 29.07, 7.62, 15.13, 40.0, 20.62, 28.16, 29.53, 36.14, 37.12, 13.45, 34.01, 27.66, 18.97, 31.18, 19.3, 19.14], [41.87, 40.5, 39.56, 28.0, 0.0, 42.52, 1.0, 43.42, 19.24, 33.42, 11.18, 48.37, 32.2, 31.78, 41.01, 40.01, 33.62, 31.62, 7.62, 32.56, 48.17, 48.76, 59.55, 16.28, 39.05, 29.07, 3.16, 35.9, 37.0, 38.95, 35.13, 43.05, 48.83, 30.48, 3.0, 49.4, 39.82, 44.65, 38.33, 52.2, 19.31, 28.43, 46.05, 10.98, 38.91], [1.0, 20.59, 20.12, 32.0, 42.52, 0.0, 41.77, 2.24, 30.36, 11.18, 31.83, 10.77, 13.15, 21.02, 33.62, 35.11, 15.03, 18.11, 46.32, 22.0, 8.0, 17.49, 18.38, 26.4, 19.92, 13.45, 41.01, 25.0, 16.28, 3.61, 29.83, 37.16, 8.0, 13.0, 40.31, 15.23, 9.49, 5.83, 23.77, 14.04, 25.24, 15.23, 6.67, 32.32, 15.44], [41.11, 40.16, 39.22, 28.02, 1.0, 41.77, 0.0, 42.64, 19.1, 32.8, 10.3, 47.51, 31.62, 30.81, 41.0, 40.05, 33.12, 30.68, 8.54, 31.58, 47.51, 48.3, 58.9, 15.62, 38.08, 28.32, 2.24, 35.69, 36.06, 38.21, 35.06, 43.1, 48.01, 29.83, 2.0, 48.88, 38.95, 43.83, 38.08, 51.61, 18.38, 27.8, 45.39, 10.51, 38.46], [2.0, 22.83, 22.36, 34.01, 43.42, 2.24, 42.64, 0.0, 32.02, 13.04, 32.56, 8.54, 15.03, 20.22, 35.85, 37.34, 17.12, 17.46, 47.51, 21.1, 9.22, 19.42, 18.68, 27.46, 18.44, 14.42, 41.77, 27.2, 15.03, 5.1, 32.02, 39.4, 6.08, 14.56, 41.11, 17.0, 8.06, 3.61, 26.0, 15.3, 25.61, 16.76, 8.28, 33.44, 17.67], [30.08, 21.95, 21.1, 9.49, 19.24, 30.36, 19.1, 32.02, 0.0, 19.31, 15.65, 39.32, 17.46, 30.46, 22.09, 21.38, 17.2, 28.46, 18.87, 31.78, 33.62, 31.24, 44.41, 10.63, 36.4, 19.0, 20.0, 16.76, 32.76, 26.93, 16.0, 24.52, 38.08, 17.46, 19.0, 32.53, 32.0, 34.53, 19.31, 36.24, 19.21, 15.3, 31.57, 9.82, 21.57], [11.05, 13.89, 13.04, 21.1, 33.42, 11.18, 32.8, 13.04, 19.31, 0.0, 23.71, 21.1, 2.0, 21.47, 25.0, 26.08, 5.0, 18.36, 36.24, 22.83, 14.87, 17.12, 26.17, 17.2, 24.04, 7.07, 32.45, 15.81, 19.8, 8.0, 20.12, 28.6, 19.1, 3.16, 31.62, 16.76, 15.65, 16.03, 15.56, 18.87, 19.24, 5.0, 12.75, 22.64, 9.01], [31.11, 33.24, 32.25, 25.08, 11.18, 31.83, 10.3, 32.56, 15.65, 23.71, 0.0, 37.22, 22.85, 21.1, 37.11, 36.69, 25.0, 20.62, 17.12, 22.02, 38.01, 40.16, 49.41, 7.07, 28.28, 18.44, 9.22, 30.07, 25.96, 28.32, 30.81, 39.85, 37.8, 20.59, 8.6, 40.31, 28.65, 33.6, 32.0, 42.54, 8.25, 18.79, 35.92, 6.36, 30.57], [10.44, 31.3, 30.87, 42.19, 48.37, 10.77, 47.51, 8.54, 39.32, 21.1, 37.22, 0.0, 23.09, 20.25, 44.38, 45.88, 25.5, 18.44, 53.31, 20.59, 15.62, 26.87, 21.21, 33.24, 15.52, 20.62, 46.32, 35.74, 13.89, 13.15, 40.52, 47.93, 4.47, 22.02, 45.79, 24.08, 8.6, 5.1, 34.54, 21.1, 29.41, 24.08, 15.57, 39.27, 26.2], [13.04, 13.0, 12.08, 19.1, 32.2, 13.15, 31.62, 15.03, 17.46, 2.0, 22.85, 23.09, 0.0, 22.47, 23.43, 24.41, 3.61, 19.42, 34.71, 23.85, 16.4, 17.46, 27.59, 16.12, 25.5, 7.62, 31.38, 14.21, 21.26, 10.0, 18.36, 27.02, 21.1, 3.16, 30.53, 17.46, 17.46, 18.03, 14.21, 20.0, 19.03, 4.12, 14.3, 21.32, 8.56], [20.02, 35.36, 34.48, 37.44, 31.78, 21.02, 30.81, 20.22, 30.46, 21.47, 21.1, 20.25, 22.47, 0.0, 45.34, 45.97, 26.08, 3.16, 38.21, 1.41, 29.02, 36.88, 38.83, 20.62, 7.28, 15.0, 29.12, 36.24, 6.4, 19.1, 39.6, 48.84, 22.85, 19.42, 28.86, 35.36, 12.65, 18.97, 36.62, 35.0, 13.0, 19.85, 27.5, 25.62, 30.42], [34.01, 13.34, 13.6, 13.04, 41.01, 33.62, 41.0, 35.85, 22.09, 25.0, 37.11, 44.38, 23.43, 45.34, 0.0, 2.24, 20.0, 42.45, 38.83, 46.75, 31.4, 22.09, 38.21, 30.68, 48.92, 30.41, 42.05, 9.22, 44.69, 31.76, 6.32, 3.61, 41.11, 26.17, 41.05, 25.02, 40.5, 39.4, 9.85, 30.02, 38.01, 25.5, 30.21, 31.82, 18.2], [35.47, 15.13, 15.3, 12.04, 40.01, 35.11, 40.05, 37.34, 21.38, 26.08, 36.69, 45.88, 24.41, 45.97, 2.24, 0.0, 21.1, 43.14, 37.48, 47.38, 33.24, 24.19, 40.31, 30.46, 49.82, 31.14, 41.19, 10.3, 45.61, 33.11, 6.4, 3.16, 42.72, 27.02, 40.2, 27.07, 41.68, 40.85, 11.4, 32.06, 38.08, 26.17, 31.98, 31.18, 19.78], [15.13, 9.49, 8.54, 17.03, 33.62, 15.03, 33.12, 17.12, 17.2, 5.0, 25.0, 25.5, 3.61, 26.08, 20.0, 21.1, 0.0, 23.02, 35.38, 27.46, 16.55, 15.23, 27.2, 18.03, 29.0, 11.18, 33.11, 10.82, 24.76, 12.37, 15.23, 23.6, 23.02, 6.71, 32.2, 15.81, 20.59, 20.4, 10.63, 19.1, 22.02, 7.07, 14.58, 22.64, 5.59], [17.12, 32.25, 31.38, 34.99, 31.62, 18.11, 30.68, 17.46, 28.46, 18.36, 20.62, 18.44, 19.42, 3.16, 42.45, 43.14, 23.02, 0.0, 37.66, 4.47, 26.08, 33.73, 36.14, 19.1, 8.06, 12.04, 29.15, 33.3, 5.39, 16.03, 36.8, 45.97, 20.59, 16.4, 28.79, 32.25, 10.3, 16.55, 33.6, 32.02, 12.37, 16.97, 24.51, 24.51, 27.28], [45.79, 40.82, 39.96, 25.96, 7.62, 46.32, 8.54, 47.51, 18.87, 36.24, 17.12, 53.31, 34.71, 38.21, 38.83, 37.48, 35.38, 37.66, 0.0, 39.12, 51.09, 50.0, 62.29, 20.12, 45.4, 33.12, 10.77, 35.34, 42.95, 42.72, 33.53, 40.31, 53.24, 33.6, 10.44, 51.09, 44.94, 49.19, 38.01, 54.45, 25.32, 31.4, 48.97, 14.09, 40.22], [21.0, 36.72, 35.85, 38.83, 32.56, 22.0, 31.58, 21.1, 31.78, 22.83, 22.02, 20.59, 23.85, 1.41, 46.75, 47.38, 27.46, 4.47, 39.12, 0.0, 30.0, 38.08, 39.62, 21.84, 6.71, 16.4, 29.83, 37.64, 6.71, 20.22, 41.01, 50.25, 23.41, 20.81, 29.61, 36.5, 13.34, 19.65, 38.01, 36.01, 14.04, 21.26, 28.54, 26.73, 31.75], [9.0, 18.11, 18.03, 32.98, 48.17, 8.0, 47.51, 9.22, 33.62, 14.87, 38.01, 15.62, 16.4, 29.02, 31.4, 33.24, 16.55, 26.08, 51.09, 30.0, 0.0, 11.4, 11.4, 31.89, 27.66, 19.72, 47.01, 24.02, 24.19, 10.44, 29.02, 34.71, 11.31, 17.69, 46.23, 8.49, 17.26, 12.08, 22.02, 6.08, 32.2, 19.8, 2.12, 37.48, 14.08], [18.36, 10.3, 10.82, 27.46, 48.76, 17.49, 48.3, 19.42, 31.24, 17.12, 40.16, 26.87, 17.46, 36.88, 22.09, 24.19, 15.23, 33.73, 50.0, 38.08, 11.4, 0.0, 16.12, 33.24, 37.16, 24.02, 48.33, 17.0, 33.24, 18.03, 21.54, 25.0, 22.67, 20.22, 47.42, 3.16, 26.83, 22.8, 14.32, 8.06, 36.35, 21.59, 11.34, 37.8, 9.86], [19.31, 25.96, 26.25, 42.54, 59.55, 18.38, 58.9, 18.68, 44.41, 26.17, 49.41, 21.21, 27.59, 38.83, 38.21, 40.31, 27.2, 36.14, 62.29, 39.62, 11.4, 16.12, 0.0, 43.28, 36.01, 31.06, 58.41, 32.57, 33.24, 21.47, 37.36, 41.05, 17.03, 29.07, 57.63, 13.34, 26.31, 20.1, 30.08, 8.54, 43.42, 31.14, 13.51, 48.81, 23.48], [25.81, 26.17, 25.18, 19.42, 16.28, 26.4, 15.62, 27.46, 10.63, 17.2, 7.07, 33.24, 16.12, 20.62, 30.68, 30.46, 18.03, 19.1, 20.12, 21.84, 31.89, 33.24, 43.28, 0.0, 27.17, 13.04, 15.26, 23.19, 24.0, 22.8, 24.35, 33.62, 33.12, 14.21, 14.42, 33.54, 25.0, 29.07, 25.02, 36.06, 8.6, 12.21, 29.77, 6.04, 23.56], [18.97, 37.64, 36.88, 42.49, 39.05, 19.92, 38.08, 18.44, 36.4, 24.04, 28.28, 15.52, 25.5, 7.28, 48.92, 49.82, 29.0, 8.06, 45.4, 6.71, 27.66, 37.16, 36.01, 27.17, 0.0, 18.87, 36.4, 39.7, 4.24, 19.24, 43.6, 52.5, 19.1, 22.8, 36.14, 35.11, 10.44, 16.03, 39.6, 33.73, 20.1, 23.85, 26.58, 32.5, 32.41], [12.81, 20.62, 19.7, 23.77, 29.07, 13.45, 28.32, 14.42, 19.0, 7.07, 18.44, 20.62, 7.62, 15.0, 30.41, 31.14, 11.18, 12.04, 33.12, 16.4, 19.72, 24.02, 31.06, 13.04, 18.87, 0.0, 27.59, 21.26, 14.76, 9.9, 24.84, 33.94, 20.12, 4.47, 26.87, 23.35, 13.0, 16.16, 21.63, 24.7, 12.65, 5.0, 17.68, 19.04, 16.01], [40.31, 40.52, 39.56, 29.15, 3.16, 41.01, 2.24, 41.77, 20.0, 32.45, 9.22, 46.32, 31.38, 29.12, 42.05, 41.19, 33.11, 29.15, 10.77, 29.83, 47.01, 48.33, 58.41, 15.26, 36.4, 27.59, 0.0, 36.35, 34.54, 37.48, 36.0, 44.28, 47.01, 29.41, 1.0, 48.76, 37.74, 42.8, 38.64, 51.31, 17.0, 27.46, 44.91, 10.79, 38.54], [25.3, 6.71, 6.32, 10.63, 35.9, 25.0, 35.69, 27.2, 16.76, 15.81, 30.07, 35.74, 14.21, 36.24, 9.22, 10.3, 10.82, 33.3, 35.34, 37.64, 24.02, 17.0, 32.57, 23.19, 39.7, 21.26, 36.35, 0.0, 35.47, 22.85, 5.0, 12.81, 32.76, 16.97, 35.36, 19.31, 31.38, 30.68, 2.83, 24.04, 29.73, 16.4, 22.51, 25.62, 10.01], [15.3, 33.42, 32.65, 38.48, 37.0, 16.28, 36.06, 15.03, 32.76, 19.8, 25.96, 13.89, 21.26, 6.4, 44.69, 45.61, 24.76, 5.39, 42.95, 6.71, 24.19, 33.24, 33.24, 24.0, 4.24, 14.76, 34.54, 35.47, 0.0, 15.23, 39.41, 48.27, 16.76, 18.6, 34.18, 31.32, 7.0, 13.15, 35.36, 30.27, 17.72, 19.72, 22.95, 29.61, 28.2], [3.16, 19.21, 18.6, 29.07, 38.95, 3.61, 38.21, 5.1, 26.93, 8.0, 28.32, 13.15, 10.0, 19.1, 31.76, 33.11, 12.37, 16.03, 42.72, 20.22, 10.44, 18.03, 21.47, 22.8, 19.24, 9.9, 37.48, 22.85, 15.23, 0.0, 27.51, 35.36, 11.18, 9.49, 36.77, 16.28, 9.22, 8.06, 21.95, 16.12, 21.95, 11.7, 8.63, 28.71, 13.9], [30.08, 11.4, 11.18, 7.62, 35.13, 29.83, 35.06, 32.02, 16.0, 20.12, 30.81, 40.52, 18.36, 39.6, 6.32, 6.4, 15.23, 36.8, 33.53, 41.01, 29.02, 21.54, 37.36, 24.35, 43.6, 24.84, 36.0, 5.0, 39.41, 27.51, 0.0, 9.43, 37.66, 20.81, 35.0, 24.04, 35.78, 35.44, 7.28, 28.86, 31.76, 19.85, 27.5, 25.62, 15.01], [37.58, 16.76, 17.09, 15.13, 43.05, 37.16, 43.1, 39.4, 24.52, 28.6, 39.85, 47.93, 27.02, 48.84, 3.61, 3.16, 23.6, 45.97, 40.31, 50.25, 34.71, 25.0, 41.05, 33.62, 52.5, 33.94, 44.28, 12.81, 48.27, 35.36, 9.43, 0.0, 44.6, 29.73, 43.29, 28.02, 44.1, 42.95, 13.42, 33.02, 41.18, 29.0, 33.59, 34.33, 21.73], [8.06, 27.86, 27.51, 40.0, 48.83, 8.0, 48.01, 6.08, 38.08, 19.1, 37.8, 4.47, 21.1, 22.85, 41.11, 42.72, 23.02, 20.59, 53.24, 23.41, 11.31, 22.67, 17.03, 33.12, 19.1, 20.12, 47.01, 32.76, 16.76, 11.18, 37.66, 44.6, 0.0, 20.62, 46.4, 19.8, 10.3, 4.24, 31.32, 16.64, 30.41, 22.8, 11.51, 39.15, 22.94], [12.65, 16.16, 15.23, 20.62, 30.48, 13.0, 29.83, 14.56, 17.46, 3.16, 20.59, 22.02, 3.16, 19.42, 26.17, 27.02, 6.71, 16.4, 33.6, 20.81, 17.69, 20.22, 29.07, 14.21, 22.8, 4.47, 29.41, 16.97, 18.6, 9.49, 20.81, 29.73, 20.62, 0.0, 28.6, 19.92, 15.52, 17.12, 17.2, 21.95, 16.12, 2.24, 15.57, 19.81, 11.67], [39.62, 39.56, 38.6, 28.16, 3.0, 40.31, 2.0, 41.11, 19.0, 31.62, 8.6, 45.79, 30.53, 28.86, 41.05, 40.2, 32.2, 28.79, 10.44, 29.61, 46.23, 47.42, 57.63, 14.42, 36.14, 26.87, 1.0, 35.36, 34.18, 36.77, 35.0, 43.29, 46.4, 28.6, 0.0, 47.89, 37.22, 42.2, 37.66, 50.48, 16.55, 26.63, 44.12, 9.82, 37.62], [16.16, 12.65, 13.0, 29.53, 49.4, 15.23, 48.88, 17.0, 32.53, 16.76, 40.31, 24.08, 17.46, 35.36, 25.02, 27.07, 15.81, 32.25, 51.09, 36.5, 8.49, 3.16, 13.34, 33.54, 35.11, 23.35, 48.76, 19.31, 31.32, 16.28, 24.04, 28.02, 19.8, 19.92, 47.89, 0.0, 24.7, 20.25, 16.76, 5.0, 35.9, 21.54, 8.75, 38.43, 10.97], [8.54, 28.32, 27.66, 36.14, 39.82, 9.49, 38.95, 8.06, 32.0, 15.65, 28.65, 8.6, 17.46, 12.65, 40.5, 41.68, 20.59, 10.3, 44.94, 13.34, 17.26, 26.83, 26.31, 25.0, 10.44, 13.0, 37.74, 31.38, 7.0, 9.22, 35.78, 44.1, 10.3, 15.52, 37.22, 24.7, 0.0, 6.32, 30.81, 23.35, 20.81, 17.26, 16.14, 30.99, 23.01], [5.39, 26.42, 25.94, 37.12, 44.65, 5.83, 43.83, 3.61, 34.53, 16.03, 33.6, 5.1, 18.03, 18.97, 39.4, 40.85, 20.4, 16.55, 49.19, 19.65, 12.08, 22.8, 20.1, 29.07, 16.03, 16.16, 42.8, 30.68, 13.15, 8.06, 35.44, 42.95, 4.24, 17.12, 42.2, 20.25, 6.32, 0.0, 29.55, 18.03, 26.17, 19.24, 11.51, 35.11, 21.24], [24.17, 4.12, 4.0, 13.45, 38.33, 23.77, 38.08, 26.0, 19.31, 15.56, 32.0, 34.54, 14.21, 36.62, 9.85, 11.4, 10.63, 33.6, 38.01, 38.01, 22.02, 14.32, 30.08, 25.02, 39.6, 21.63, 38.64, 2.83, 35.36, 21.95, 7.28, 13.42, 31.32, 17.2, 37.66, 16.76, 30.81, 29.55, 0.0, 21.59, 31.05, 17.0, 20.65, 27.87, 8.38], [15.03, 17.46, 17.72, 34.01, 52.2, 14.04, 51.61, 15.3, 36.24, 18.87, 42.54, 21.1, 20.0, 35.0, 30.02, 32.06, 19.1, 32.02, 54.45, 36.01, 6.08, 8.06, 8.54, 36.06, 33.73, 24.7, 51.31, 24.04, 30.27, 16.12, 28.86, 33.02, 16.64, 21.95, 50.48, 5.0, 23.35, 18.03, 21.59, 0.0, 37.34, 23.85, 7.52, 41.31, 15.01], [24.41, 31.26, 30.27, 27.66, 19.31, 25.24, 18.38, 25.61, 19.21, 19.24, 8.25, 29.41, 19.03, 13.0, 38.01, 38.08, 22.02, 12.37, 25.32, 14.04, 32.2, 36.35, 43.42, 8.6, 20.1, 12.65, 17.0, 29.73, 17.72, 21.95, 31.76, 41.18, 30.41, 16.12, 16.55, 35.9, 20.81, 26.17, 31.05, 37.34, 0.0, 15.0, 30.21, 12.75, 27.5], [14.87, 16.49, 15.52, 18.97, 28.43, 15.23, 27.8, 16.76, 15.3, 5.0, 18.79, 24.08, 4.12, 19.85, 25.5, 26.17, 7.07, 16.97, 31.4, 21.26, 19.8, 21.59, 31.14, 12.21, 23.85, 5.0, 27.46, 16.4, 19.72, 11.7, 19.85, 29.0, 22.8, 2.24, 26.63, 21.54, 17.26, 19.24, 17.0, 23.85, 15.0, 0.0, 17.68, 17.68, 12.5], [7.65, 16.87, 16.69, 31.18, 46.05, 6.67, 45.39, 8.28, 31.57, 12.75, 35.92, 15.57, 14.3, 27.5, 30.21, 31.98, 14.58, 24.51, 48.97, 28.54, 2.12, 11.34, 13.51, 29.77, 26.58, 17.68, 44.91, 22.51, 22.95, 8.63, 27.5, 33.59, 11.51, 15.57, 44.12, 8.75, 16.14, 11.51, 20.65, 7.52, 30.21, 17.68, 0.0, 35.36, 12.5], [31.76, 29.74, 28.78, 19.3, 10.98, 32.32, 10.51, 33.44, 9.82, 22.64, 6.36, 39.27, 21.32, 25.62, 31.82, 31.18, 22.64, 24.51, 14.09, 26.73, 37.48, 37.8, 48.81, 6.04, 32.5, 19.04, 10.79, 25.62, 29.61, 28.71, 25.62, 34.33, 39.15, 19.81, 9.82, 38.43, 30.99, 35.11, 27.87, 41.31, 12.75, 17.68, 35.36, 0.0, 27.95], [15.88, 5.32, 4.72, 19.14, 38.91, 15.44, 38.46, 17.67, 21.57, 9.01, 30.57, 26.2, 8.56, 30.42, 18.2, 19.78, 5.59, 27.28, 40.22, 31.75, 14.08, 9.86, 23.48, 23.56, 32.41, 16.01, 38.54, 10.01, 28.2, 13.9, 15.01, 21.73, 22.94, 11.67, 37.62, 10.97, 23.01, 21.24, 8.38, 15.01, 27.5, 12.5, 12.5, 27.95, 0.0]]
[20, 20, 20, 20]
5
[[0.0, 455.0], [139.0, 155.0], [157.0, 164.0], [193.0, 217.0], [398.0, 413.0], [17.0, 43.0], [298.0, 324.0], [0.0, 4.0], [343.0, 345.0], [351.0, 378.0], [295.0, 321.0], [0.0, 13.0], [117.0, 141.0], [270.0, 281.0], [176.0, 196.0], [212.0, 236.0], [129.0, 161.0], [86.0, 117.0], [307.0, 343.0], [91.0, 104.0], [23.0, 47.0], [237.0, 255.0], [39.0, 68.0], [408.0, 428.0], [89.0, 109.0], [125.0, 141.0], [304.0, 319.0], [184.0, 213.0], [87.0, 105.0], [258.0, 278.0], [171.0, 185.0], [172.0, 200.0], [57.0, 78.0], [125.0, 148.0], [295.0, 315.0], [29.0, 56.0], [9.0, 39.0], [0.0, 10.0], [154.0, 161.0], [49.0, 68.0], [382.0, 393.0], [0.0, 455.0], [0.0, 455.0], [0.0, 455.0], [0.0, 455.0]]
[[20.0, 11.0], [9.0, 29.0], [10.0, 29.0], [19.0, 43.0], [47.0, 43.0], [19.0, 11.0], [47.0, 42.0], [20.0, 9.0], [28.0, 40.0], [21.0, 22.0], [42.0, 33.0], [23.0, 1.0], [21.0, 24.0], [40.0, 12.0], [6.0, 42.0], [7.0, 44.0], [18.0, 26.0], [37.0, 13.0], [44.0, 50.0], [41.0, 11.0], [11.0, 11.0], [4.0, 20.0], [2.0, 4.0], [35.0, 32.0], [38.0, 5.0], [28.0, 21.0], [48.0, 40.0], [12.0, 35.0], [35.0, 8.0], [21.0, 14.0], [12.0, 40.0], [4.0, 45.0], [19.0, 3.0], [24.0, 23.0], [47.0, 40.0], [5.0, 17.0], [28.0, 8.0], [22.0, 6.0], [10.0, 33.0], [5.0, 12.0], [40.0, 25.0], [25.0, 25.0], [12.5, 12.5], [37.5, 37.5], [12.5, 25.0]]
[[0.0, 0.0], [0.0, 0.0], [0.0, 0.0], [0.0, 0.0], [0.0, 0.0], [0.0, 0.0], [0.0, 0.0], [0.0, 0.0], [0.0, 0.0], [0.0, 0.0], [0.0, 0.0], [0.0, 0.0], [0.0, 0.0], [0.0, 0.0], [0.0, 0.0], [0.0, 0.0], [0.0, 0.0], [0.0, 0.0], [0.0, 0.0], [0.0, 0.0], [0.0, 0.0], [0.0, 0.0], [0.0, 0.0], [0.0, 0.0], [0.0, 0.0], [0.0, 0.0], [0.0, 0.0], [0.0, 0.0], [0.0, 0.0], [0.0, 0.0], [0.0, 0.0], [0.0, 0.0], [0.0, 0.0], [0.0, 0.0], [0.0, 0.0], [0.0, 0.0], [0.0, 0.0], [0.0, 0.0], [0.0, 0.0], [0.0, 0.0], [0.0, 0.0], [0.0, 0.0], [0.0, 0.0], [0.0, 0.0], [0.0, 0.0]]
^demand; service time^
!! n40w20.004    19.90 443
