40
[[0.0, 11.7, 16.64, 26.02, 24.35, 26.57, 21.02, 18.03, 24.84, 12.37, 33.97, 24.7, 8.06, 13.42, 25.3, 22.02, 29.07, 14.32, 25.5, 11.7, 17.26, 14.14, 9.06, 24.08, 16.16, 22.47, 26.48, 21.93, 10.77, 10.2, 27.2, 35.61, 17.0, 16.12, 23.71, 17.89, 5.66, 25.24, 22.2, 31.11, 24.19, 3.61, 21.22, 14.16, 15.63], [11.7, 0.0, 10.2, 25.06, 34.23, 21.1, 11.18, 11.66, 32.31, 21.26, 24.19, 34.37, 8.94, 9.43, 27.59, 27.86, 22.09, 12.81, 37.16, 21.21, 22.47, 16.4, 13.0, 21.93, 12.08, 27.46, 22.8, 28.64, 15.65, 19.1, 26.48, 40.8, 26.87, 12.37, 25.0, 12.37, 17.0, 17.26, 14.14, 28.23, 18.87, 13.04, 27.97, 13.51, 17.36], [16.64, 10.2, 0.0, 15.62, 32.56, 11.0, 19.21, 21.54, 28.07, 28.64, 17.8, 32.39, 18.11, 3.61, 19.72, 36.88, 12.65, 6.0, 40.61, 28.18, 31.58, 11.0, 11.18, 12.21, 3.16, 21.59, 12.65, 24.08, 24.52, 26.4, 36.67, 34.01, 33.62, 22.56, 35.06, 2.24, 22.2, 8.6, 5.66, 38.28, 28.64, 15.56, 23.55, 23.55, 11.1], [26.02, 25.06, 15.62, 0.0, 28.43, 10.05, 34.83, 36.72, 20.59, 38.05, 24.02, 27.8, 31.05, 15.65, 7.28, 48.04, 14.0, 12.65, 43.05, 37.12, 43.19, 12.04, 17.0, 3.61, 13.04, 13.04, 6.0, 17.2, 36.35, 36.01, 50.92, 21.1, 41.59, 37.16, 48.51, 13.45, 30.15, 15.81, 16.12, 53.23, 43.91, 23.02, 17.1, 37.32, 10.55], [24.35, 34.23, 32.56, 28.43, 0.0, 36.24, 44.91, 42.38, 8.94, 28.28, 49.04, 1.0, 32.31, 29.27, 21.93, 38.42, 40.25, 26.68, 19.0, 26.87, 36.07, 21.84, 22.02, 29.68, 29.83, 15.56, 33.29, 11.31, 32.45, 27.66, 49.2, 20.02, 27.46, 40.31, 44.69, 32.02, 22.47, 39.22, 37.36, 54.08, 48.33, 21.59, 11.34, 37.8, 22.3], [26.57, 21.1, 11.0, 10.05, 36.24, 0.0, 28.64, 32.02, 29.41, 38.9, 14.0, 35.78, 29.07, 13.34, 17.03, 47.68, 4.12, 12.53, 48.17, 38.28, 42.43, 15.56, 18.87, 7.07, 10.44, 21.84, 4.12, 25.63, 35.36, 36.69, 47.52, 31.14, 43.46, 33.38, 46.04, 9.06, 31.78, 6.4, 8.06, 48.76, 38.9, 24.6, 25.35, 34.53, 14.53], [21.02, 11.18, 19.21, 34.83, 44.91, 28.64, 0.0, 6.4, 43.46, 26.4, 26.08, 45.12, 14.32, 19.85, 38.29, 29.0, 28.16, 23.43, 45.12, 26.93, 24.08, 27.46, 24.17, 31.4, 21.93, 38.59, 31.38, 39.81, 19.24, 24.7, 21.59, 51.87, 32.2, 9.9, 22.36, 21.4, 25.18, 23.09, 20.62, 21.02, 11.0, 23.35, 39.15, 13.51, 28.31], [18.03, 11.66, 21.54, 36.72, 42.38, 32.02, 6.4, 0.0, 42.19, 20.88, 31.58, 42.72, 10.2, 21.1, 39.05, 22.63, 32.25, 24.41, 40.31, 21.59, 17.8, 27.59, 23.43, 33.54, 23.71, 38.29, 34.18, 38.83, 13.6, 19.42, 16.03, 51.74, 26.57, 3.61, 16.16, 23.77, 21.1, 27.17, 24.33, 16.76, 7.21, 21.02, 38.14, 7.38, 28.69], [24.84, 32.31, 28.07, 20.59, 8.94, 29.41, 43.46, 42.19, 0.0, 32.25, 42.95, 8.06, 32.8, 25.32, 13.6, 42.94, 33.53, 22.09, 27.29, 30.89, 39.66, 17.12, 19.31, 22.47, 25.02, 7.62, 26.0, 4.0, 34.71, 31.06, 51.66, 12.37, 32.89, 40.8, 47.63, 27.0, 25.0, 33.38, 32.06, 55.9, 48.83, 21.4, 4.53, 38.99, 17.01], [12.37, 21.26, 28.64, 38.05, 28.28, 38.9, 26.4, 20.88, 32.25, 0.0, 45.22, 29.0, 12.81, 25.63, 36.35, 10.77, 41.23, 26.68, 20.02, 1.41, 7.81, 26.02, 21.1, 36.35, 28.46, 32.28, 38.83, 30.46, 7.28, 2.24, 21.47, 44.28, 5.83, 17.46, 16.64, 30.08, 8.06, 37.12, 34.0, 26.93, 24.0, 15.03, 29.81, 13.73, 27.52], [33.97, 24.19, 17.8, 24.02, 49.04, 14.0, 26.08, 31.58, 42.95, 45.22, 0.0, 48.7, 33.12, 21.4, 31.02, 51.89, 10.05, 22.83, 58.41, 45.0, 46.52, 27.31, 28.84, 21.02, 19.72, 35.51, 18.03, 39.05, 39.82, 43.01, 47.52, 45.1, 50.61, 34.21, 47.54, 17.49, 39.62, 9.85, 12.21, 47.01, 37.05, 33.3, 38.68, 36.69, 26.74], [24.7, 34.37, 32.39, 27.8, 1.0, 35.78, 45.12, 42.72, 8.06, 29.0, 48.7, 0.0, 32.7, 29.15, 21.21, 39.2, 39.81, 26.48, 20.0, 27.59, 36.77, 21.59, 22.0, 29.15, 29.61, 14.87, 32.76, 10.63, 33.02, 28.32, 49.82, 19.03, 28.3, 40.72, 45.34, 31.78, 23.02, 38.9, 37.11, 54.64, 48.75, 21.84, 10.7, 38.27, 21.98], [8.06, 8.94, 18.11, 31.05, 32.31, 29.07, 14.32, 10.2, 32.8, 12.81, 33.12, 32.7, 0.0, 16.03, 31.76, 18.97, 30.59, 18.44, 30.81, 13.04, 13.6, 20.12, 15.26, 28.44, 19.03, 29.83, 30.07, 29.73, 6.71, 10.82, 20.12, 43.19, 18.6, 8.06, 17.46, 20.02, 11.0, 25.96, 22.8, 23.43, 16.12, 11.4, 29.03, 6.52, 21.48], [13.42, 9.43, 3.61, 15.65, 29.27, 13.34, 19.85, 21.1, 25.32, 25.63, 21.4, 29.15, 16.03, 0.0, 18.44, 34.37, 15.65, 3.61, 37.01, 25.08, 29.15, 8.25, 7.62, 12.65, 3.0, 19.31, 14.04, 21.38, 22.09, 23.41, 35.44, 32.25, 30.41, 21.54, 33.38, 4.47, 18.87, 12.04, 9.22, 37.58, 28.3, 12.04, 20.8, 21.97, 8.73], [25.3, 27.59, 19.72, 7.28, 21.93, 17.03, 38.29, 39.05, 13.6, 36.35, 31.02, 21.21, 31.76, 18.44, 0.0, 46.87, 21.1, 14.87, 38.08, 35.23, 42.45, 11.66, 16.55, 10.0, 16.64, 6.4, 13.15, 10.63, 36.06, 34.53, 51.88, 14.56, 39.0, 38.83, 48.85, 17.89, 28.28, 22.2, 21.84, 54.92, 46.23, 21.84, 10.7, 38.27, 10.4], [22.02, 27.86, 36.88, 48.04, 38.42, 47.68, 29.0, 22.63, 42.94, 10.77, 51.89, 39.2, 18.97, 34.37, 46.87, 0.0, 49.48, 36.06, 26.4, 12.08, 5.39, 36.12, 31.06, 46.01, 37.34, 43.01, 48.17, 41.23, 12.37, 12.37, 15.0, 55.04, 11.4, 19.1, 10.05, 38.64, 18.68, 44.92, 41.76, 21.0, 22.36, 25.18, 40.58, 15.7, 37.62], [29.07, 22.09, 12.65, 14.0, 40.25, 4.12, 28.16, 32.25, 33.53, 41.23, 10.05, 39.81, 30.59, 15.65, 21.1, 49.48, 0.0, 15.62, 51.62, 40.72, 44.15, 19.21, 22.02, 11.18, 13.04, 25.96, 8.0, 29.73, 37.11, 39.0, 48.09, 35.06, 46.07, 34.01, 47.04, 11.18, 34.48, 5.1, 8.0, 48.84, 38.83, 27.46, 29.44, 35.59, 18.31], [14.32, 12.81, 6.0, 12.65, 26.68, 12.53, 23.43, 24.41, 22.09, 26.68, 22.83, 26.48, 18.44, 3.61, 14.87, 36.06, 15.62, 0.0, 36.07, 25.96, 31.0, 5.0, 6.4, 10.05, 3.16, 15.81, 12.17, 18.11, 24.02, 24.52, 38.28, 28.65, 31.02, 24.6, 35.9, 5.39, 19.31, 13.04, 10.77, 40.71, 31.62, 12.08, 17.56, 24.67, 5.22], [25.5, 37.16, 40.61, 43.05, 19.0, 48.17, 45.12, 40.31, 27.29, 20.02, 58.41, 20.0, 30.81, 37.01, 38.08, 26.4, 51.62, 36.07, 0.0, 19.0, 26.68, 32.65, 29.73, 43.01, 38.95, 31.95, 46.4, 28.16, 27.02, 21.02, 40.52, 39.01, 15.52, 37.12, 35.44, 41.11, 20.25, 48.92, 46.23, 46.32, 44.01, 25.24, 27.83, 33.53, 33.81], [11.7, 21.21, 28.18, 37.12, 26.87, 38.28, 26.93, 21.59, 30.89, 1.41, 45.0, 27.59, 13.04, 25.08, 35.23, 12.08, 40.72, 25.96, 19.0, 0.0, 9.22, 25.08, 20.22, 35.51, 27.86, 31.05, 38.08, 29.15, 8.06, 2.24, 22.83, 42.95, 5.66, 18.25, 18.03, 29.55, 7.0, 36.72, 33.62, 28.23, 25.02, 14.14, 28.5, 14.58, 26.58], [17.26, 22.47, 31.58, 43.19, 36.07, 42.43, 24.08, 17.8, 39.66, 7.81, 46.52, 36.77, 13.6, 29.15, 42.45, 5.39, 44.15, 31.0, 26.68, 9.22, 0.0, 31.4, 26.31, 41.01, 32.14, 39.0, 43.05, 37.59, 7.07, 8.6, 13.93, 51.48, 11.18, 14.21, 8.94, 33.38, 14.76, 39.56, 36.4, 19.65, 18.68, 20.62, 36.91, 10.61, 32.88], [14.14, 16.4, 11.0, 12.04, 21.84, 15.56, 27.46, 27.59, 17.12, 26.02, 27.31, 21.59, 20.12, 8.25, 11.66, 36.12, 19.21, 5.0, 32.65, 25.08, 31.4, 0.0, 5.1, 10.77, 8.06, 11.18, 13.89, 13.15, 24.74, 24.0, 40.25, 24.41, 29.61, 27.2, 37.34, 10.2, 18.11, 17.46, 15.52, 43.27, 34.71, 11.0, 12.59, 26.62, 1.5], [9.06, 13.0, 11.18, 17.0, 22.02, 18.87, 24.17, 23.43, 19.31, 21.1, 28.84, 22.0, 15.26, 7.62, 16.55, 31.06, 22.02, 6.4, 29.73, 20.22, 26.31, 5.1, 0.0, 15.3, 9.22, 14.87, 18.03, 15.65, 19.65, 19.03, 35.36, 28.32, 25.0, 22.67, 32.31, 11.4, 13.34, 19.21, 16.64, 38.6, 30.41, 6.08, 14.98, 21.78, 6.58], [24.08, 21.93, 12.21, 3.61, 29.68, 7.07, 31.4, 33.54, 22.47, 36.35, 21.02, 29.15, 28.44, 12.65, 10.0, 46.01, 11.18, 10.05, 43.01, 35.51, 41.01, 10.77, 15.3, 0.0, 9.85, 14.87, 3.61, 18.79, 34.06, 34.23, 48.08, 24.33, 40.26, 34.18, 45.89, 10.0, 28.64, 12.37, 12.53, 50.16, 40.71, 21.38, 18.56, 34.56, 9.39], [16.16, 12.08, 3.16, 13.04, 29.83, 10.44, 21.93, 23.71, 25.02, 28.46, 19.72, 29.61, 19.03, 3.0, 16.64, 37.34, 13.04, 3.16, 38.95, 27.86, 32.14, 8.06, 9.22, 9.85, 0.0, 18.44, 11.05, 21.02, 25.08, 26.25, 38.33, 30.87, 33.11, 24.35, 36.35, 2.24, 21.47, 10.0, 7.62, 40.31, 30.89, 14.42, 20.51, 24.91, 8.02], [22.47, 27.46, 21.59, 13.04, 15.56, 21.84, 38.59, 38.29, 7.62, 32.28, 35.51, 14.87, 29.83, 19.31, 6.4, 43.01, 25.96, 15.81, 31.95, 31.05, 39.0, 11.18, 14.87, 14.87, 18.44, 0.0, 18.38, 4.24, 33.12, 30.68, 49.65, 13.45, 34.23, 37.48, 46.14, 20.22, 24.35, 26.08, 25.02, 53.26, 45.28, 18.87, 4.3, 36.31, 10.59], [26.48, 22.8, 12.65, 6.0, 33.29, 4.12, 31.38, 34.18, 26.0, 38.83, 18.03, 32.76, 30.07, 14.04, 13.15, 48.17, 8.0, 12.17, 46.4, 38.08, 43.05, 13.89, 18.03, 3.61, 11.05, 18.38, 0.0, 22.36, 36.01, 36.67, 49.24, 27.07, 43.01, 35.17, 47.38, 10.44, 31.32, 10.3, 11.31, 50.92, 41.23, 24.04, 22.15, 35.92, 12.62], [21.93, 28.64, 24.08, 17.2, 11.31, 25.63, 39.81, 38.83, 4.0, 30.46, 39.05, 10.63, 29.73, 21.38, 10.63, 41.23, 29.73, 18.11, 28.16, 29.15, 37.59, 13.15, 15.65, 18.79, 21.02, 4.24, 22.36, 0.0, 32.2, 29.07, 49.04, 13.89, 31.78, 37.64, 45.22, 23.0, 22.83, 29.43, 28.07, 53.04, 45.61, 18.38, 0.71, 36.06, 13.01], [10.77, 15.65, 24.52, 36.35, 32.45, 35.36, 19.24, 13.6, 34.71, 7.28, 39.82, 33.02, 6.71, 22.09, 36.06, 12.37, 37.11, 24.02, 27.02, 8.06, 7.07, 24.74, 19.65, 34.06, 25.08, 33.12, 36.01, 32.2, 0.0, 6.0, 16.97, 46.04, 13.0, 10.2, 13.04, 26.31, 10.0, 32.57, 29.41, 21.63, 17.12, 14.32, 31.5, 6.52, 26.2], [10.2, 19.1, 26.4, 36.01, 27.66, 36.69, 24.7, 19.42, 31.06, 2.24, 43.01, 28.32, 10.82, 23.41, 34.53, 12.37, 39.0, 24.52, 21.02, 2.24, 8.6, 24.0, 19.03, 34.23, 26.25, 30.68, 36.67, 29.07, 6.0, 0.0, 21.63, 42.94, 7.81, 16.12, 17.03, 27.86, 6.32, 34.89, 31.76, 26.83, 23.09, 13.0, 28.4, 12.51, 25.5], [27.2, 26.48, 36.67, 50.92, 49.2, 47.52, 21.59, 16.03, 51.66, 21.47, 47.52, 49.82, 20.12, 35.44, 51.88, 15.0, 48.09, 38.28, 40.52, 22.83, 13.93, 40.25, 35.36, 48.08, 38.33, 49.65, 49.24, 49.04, 16.97, 21.63, 0.0, 62.8, 25.0, 14.14, 5.1, 38.83, 26.91, 43.05, 40.11, 6.0, 11.18, 30.81, 48.34, 13.66, 41.6], [35.61, 40.8, 34.01, 21.1, 20.02, 31.14, 51.87, 51.74, 12.37, 44.28, 45.1, 19.03, 43.19, 32.25, 14.56, 55.04, 35.06, 28.65, 39.01, 42.95, 51.48, 24.41, 28.32, 24.33, 30.87, 13.45, 27.07, 13.89, 46.04, 42.94, 62.8, 0.0, 45.22, 50.91, 59.08, 32.31, 36.72, 36.67, 36.4, 66.6, 58.73, 32.02, 14.58, 49.62, 23.58], [17.0, 26.87, 33.62, 41.59, 27.46, 43.46, 32.2, 26.57, 32.89, 5.83, 50.61, 28.3, 18.6, 30.41, 39.0, 11.4, 46.07, 31.02, 15.52, 5.66, 11.18, 29.61, 25.0, 40.26, 33.11, 34.23, 43.01, 31.78, 13.0, 7.81, 25.0, 45.22, 0.0, 23.09, 19.92, 34.89, 11.7, 42.19, 39.12, 30.81, 29.15, 18.97, 31.18, 19.3, 31.08], [16.12, 12.37, 22.56, 37.16, 40.31, 33.38, 9.9, 3.61, 40.8, 17.46, 34.21, 40.72, 8.06, 21.54, 38.83, 19.1, 34.01, 24.6, 37.12, 18.25, 14.21, 27.2, 22.67, 34.18, 24.35, 37.48, 35.17, 37.64, 10.2, 16.12, 14.14, 50.91, 23.09, 0.0, 13.34, 24.74, 18.44, 29.0, 26.02, 16.12, 8.06, 19.42, 36.94, 3.81, 28.43], [23.71, 25.0, 35.06, 48.51, 44.69, 46.04, 22.36, 16.16, 47.63, 16.64, 47.54, 45.34, 17.46, 33.38, 48.85, 10.05, 47.04, 35.9, 35.44, 18.03, 8.94, 37.34, 32.31, 45.89, 36.35, 46.14, 47.38, 45.22, 13.04, 17.03, 5.1, 59.08, 19.92, 13.34, 0.0, 37.12, 22.67, 42.11, 39.05, 11.05, 13.45, 27.29, 44.53, 11.51, 38.75], [17.89, 12.37, 2.24, 13.45, 32.02, 9.06, 21.4, 23.77, 27.0, 30.08, 17.49, 31.78, 20.02, 4.47, 17.89, 38.64, 11.18, 5.39, 41.11, 29.55, 33.38, 10.2, 11.4, 10.0, 2.24, 20.22, 10.44, 23.0, 26.31, 27.86, 38.83, 32.31, 34.89, 24.74, 37.12, 0.0, 23.32, 7.81, 5.39, 40.5, 30.87, 16.4, 22.51, 25.62, 10.01], [5.66, 17.0, 22.2, 30.15, 22.47, 31.78, 25.18, 21.1, 25.0, 8.06, 39.62, 23.02, 11.0, 18.87, 28.28, 18.68, 34.48, 19.31, 20.25, 7.0, 14.76, 18.11, 13.34, 28.64, 21.47, 24.35, 31.32, 22.83, 10.0, 6.32, 26.91, 36.72, 11.7, 18.44, 22.67, 23.32, 0.0, 30.81, 27.8, 31.62, 26.25, 7.28, 22.15, 15.51, 19.6], [25.24, 17.26, 8.6, 15.81, 39.22, 6.4, 23.09, 27.17, 33.38, 37.12, 9.85, 38.9, 25.96, 12.04, 22.2, 44.92, 5.1, 13.04, 48.92, 36.72, 39.56, 17.46, 19.21, 12.37, 10.0, 26.08, 10.3, 29.43, 32.57, 34.89, 43.05, 36.67, 42.19, 29.0, 42.11, 7.81, 30.81, 0.0, 3.16, 43.74, 33.73, 24.08, 29.03, 30.7, 16.92], [22.2, 14.14, 5.66, 16.12, 37.36, 8.06, 20.62, 24.33, 32.06, 34.0, 12.21, 37.11, 22.8, 9.22, 21.84, 41.76, 8.0, 10.77, 46.23, 33.62, 36.4, 15.52, 16.64, 12.53, 7.62, 25.02, 11.31, 28.07, 29.41, 31.76, 40.11, 36.4, 39.12, 26.02, 39.05, 5.39, 27.8, 3.16, 0.0, 41.0, 31.05, 21.21, 27.61, 27.61, 15.21], [31.11, 28.23, 38.28, 53.23, 54.08, 48.76, 21.02, 16.76, 55.9, 26.93, 47.01, 54.64, 23.43, 37.58, 54.92, 21.0, 48.84, 40.71, 46.32, 28.23, 19.65, 43.27, 38.6, 50.16, 40.31, 53.26, 50.92, 53.04, 21.63, 26.83, 6.0, 66.6, 30.81, 16.12, 11.05, 40.5, 31.62, 43.74, 41.0, 0.0, 10.05, 34.66, 52.33, 16.99, 44.52], [24.19, 18.87, 28.64, 43.91, 48.33, 38.9, 11.0, 7.21, 48.83, 24.0, 37.05, 48.75, 16.12, 28.3, 46.23, 22.36, 38.83, 31.62, 44.01, 25.02, 18.68, 34.71, 30.41, 40.71, 30.89, 45.28, 41.23, 45.61, 17.12, 23.09, 11.18, 58.73, 29.15, 8.06, 13.45, 30.87, 26.25, 33.73, 31.05, 10.05, 0.0, 27.46, 44.91, 10.79, 35.85], [3.61, 13.04, 15.56, 23.02, 21.59, 24.6, 23.35, 21.02, 21.4, 15.03, 33.3, 21.84, 11.4, 12.04, 21.84, 25.18, 27.46, 12.08, 25.24, 14.14, 20.62, 11.0, 6.08, 21.38, 14.42, 18.87, 24.04, 18.38, 14.32, 13.0, 30.81, 32.02, 18.97, 19.42, 27.29, 16.4, 7.28, 24.08, 21.21, 34.66, 27.46, 0.0, 17.68, 17.68, 12.5], [21.22, 27.97, 23.55, 17.1, 11.34, 25.35, 39.15, 38.14, 4.53, 29.81, 38.68, 10.7, 29.03, 20.8, 10.7, 40.58, 29.44, 17.56, 27.83, 28.5, 36.91, 12.59, 14.98, 18.56, 20.51, 4.3, 22.15, 0.71, 31.5, 28.4, 48.34, 14.58, 31.18, 36.94, 44.53, 22.51, 22.15, 29.03, 27.61, 52.33, 44.91, 17.68, 0.0, 35.36, 12.5], [14.16, 13.51, 23.55, 37.32, 37.8, 34.53, 13.51, 7.38, 38.99, 13.73, 36.69, 38.27, 6.52, 21.97, 38.27, 15.7, 35.59, 24.67, 33.53, 14.58, 10.61, 26.62, 21.78, 34.56, 24.91, 36.31, 35.92, 36.06, 6.52, 12.51, 13.66, 49.62, 19.3, 3.81, 11.51, 25.62, 15.51, 30.7, 27.61, 16.99, 10.79, 17.68, 35.36, 0.0, 27.95], [15.63, 17.36, 11.1, 10.55, 22.3, 14.53, 28.31, 28.69, 17.01, 27.52, 26.74, 21.98, 21.48, 8.73, 10.4, 37.62, 18.31, 5.22, 33.81, 26.58, 32.88, 1.5, 6.58, 9.39, 8.02, 10.59, 12.62, 13.01, 26.2, 25.5, 41.6, 23.58, 31.08, 28.43, 38.75, 10.01, 19.6, 16.92, 15.21, 44.52, 35.85, 12.5, 12.5, 27.95, 0.0]]
[20, 20, 20, 20]
5
[[0.0, 528.0], [32.0, 43.0], [36.0, 64.0], [116.0, 131.0], [391.0, 406.0], [93.0, 117.0], [21.0, 36.0], [307.0, 335.0], [166.0, 185.0], [238.0, 267.0], [67.0, 94.0], [176.0, 194.0], [0.0, 12.0], [51.0, 58.0], [107.0, 137.0], [270.0, 288.0], [53.0, 81.0], [136.0, 154.0], [479.0, 503.0], [299.0, 304.0], [277.0, 310.0], [131.0, 153.0], [223.0, 247.0], [116.0, 146.0], [42.0, 53.0], [165.0, 169.0], [95.0, 120.0], [181.0, 199.0], [298.0, 326.0], [237.0, 266.0], [441.0, 461.0], [191.0, 214.0], [246.0, 271.0], [13.0, 35.0], [272.0, 295.0], [52.0, 59.0], [352.0, 378.0], [68.0, 75.0], [50.0, 70.0], [331.0, 347.0], [437.0, 461.0], [0.0, 528.0], [0.0, 528.0], [0.0, 528.0], [0.0, 528.0]]
[[28.0, 27.0], [24.0, 38.0], [14.0, 36.0], [2.0, 26.0], [20.0, 4.0], [3.0, 36.0], [29.0, 48.0], [34.0, 44.0], [12.0, 8.0], [40.0, 24.0], [3.0, 50.0], [19.0, 4.0], [32.0, 34.0], [16.0, 33.0], [4.0, 19.0], [50.0, 28.0], [2.0, 40.0], [14.0, 30.0], [39.0, 4.0], [39.0, 23.0], [45.0, 30.0], [14.0, 25.0], [19.0, 26.0], [4.0, 29.0], [13.0, 33.0], [9.0, 15.0], [2.0, 32.0], [12.0, 12.0], [38.0, 31.0], [38.0, 25.0], [50.0, 43.0], [0.0, 5.0], [43.0, 19.0], [36.0, 41.0], [49.0, 38.0], [12.0, 35.0], [32.0, 23.0], [7.0, 41.0], [10.0, 40.0], [50.0, 49.0], [40.0, 48.0], [25.0, 25.0], [12.5, 12.5], [37.5, 37.5], [12.5, 25.0]]
[[0.0, 0.0], [0.0, 0.0], [0.0, 0.0], [0.0, 0.0], [0.0, 0.0], [0.0, 0.0], [0.0, 0.0], [0.0, 0.0], [0.0, 0.0], [0.0, 0.0], [0.0, 0.0], [0.0, 0.0], [0.0, 0.0], [0.0, 0.0], [0.0, 0.0], [0.0, 0.0], [0.0, 0.0], [0.0, 0.0], [0.0, 0.0], [0.0, 0.0], [0.0, 0.0], [0.0, 0.0], [0.0, 0.0], [0.0, 0.0], [0.0, 0.0], [0.0, 0.0], [0.0, 0.0], [0.0, 0.0], [0.0, 0.0], [0.0, 0.0], [0.0, 0.0], [0.0, 0.0], [0.0, 0.0], [0.0, 0.0], [0.0, 0.0], [0.0, 0.0], [0.0, 0.0], [0.0, 0.0], [0.0, 0.0], [0.0, 0.0], [0.0, 0.0], [0.0, 0.0], [0.0, 0.0], [0.0, 0.0], [0.0, 0.0]]
^demand; service time^
!! n40w20.003    20.20 523
