40
[[0.0, 38.12, 36.01, 38.47, 42.05, 26.08, 10.3, 38.0, 34.41, 8.49, 26.17, 10.63, 35.38, 14.32, 32.53, 38.47, 10.2, 15.0, 31.11, 15.0, 27.02, 31.62, 7.81, 28.07, 41.44, 25.02, 10.2, 18.44, 26.08, 43.0, 21.93, 46.17, 51.89, 12.73, 21.02, 48.08, 46.17, 23.19, 23.19, 35.11, 44.05, 26.42, 35.5, 27.58, 37.81], [38.12, 0.0, 51.09, 15.52, 6.4, 13.0, 35.11, 3.0, 19.72, 33.24, 24.21, 31.62, 24.19, 36.69, 25.0, 15.52, 36.67, 39.85, 24.84, 28.64, 45.79, 10.63, 33.14, 43.83, 4.24, 44.78, 36.67, 20.02, 12.04, 5.83, 33.62, 8.06, 21.02, 31.38, 42.95, 13.6, 10.63, 15.0, 16.16, 10.3, 7.81, 18.03, 3.54, 35.53, 10.31], [36.01, 51.09, 0.0, 39.36, 57.38, 46.62, 45.4, 53.08, 33.12, 42.58, 26.91, 43.93, 29.55, 22.36, 27.29, 39.36, 26.17, 21.02, 26.93, 46.84, 9.0, 40.46, 30.59, 8.54, 51.61, 11.0, 26.17, 37.22, 43.42, 56.85, 18.87, 56.86, 50.0, 46.1, 15.0, 51.89, 61.72, 40.8, 45.79, 41.62, 58.9, 33.24, 50.92, 15.57, 43.14], [38.47, 15.52, 39.36, 0.0, 21.54, 21.54, 39.62, 18.44, 6.32, 36.88, 15.0, 36.07, 10.0, 31.26, 12.08, 0.0, 32.98, 34.13, 12.65, 34.83, 36.14, 8.94, 31.38, 33.53, 13.89, 35.69, 32.98, 21.26, 17.89, 20.12, 25.08, 18.44, 13.6, 36.8, 35.13, 12.65, 25.06, 18.6, 23.71, 6.08, 22.36, 12.08, 17.56, 24.67, 5.22], [42.05, 6.4, 57.38, 21.54, 0.0, 16.0, 37.66, 4.47, 26.08, 36.22, 30.48, 34.37, 30.53, 42.15, 31.4, 21.54, 41.76, 45.31, 31.24, 30.81, 51.87, 16.97, 37.85, 50.0, 8.06, 50.77, 41.76, 24.74, 16.49, 2.24, 39.66, 7.21, 24.52, 33.73, 48.76, 16.49, 4.47, 19.65, 19.03, 16.64, 2.0, 24.21, 6.96, 41.82, 16.35], [26.08, 13.0, 46.62, 21.54, 16.0, 0.0, 22.14, 12.17, 22.09, 20.4, 21.19, 18.68, 26.0, 28.02, 25.18, 21.54, 26.83, 31.06, 24.33, 15.65, 39.62, 12.65, 22.47, 38.42, 17.0, 38.18, 26.83, 10.0, 4.0, 17.12, 27.8, 20.88, 31.89, 18.38, 35.47, 25.61, 20.1, 5.83, 3.16, 15.65, 18.0, 15.3, 9.82, 31.57, 17.76], [10.3, 35.11, 45.4, 39.62, 37.66, 22.14, 0.0, 34.21, 37.01, 3.16, 30.41, 3.61, 39.12, 23.09, 36.72, 39.62, 19.24, 24.52, 35.36, 7.0, 36.5, 31.4, 15.0, 37.12, 39.0, 34.53, 19.24, 18.38, 23.71, 39.05, 29.27, 43.01, 52.2, 4.0, 30.59, 47.01, 41.3, 21.63, 18.97, 35.0, 39.62, 28.43, 31.95, 34.94, 37.61], [38.0, 3.0, 53.08, 18.44, 4.47, 12.17, 34.21, 0.0, 22.36, 32.56, 26.17, 30.81, 26.83, 37.7, 27.46, 18.44, 37.36, 40.85, 27.2, 27.51, 47.43, 12.81, 33.54, 45.61, 6.71, 46.32, 37.36, 20.4, 12.17, 5.0, 35.23, 8.94, 23.77, 30.36, 44.29, 16.12, 8.94, 15.3, 15.3, 13.0, 6.32, 19.85, 2.55, 37.5, 13.24], [34.41, 19.72, 33.12, 6.32, 26.08, 22.09, 37.01, 22.36, 0.0, 34.06, 9.22, 33.6, 4.47, 25.71, 5.83, 6.32, 27.86, 28.44, 6.32, 33.12, 29.83, 10.2, 26.93, 27.2, 19.1, 29.43, 27.86, 18.87, 18.11, 25.0, 19.0, 24.08, 19.1, 34.67, 29.02, 18.97, 30.0, 17.72, 23.54, 9.43, 27.2, 8.6, 20.89, 18.34, 10.26], [8.49, 33.24, 42.58, 36.88, 36.22, 20.4, 3.16, 32.56, 34.06, 0.0, 27.29, 2.24, 36.06, 20.22, 33.62, 36.88, 16.49, 21.84, 32.25, 6.71, 33.73, 28.84, 12.04, 34.23, 37.0, 31.78, 16.49, 15.62, 21.54, 37.48, 26.17, 41.23, 49.65, 4.24, 27.89, 44.72, 40.05, 19.24, 17.26, 32.45, 38.21, 25.5, 30.21, 31.82, 35.09], [26.17, 24.21, 26.91, 15.0, 30.48, 21.19, 30.41, 26.17, 9.22, 27.29, 0.0, 27.31, 9.22, 16.49, 6.4, 15.0, 18.79, 19.24, 5.0, 27.89, 21.93, 13.6, 18.44, 19.72, 25.06, 21.19, 18.79, 14.04, 17.46, 30.0, 10.2, 30.41, 28.28, 28.79, 20.22, 27.29, 34.83, 15.52, 21.38, 15.23, 32.02, 6.4, 24.05, 11.34, 17.24], [10.63, 31.62, 43.93, 36.07, 34.37, 18.68, 3.61, 30.81, 33.6, 2.24, 27.31, 0.0, 35.85, 21.59, 33.54, 36.07, 18.03, 23.41, 32.2, 4.47, 35.17, 27.8, 13.34, 35.51, 35.47, 33.24, 18.03, 14.87, 20.12, 35.69, 27.02, 39.56, 48.6, 2.24, 29.41, 43.42, 38.12, 18.03, 15.52, 31.4, 36.35, 25.0, 28.5, 32.6, 34.0], [35.38, 24.19, 29.55, 10.0, 30.53, 26.0, 39.12, 26.83, 4.47, 36.06, 9.22, 35.85, 0.0, 25.08, 3.16, 10.0, 27.78, 27.51, 4.47, 35.85, 27.17, 14.56, 27.66, 24.33, 23.43, 27.02, 27.78, 21.54, 22.0, 29.41, 17.46, 28.28, 21.1, 37.12, 27.17, 22.36, 34.41, 21.21, 27.17, 13.89, 31.62, 11.4, 25.35, 15.57, 14.53], [14.32, 36.69, 22.36, 31.26, 42.15, 28.02, 23.09, 37.7, 25.71, 20.22, 16.49, 21.59, 25.08, 0.0, 21.93, 31.26, 4.12, 3.16, 20.62, 24.7, 13.6, 27.29, 8.25, 14.04, 38.83, 11.7, 4.12, 18.03, 25.94, 42.38, 8.49, 44.15, 44.72, 23.77, 8.06, 43.0, 46.62, 22.83, 26.25, 30.07, 44.01, 20.02, 35.19, 13.73, 32.52], [32.53, 25.0, 27.29, 12.08, 31.4, 25.18, 36.72, 27.46, 5.83, 33.62, 6.4, 33.54, 3.16, 21.93, 0.0, 12.08, 24.7, 24.35, 1.41, 33.84, 24.33, 14.76, 24.76, 21.59, 24.76, 24.08, 24.7, 19.65, 21.21, 30.48, 14.32, 29.83, 24.02, 34.93, 24.08, 24.7, 35.47, 20.0, 26.0, 14.87, 32.65, 10.0, 25.74, 12.75, 16.01], [38.47, 15.52, 39.36, 0.0, 21.54, 21.54, 39.62, 18.44, 6.32, 36.88, 15.0, 36.07, 10.0, 31.26, 12.08, 0.0, 32.98, 34.13, 12.65, 34.83, 36.14, 8.94, 31.38, 33.53, 13.89, 35.69, 32.98, 21.26, 17.89, 20.12, 25.08, 18.44, 13.6, 36.8, 35.13, 12.65, 25.06, 18.6, 23.71, 6.08, 22.36, 12.08, 17.56, 24.67, 5.22], [10.2, 36.67, 26.17, 32.98, 41.76, 26.83, 19.24, 37.36, 27.86, 16.49, 18.79, 18.03, 27.78, 4.12, 24.7, 32.98, 0.0, 5.39, 23.32, 21.47, 17.26, 28.0, 5.0, 18.0, 39.2, 15.3, 0.0, 17.09, 25.3, 42.2, 12.21, 44.41, 46.57, 20.25, 11.4, 44.18, 46.17, 22.14, 24.7, 31.06, 43.68, 21.21, 34.82, 17.68, 33.63], [15.0, 39.85, 21.02, 34.13, 45.31, 31.06, 24.52, 40.85, 28.44, 21.84, 19.24, 23.41, 27.51, 3.16, 24.35, 34.13, 5.39, 0.0, 23.09, 26.83, 12.04, 30.41, 10.3, 13.15, 41.98, 10.05, 5.39, 21.1, 29.07, 45.54, 10.3, 47.3, 47.52, 25.63, 6.08, 46.01, 49.77, 25.94, 29.21, 33.14, 47.17, 23.09, 38.35, 14.85, 35.56], [31.11, 24.84, 26.93, 12.65, 31.24, 24.33, 35.36, 27.2, 6.32, 32.25, 5.0, 32.2, 4.47, 20.62, 1.41, 12.65, 23.32, 23.09, 0.0, 32.57, 23.54, 14.42, 23.35, 20.88, 24.84, 23.19, 23.32, 18.44, 20.4, 30.41, 13.15, 30.0, 25.0, 33.62, 23.02, 25.3, 35.38, 19.03, 25.02, 14.87, 32.56, 9.06, 25.39, 12.02, 16.22], [15.0, 28.64, 46.84, 34.83, 30.81, 15.65, 7.0, 27.51, 33.12, 6.71, 27.89, 4.47, 35.85, 24.7, 33.84, 34.83, 21.47, 26.83, 32.57, 0.0, 38.28, 26.17, 16.55, 38.33, 32.65, 36.4, 21.47, 14.32, 17.8, 32.28, 29.15, 36.4, 46.75, 3.0, 32.7, 41.05, 34.37, 16.28, 12.53, 29.7, 32.76, 24.6, 25.35, 34.53, 32.19], [27.02, 45.79, 9.0, 36.14, 51.87, 39.62, 36.5, 47.43, 29.83, 33.73, 21.93, 35.17, 27.17, 13.6, 24.33, 36.14, 17.26, 12.04, 23.54, 38.28, 0.0, 35.36, 21.84, 3.16, 46.96, 2.0, 17.26, 29.83, 36.8, 51.62, 12.21, 52.33, 48.26, 37.36, 6.0, 48.76, 56.3, 33.94, 38.42, 37.16, 53.54, 27.78, 45.11, 11.6, 39.09], [31.62, 10.63, 40.46, 8.94, 16.97, 12.65, 31.4, 12.81, 10.2, 28.84, 13.6, 27.8, 14.56, 27.29, 14.76, 8.94, 28.0, 30.41, 14.42, 26.17, 35.36, 0.0, 25.32, 33.29, 11.7, 34.44, 28.0, 13.42, 8.94, 16.4, 23.26, 17.09, 20.81, 28.32, 32.89, 16.49, 21.26, 9.9, 14.76, 3.61, 18.44, 7.62, 10.98, 24.91, 6.26], [7.81, 33.14, 30.59, 31.38, 37.85, 22.47, 15.0, 33.54, 26.93, 12.04, 18.44, 13.34, 27.66, 8.25, 24.76, 31.38, 5.0, 10.3, 23.35, 16.55, 21.84, 25.32, 0.0, 22.2, 36.0, 19.92, 5.0, 13.15, 21.38, 38.47, 14.56, 41.05, 44.94, 15.52, 16.16, 41.77, 42.2, 18.25, 20.12, 28.64, 39.81, 19.31, 30.99, 20.26, 31.29], [28.07, 43.83, 8.54, 33.53, 50.0, 38.42, 37.12, 45.61, 27.2, 34.23, 19.72, 35.51, 24.33, 14.04, 21.59, 33.53, 18.0, 13.15, 20.88, 38.33, 3.16, 33.29, 22.2, 0.0, 44.78, 4.24, 18.0, 28.84, 35.38, 49.65, 10.63, 50.12, 45.4, 37.66, 7.62, 46.17, 54.41, 32.65, 37.44, 34.89, 51.61, 25.81, 43.34, 8.86, 36.7], [41.44, 4.24, 51.61, 13.89, 8.06, 17.0, 39.0, 6.71, 19.1, 37.0, 25.06, 35.47, 23.43, 38.83, 24.76, 13.89, 39.2, 41.98, 24.84, 32.65, 46.96, 11.7, 36.0, 44.78, 0.0, 46.1, 39.2, 23.09, 15.52, 6.32, 34.93, 5.39, 17.09, 35.34, 44.6, 9.43, 11.18, 18.25, 20.12, 10.0, 8.54, 19.31, 7.78, 36.2, 8.9], [25.02, 44.78, 11.0, 35.69, 50.77, 38.18, 34.53, 46.32, 29.43, 31.78, 21.19, 33.24, 27.02, 11.7, 24.08, 35.69, 15.3, 10.05, 23.19, 36.4, 2.0, 34.44, 19.92, 4.24, 46.1, 0.0, 15.3, 28.32, 35.47, 50.61, 11.18, 51.48, 48.09, 35.44, 4.0, 48.27, 55.23, 32.56, 36.88, 36.4, 52.48, 26.83, 43.96, 11.51, 38.42], [10.2, 36.67, 26.17, 32.98, 41.76, 26.83, 19.24, 37.36, 27.86, 16.49, 18.79, 18.03, 27.78, 4.12, 24.7, 32.98, 0.0, 5.39, 23.32, 21.47, 17.26, 28.0, 5.0, 18.0, 39.2, 15.3, 0.0, 17.09, 25.3, 42.2, 12.21, 44.41, 46.57, 20.25, 11.4, 44.18, 46.17, 22.14, 24.7, 31.06, 43.68, 21.21, 34.82, 17.68, 33.63], [18.44, 20.02, 37.22, 21.26, 24.74, 10.0, 18.38, 20.4, 18.87, 15.62, 14.04, 14.87, 21.54, 18.03, 19.65, 21.26, 17.09, 21.1, 18.44, 14.32, 29.83, 13.42, 13.15, 28.84, 23.09, 28.32, 17.09, 0.0, 8.25, 25.32, 18.36, 28.0, 34.13, 15.81, 25.5, 29.73, 29.12, 5.1, 8.6, 17.0, 26.68, 10.3, 17.85, 22.77, 19.68], [26.08, 12.04, 43.42, 17.89, 16.49, 4.0, 23.71, 12.17, 18.11, 21.54, 17.46, 20.12, 22.0, 25.94, 21.21, 17.89, 25.3, 29.07, 20.4, 17.8, 36.8, 8.94, 21.38, 35.38, 15.52, 35.47, 25.3, 8.25, 0.0, 17.12, 24.76, 20.1, 29.0, 20.25, 33.02, 23.32, 20.88, 3.16, 5.83, 12.21, 18.44, 11.4, 9.62, 28.15, 14.53], [43.0, 5.83, 56.85, 20.12, 2.24, 17.12, 39.05, 5.0, 25.0, 37.48, 30.0, 35.69, 29.41, 42.38, 30.48, 20.12, 42.2, 45.54, 30.41, 32.28, 51.62, 16.4, 38.47, 49.65, 6.32, 50.61, 42.2, 25.32, 17.12, 0.0, 39.45, 5.0, 22.36, 35.17, 48.75, 14.32, 5.0, 20.22, 20.22, 15.62, 2.24, 23.85, 7.52, 41.31, 15.01], [21.93, 33.62, 18.87, 25.08, 39.66, 27.8, 29.27, 35.23, 19.0, 26.17, 10.2, 27.02, 17.46, 8.49, 14.32, 25.08, 12.21, 10.3, 13.15, 29.15, 12.21, 23.26, 14.56, 10.63, 34.93, 11.18, 12.21, 18.36, 24.76, 39.45, 0.0, 40.31, 38.05, 29.0, 10.05, 37.48, 44.1, 22.02, 26.93, 25.3, 41.34, 15.65, 32.9, 5.7, 27.41], [46.17, 8.06, 56.86, 18.44, 7.21, 20.88, 43.01, 8.94, 24.08, 41.23, 30.41, 39.56, 28.28, 44.15, 29.83, 18.44, 44.41, 47.3, 30.0, 36.4, 52.33, 17.09, 41.05, 50.12, 5.39, 51.48, 44.41, 28.0, 20.1, 5.0, 40.31, 0.0, 18.03, 39.22, 49.98, 10.0, 8.0, 23.02, 24.04, 15.26, 6.32, 24.7, 11.07, 41.5, 13.83], [51.89, 21.02, 50.0, 13.6, 24.52, 31.89, 52.2, 23.77, 19.1, 49.65, 28.28, 48.6, 21.1, 44.72, 24.02, 13.6, 46.57, 47.52, 25.0, 46.75, 48.26, 20.81, 44.94, 45.4, 17.09, 48.09, 46.57, 34.13, 29.0, 22.36, 38.05, 18.03, 0.0, 49.04, 48.01, 8.06, 26.02, 30.61, 34.66, 17.2, 24.19, 25.63, 24.38, 36.67, 14.6], [12.73, 31.38, 46.1, 36.8, 33.73, 18.38, 4.0, 30.36, 34.67, 4.24, 28.79, 2.24, 37.12, 23.77, 34.93, 36.8, 20.25, 25.63, 33.62, 3.0, 37.36, 28.32, 15.52, 37.66, 35.34, 35.44, 20.25, 15.81, 20.25, 35.17, 29.0, 39.22, 49.04, 0.0, 31.62, 43.57, 37.34, 18.44, 15.23, 31.89, 35.69, 26.08, 28.15, 34.53, 34.44], [21.02, 42.95, 15.0, 35.13, 48.76, 35.47, 30.59, 44.29, 29.02, 27.89, 20.22, 29.41, 27.17, 8.06, 24.08, 35.13, 11.4, 6.08, 23.02, 32.7, 6.0, 32.89, 16.16, 7.62, 44.6, 4.0, 11.4, 25.5, 33.02, 48.75, 10.05, 49.98, 48.01, 31.62, 0.0, 47.52, 53.24, 30.0, 33.94, 35.17, 50.54, 25.3, 41.86, 12.35, 37.37], [48.08, 13.6, 51.89, 12.65, 16.49, 25.61, 47.01, 16.12, 18.97, 44.72, 27.29, 43.42, 22.36, 43.0, 24.7, 12.65, 44.18, 46.01, 25.3, 41.05, 48.76, 16.49, 41.77, 46.17, 9.43, 48.27, 44.18, 29.73, 23.32, 14.32, 37.48, 10.0, 8.06, 43.57, 47.52, 0.0, 18.0, 25.5, 28.6, 13.15, 16.12, 23.02, 17.1, 37.32, 10.55], [46.17, 10.63, 61.72, 25.06, 4.47, 20.1, 41.3, 8.94, 30.0, 40.05, 34.83, 38.12, 34.41, 46.62, 35.47, 25.06, 46.17, 49.77, 35.38, 34.37, 56.3, 21.26, 42.2, 54.41, 11.18, 55.23, 46.17, 29.12, 20.88, 5.0, 44.1, 8.0, 26.02, 37.34, 53.24, 18.0, 0.0, 24.04, 23.02, 20.62, 2.83, 28.6, 11.42, 46.16, 19.98], [23.19, 15.0, 40.8, 18.6, 19.65, 5.83, 21.63, 15.3, 17.72, 19.24, 15.52, 18.03, 21.21, 22.83, 20.0, 18.6, 22.14, 25.94, 19.03, 16.28, 33.94, 9.9, 18.25, 32.65, 18.25, 32.56, 22.14, 5.1, 3.16, 20.22, 22.02, 23.02, 30.61, 18.44, 30.0, 25.5, 24.04, 0.0, 6.0, 13.45, 21.59, 10.0, 12.75, 25.74, 16.01], [23.19, 16.16, 45.79, 23.71, 19.03, 3.16, 18.97, 15.3, 23.54, 17.26, 21.38, 15.52, 27.17, 26.25, 26.0, 23.71, 24.7, 29.21, 25.02, 12.53, 38.42, 14.76, 20.12, 37.44, 20.12, 36.88, 24.7, 8.6, 5.83, 20.22, 26.93, 24.04, 34.66, 15.23, 33.94, 28.6, 23.02, 6.0, 0.0, 18.03, 21.02, 16.0, 12.98, 31.12, 20.3], [35.11, 10.3, 41.62, 6.08, 16.64, 15.65, 35.0, 13.0, 9.43, 32.45, 15.23, 31.4, 13.89, 30.07, 14.87, 6.08, 31.06, 33.14, 14.87, 29.7, 37.16, 3.61, 28.64, 34.89, 10.0, 36.4, 31.06, 17.0, 12.21, 15.62, 25.3, 15.26, 17.2, 31.89, 35.17, 13.15, 20.62, 13.45, 18.03, 0.0, 17.8, 10.05, 11.77, 26.24, 2.69], [44.05, 7.81, 58.9, 22.36, 2.0, 18.0, 39.62, 6.32, 27.2, 38.21, 32.02, 36.35, 31.62, 44.01, 32.65, 22.36, 43.68, 47.17, 32.56, 32.76, 53.54, 18.44, 39.81, 51.61, 8.54, 52.48, 43.68, 26.68, 18.44, 2.24, 41.34, 6.32, 24.19, 35.69, 50.54, 16.12, 2.83, 21.59, 21.02, 17.8, 0.0, 25.81, 8.86, 43.34, 17.24], [26.42, 18.03, 33.24, 12.08, 24.21, 15.3, 28.43, 19.85, 8.6, 25.5, 6.4, 25.0, 11.4, 20.02, 10.0, 12.08, 21.21, 23.09, 9.06, 24.6, 27.78, 7.62, 19.31, 25.81, 19.31, 26.83, 21.21, 10.3, 11.4, 23.85, 15.65, 24.7, 25.63, 26.08, 25.3, 23.02, 28.6, 10.0, 16.0, 10.05, 25.81, 0.0, 17.68, 17.68, 12.5], [35.5, 3.54, 50.92, 17.56, 6.96, 9.82, 31.95, 2.55, 20.89, 30.21, 24.05, 28.5, 25.35, 35.19, 25.74, 17.56, 34.82, 38.35, 25.39, 25.35, 45.11, 10.98, 30.99, 43.34, 7.78, 43.96, 34.82, 17.85, 9.62, 7.52, 32.9, 11.07, 24.38, 28.15, 41.86, 17.1, 11.42, 12.75, 12.98, 11.77, 8.86, 17.68, 0.0, 35.36, 12.5], [27.58, 35.53, 15.57, 24.67, 41.82, 31.57, 34.94, 37.5, 18.34, 31.82, 11.34, 32.6, 15.57, 13.73, 12.75, 24.67, 17.68, 14.85, 12.02, 34.53, 11.6, 24.91, 20.26, 8.86, 36.2, 11.51, 17.68, 22.77, 28.15, 41.31, 5.7, 41.5, 36.67, 34.53, 12.35, 37.32, 46.16, 25.74, 31.12, 26.24, 43.34, 17.68, 35.36, 0.0, 27.95], [37.81, 10.31, 43.14, 5.22, 16.35, 17.76, 37.61, 13.24, 10.26, 35.09, 17.24, 34.0, 14.53, 32.52, 16.01, 5.22, 33.63, 35.56, 16.22, 32.19, 39.09, 6.26, 31.29, 36.7, 8.9, 38.42, 33.63, 19.68, 14.53, 15.01, 27.41, 13.83, 14.6, 34.44, 37.37, 10.55, 19.98, 16.01, 20.3, 2.69, 17.24, 12.5, 12.5, 27.95, 0.0]]
[20, 20, 20, 20]
5
[[0.0, 583.0], [170.0, 272.0], [30.0, 129.0], [125.0, 147.0], [93.0, 198.0], [275.0, 425.0], [229.0, 362.0], [119.0, 199.0], [13.0, 109.0], [284.0, 341.0], [156.0, 309.0], [217.0, 304.0], [9.0, 123.0], [0.0, 38.0], [31.0, 187.0], [101.0, 137.0], [0.0, 68.0], [0.0, 100.0], [97.0, 177.0], [355.0, 470.0], [234.0, 287.0], [111.0, 204.0], [0.0, 21.0], [0.0, 63.0], [83.0, 258.0], [0.0, 87.0], [0.0, 43.0], [171.0, 241.0], [157.0, 239.0], [152.0, 268.0], [25.0, 118.0], [135.0, 190.0], [399.0, 531.0], [284.0, 347.0], [0.0, 67.0], [71.0, 205.0], [333.0, 365.0], [153.0, 258.0], [187.0, 254.0], [80.0, 146.0], [272.0, 416.0], [0.0, 583.0], [0.0, 583.0], [0.0, 583.0], [0.0, 583.0]]
[[48.0, 12.0], [10.0, 15.0], [49.0, 48.0], [14.0, 30.0], [6.0, 10.0], [22.0, 10.0], [43.0, 3.0], [10.0, 12.0], [20.0, 32.0], [42.0, 6.0], [29.0, 30.0], [40.0, 5.0], [22.0, 36.0], [45.0, 26.0], [25.0, 35.0], [14.0, 30.0], [46.0, 22.0], [48.0, 27.0], [26.0, 34.0], [36.0, 3.0], [49.0, 39.0], [18.0, 22.0], [43.0, 18.0], [46.0, 40.0], [7.0, 18.0], [49.0, 37.0], [46.0, 22.0], [30.0, 16.0], [22.0, 14.0], [5.0, 12.0], [39.0, 32.0], [2.0, 16.0], [1.0, 34.0], [39.0, 3.0], [49.0, 33.0], [2.0, 26.0], [2.0, 8.0], [25.0, 15.0], [25.0, 9.0], [15.0, 24.0], [4.0, 10.0], [25.0, 25.0], [12.5, 12.5], [37.5, 37.5], [12.5, 25.0]]
[[0.0, 0.0], [0.0, 0.0], [0.0, 0.0], [0.0, 0.0], [0.0, 0.0], [0.0, 0.0], [0.0, 0.0], [0.0, 0.0], [0.0, 0.0], [0.0, 0.0], [0.0, 0.0], [0.0, 0.0], [0.0, 0.0], [0.0, 0.0], [0.0, 0.0], [0.0, 0.0], [0.0, 0.0], [0.0, 0.0], [0.0, 0.0], [0.0, 0.0], [0.0, 0.0], [0.0, 0.0], [0.0, 0.0], [0.0, 0.0], [0.0, 0.0], [0.0, 0.0], [0.0, 0.0], [0.0, 0.0], [0.0, 0.0], [0.0, 0.0], [0.0, 0.0], [0.0, 0.0], [0.0, 0.0], [0.0, 0.0], [0.0, 0.0], [0.0, 0.0], [0.0, 0.0], [0.0, 0.0], [0.0, 0.0], [0.0, 0.0], [0.0, 0.0], [0.0, 0.0], [0.0, 0.0], [0.0, 0.0], [0.0, 0.0]]
^demand; service time^
!! n40w100.003    88.80 489
