40
[[0.0, 34.93, 32.45, 48.17, 43.05, 43.57, 36.72, 34.44, 13.89, 7.21, 4.47, 43.27, 28.32, 52.5, 31.0, 18.11, 4.12, 53.91, 6.71, 4.47, 32.0, 41.68, 42.45, 30.53, 16.97, 20.25, 31.14, 9.22, 21.02, 30.59, 41.05, 35.13, 6.4, 38.08, 19.72, 38.83, 16.28, 13.34, 28.44, 26.31, 32.02, 25.0, 7.91, 42.57, 16.77], [34.93, 0.0, 38.48, 40.05, 10.82, 17.49, 26.08, 23.19, 22.02, 30.46, 30.59, 32.06, 29.97, 42.43, 51.74, 44.41, 37.0, 43.57, 31.06, 34.18, 8.25, 45.88, 20.25, 38.47, 29.73, 33.97, 33.62, 32.02, 22.67, 14.56, 12.21, 53.01, 29.27, 27.02, 24.76, 4.0, 29.07, 21.59, 14.32, 8.94, 51.86, 26.93, 28.5, 35.53, 35.09], [32.45, 38.48, 0.0, 18.68, 38.29, 32.02, 16.64, 17.69, 34.53, 25.94, 32.2, 18.25, 8.54, 23.09, 18.44, 21.93, 29.83, 24.35, 36.25, 28.02, 30.41, 9.49, 28.02, 2.24, 16.16, 12.21, 5.0, 39.4, 18.03, 24.19, 33.97, 17.0, 33.62, 17.0, 17.03, 40.31, 17.09, 30.41, 24.17, 32.02, 17.72, 12.17, 26.66, 14.51, 15.95], [48.17, 40.05, 18.68, 0.0, 34.71, 25.96, 14.56, 17.72, 45.79, 41.04, 46.69, 8.0, 19.85, 4.47, 36.01, 40.5, 46.4, 5.83, 50.33, 44.05, 32.25, 15.52, 21.59, 20.88, 31.24, 29.15, 17.49, 53.26, 28.6, 26.68, 30.41, 33.14, 47.51, 13.34, 29.07, 40.05, 31.89, 41.88, 28.16, 37.36, 35.0, 23.35, 41.02, 5.7, 33.19], [43.05, 10.82, 38.29, 34.71, 0.0, 9.0, 22.83, 20.81, 31.4, 37.48, 39.0, 26.93, 30.41, 36.12, 54.2, 49.24, 44.41, 37.05, 40.2, 41.44, 11.18, 43.91, 13.15, 38.9, 34.01, 37.22, 33.3, 41.59, 26.4, 15.26, 4.47, 54.49, 38.05, 23.26, 28.64, 7.81, 33.62, 30.02, 16.55, 17.12, 54.04, 28.6, 35.78, 31.31, 39.36], [43.57, 17.49, 32.02, 25.96, 9.0, 0.0, 15.56, 14.42, 34.01, 37.12, 40.02, 18.38, 25.06, 27.17, 49.24, 46.32, 44.1, 28.07, 42.06, 41.11, 13.04, 36.4, 4.47, 33.02, 31.4, 33.53, 27.2, 44.01, 24.08, 13.04, 5.39, 48.83, 39.56, 15.62, 26.17, 15.81, 31.26, 31.62, 15.13, 20.25, 48.88, 24.35, 35.78, 23.03, 36.39], [36.72, 26.08, 16.64, 14.56, 22.83, 15.56, 0.0, 3.16, 32.02, 29.53, 34.41, 7.21, 11.05, 17.89, 34.54, 34.0, 35.85, 19.24, 37.64, 33.11, 18.0, 21.1, 11.4, 17.89, 20.88, 21.02, 12.08, 40.36, 15.81, 12.17, 18.36, 33.62, 34.83, 1.41, 17.0, 26.68, 21.19, 28.32, 13.6, 22.8, 34.01, 12.37, 28.99, 9.51, 24.68], [34.44, 23.19, 17.69, 17.72, 20.81, 14.42, 3.16, 0.0, 29.07, 27.31, 31.91, 10.3, 10.77, 21.02, 34.89, 33.14, 33.84, 22.36, 35.0, 31.02, 15.03, 23.26, 10.77, 18.6, 19.24, 20.1, 12.81, 37.64, 13.42, 9.06, 16.4, 34.41, 32.2, 4.47, 14.87, 24.04, 19.42, 25.46, 10.44, 19.65, 34.48, 11.0, 26.62, 12.59, 23.5], [13.89, 22.02, 34.53, 45.79, 31.4, 34.01, 32.02, 29.07, 0.0, 12.53, 9.43, 39.2, 27.51, 49.65, 39.85, 28.65, 17.03, 51.04, 9.06, 14.87, 21.19, 43.93, 34.13, 33.24, 19.0, 24.02, 31.32, 10.2, 17.46, 22.2, 30.36, 42.95, 7.62, 33.42, 17.72, 26.02, 18.0, 4.12, 20.0, 14.32, 40.52, 23.41, 10.51, 40.13, 22.46], [7.21, 30.46, 25.94, 41.04, 37.48, 37.12, 29.53, 27.31, 12.53, 0.0, 6.32, 36.06, 21.21, 45.34, 27.66, 16.12, 7.0, 46.75, 10.44, 4.0, 26.31, 35.34, 35.69, 24.17, 10.0, 13.93, 24.21, 13.6, 13.93, 24.08, 35.06, 31.14, 8.06, 30.89, 12.53, 34.18, 9.22, 9.9, 22.02, 21.54, 28.44, 17.8, 2.12, 35.42, 11.1], [4.47, 30.59, 32.2, 46.69, 39.0, 40.02, 34.41, 31.91, 9.43, 6.32, 0.0, 41.23, 27.02, 50.91, 33.24, 20.88, 7.81, 52.33, 4.12, 6.32, 28.07, 41.63, 39.22, 30.46, 16.12, 20.25, 30.23, 7.28, 18.6, 27.2, 37.22, 37.01, 2.24, 35.81, 17.69, 34.53, 15.26, 9.06, 25.0, 22.09, 34.13, 23.35, 5.7, 41.02, 17.36], [43.27, 32.06, 18.25, 8.0, 26.93, 18.38, 7.21, 10.3, 39.2, 36.06, 41.23, 0.0, 15.81, 10.77, 36.67, 38.47, 42.06, 12.08, 44.6, 39.45, 24.33, 19.21, 13.93, 20.1, 26.83, 25.96, 15.03, 47.38, 22.67, 18.97, 22.56, 34.79, 41.77, 5.83, 23.6, 32.06, 27.29, 35.47, 20.62, 29.73, 35.9, 18.36, 35.7, 4.95, 29.89], [28.32, 29.97, 8.54, 19.85, 30.41, 25.06, 11.05, 10.77, 27.51, 21.21, 27.02, 15.81, 0.0, 24.21, 24.19, 23.02, 26.63, 25.61, 30.81, 24.21, 21.95, 17.0, 21.54, 8.6, 11.4, 10.2, 4.0, 33.84, 10.2, 15.81, 26.25, 24.08, 28.02, 12.0, 9.85, 31.91, 12.04, 23.41, 15.65, 23.54, 23.85, 4.12, 21.32, 14.3, 14.08], [52.5, 42.43, 23.09, 4.47, 36.12, 27.17, 17.89, 21.02, 49.65, 45.34, 50.91, 10.77, 24.21, 0.0, 40.11, 44.94, 50.8, 1.41, 54.49, 48.41, 34.93, 19.1, 23.02, 25.3, 35.61, 33.62, 21.95, 57.38, 32.65, 29.73, 32.02, 37.01, 51.66, 16.55, 33.24, 42.05, 36.24, 45.8, 31.38, 40.5, 39.05, 27.59, 45.26, 9.92, 37.65], [31.0, 51.74, 18.44, 36.01, 54.2, 49.24, 34.54, 34.89, 39.85, 27.66, 33.24, 36.67, 24.19, 40.11, 0.0, 13.15, 27.02, 41.19, 37.12, 27.07, 44.55, 21.59, 45.62, 16.76, 22.47, 17.8, 22.47, 40.05, 29.07, 39.05, 50.22, 5.0, 35.36, 35.11, 27.02, 54.45, 23.32, 36.4, 38.21, 43.6, 1.41, 25.61, 29.47, 32.69, 17.67], [18.11, 44.41, 21.93, 40.5, 49.24, 46.32, 34.0, 33.14, 28.65, 16.12, 20.88, 38.47, 23.02, 44.94, 13.15, 0.0, 14.04, 46.24, 24.52, 14.56, 38.47, 29.21, 43.57, 19.7, 15.23, 13.04, 23.54, 27.29, 22.85, 34.18, 45.88, 17.72, 23.09, 35.01, 20.62, 47.71, 15.65, 25.81, 32.7, 35.61, 14.32, 22.2, 18.18, 35.78, 9.96], [4.12, 37.0, 29.83, 46.4, 44.41, 44.1, 35.85, 33.84, 17.03, 7.0, 7.81, 42.06, 26.63, 50.8, 27.02, 14.04, 0.0, 52.2, 10.77, 3.0, 33.24, 38.83, 42.58, 27.8, 15.26, 17.69, 29.07, 13.34, 20.62, 31.06, 42.05, 31.26, 10.0, 37.16, 18.97, 40.8, 14.76, 15.65, 29.02, 28.16, 28.07, 23.71, 8.63, 40.92, 13.9], [53.91, 43.57, 24.35, 5.83, 37.05, 28.07, 19.24, 22.36, 51.04, 46.75, 52.33, 12.08, 25.61, 1.41, 41.19, 46.24, 52.2, 0.0, 55.9, 49.82, 36.14, 20.02, 24.0, 26.57, 37.01, 34.99, 23.32, 58.8, 34.06, 31.02, 33.0, 38.0, 53.08, 17.89, 34.66, 43.1, 37.64, 47.2, 32.7, 41.79, 40.11, 29.0, 46.67, 11.34, 39.02], [6.71, 31.06, 36.25, 50.33, 40.2, 42.06, 37.64, 35.0, 9.06, 10.44, 4.12, 44.6, 30.81, 54.49, 37.12, 24.52, 10.77, 55.9, 0.0, 10.05, 29.61, 45.69, 41.63, 34.54, 20.12, 24.35, 34.13, 3.16, 21.93, 29.55, 38.83, 41.0, 2.83, 39.05, 21.26, 35.06, 19.24, 10.44, 27.31, 23.09, 38.05, 27.02, 9.62, 44.64, 21.48], [4.47, 34.18, 28.02, 44.05, 41.44, 41.11, 33.11, 31.02, 14.87, 4.0, 6.32, 39.45, 24.21, 48.41, 27.07, 14.56, 3.0, 49.82, 10.05, 0.0, 30.27, 37.22, 39.62, 26.08, 12.81, 15.81, 26.87, 13.0, 17.72, 28.07, 39.05, 31.02, 8.54, 34.44, 16.16, 37.95, 12.21, 13.04, 26.02, 25.3, 28.02, 21.1, 5.7, 38.5, 12.3], [32.0, 8.25, 30.41, 32.25, 11.18, 13.04, 18.0, 15.03, 21.19, 26.31, 28.07, 24.33, 21.95, 34.93, 44.55, 38.47, 33.24, 36.14, 29.61, 30.27, 0.0, 37.64, 14.21, 30.53, 23.32, 27.02, 25.5, 31.32, 15.81, 6.32, 9.22, 45.45, 27.29, 19.03, 18.03, 10.0, 22.83, 19.24, 6.4, 7.21, 44.55, 19.21, 24.63, 27.5, 28.73], [41.68, 45.88, 9.49, 15.52, 43.91, 36.4, 21.1, 23.26, 43.93, 35.34, 41.63, 19.21, 17.0, 19.1, 21.59, 29.21, 38.83, 20.02, 45.69, 37.22, 37.64, 0.0, 32.02, 11.18, 25.63, 21.47, 13.0, 48.85, 27.07, 31.32, 39.45, 18.03, 43.08, 20.81, 26.31, 47.17, 26.57, 39.81, 31.78, 40.31, 20.4, 21.02, 36.12, 14.3, 24.96], [42.45, 20.25, 28.02, 21.59, 13.15, 4.47, 11.4, 10.77, 34.13, 35.69, 39.22, 13.93, 21.54, 23.02, 45.62, 43.57, 42.58, 24.0, 41.63, 39.62, 14.21, 32.02, 0.0, 29.15, 29.02, 30.59, 23.32, 43.83, 22.09, 12.08, 9.0, 44.94, 39.0, 11.31, 24.02, 19.24, 29.0, 31.3, 14.32, 21.21, 45.18, 21.38, 34.56, 18.56, 33.74], [30.53, 38.47, 2.24, 20.88, 38.9, 33.02, 17.89, 18.6, 33.24, 24.17, 30.46, 20.1, 8.6, 25.3, 16.76, 19.7, 27.8, 26.57, 34.54, 26.08, 30.53, 11.18, 29.15, 0.0, 14.56, 10.3, 5.83, 37.7, 17.26, 24.41, 34.66, 15.81, 31.95, 18.38, 16.03, 40.5, 15.52, 29.15, 24.19, 31.62, 16.16, 11.7, 24.99, 16.57, 13.9], [16.97, 29.73, 16.16, 31.24, 34.01, 31.4, 20.88, 19.24, 19.0, 10.0, 16.12, 26.83, 11.4, 35.61, 22.47, 15.23, 15.26, 37.01, 20.12, 12.81, 23.32, 25.63, 29.02, 14.56, 0.0, 5.1, 14.21, 23.26, 7.62, 18.97, 30.68, 24.7, 17.46, 22.14, 5.39, 32.8, 1.0, 15.03, 17.46, 21.26, 22.83, 8.54, 10.51, 25.7, 5.41], [20.25, 33.97, 12.21, 29.15, 37.22, 33.53, 21.02, 20.1, 24.02, 13.93, 20.25, 25.96, 10.2, 33.62, 17.8, 13.04, 17.69, 34.99, 24.35, 15.81, 27.02, 21.47, 30.59, 10.3, 5.1, 0.0, 11.66, 27.51, 11.31, 21.95, 33.54, 19.7, 21.84, 22.09, 9.22, 36.8, 6.08, 20.1, 20.81, 25.81, 18.03, 9.22, 14.92, 23.93, 4.03], [31.14, 33.62, 5.0, 17.49, 33.3, 27.2, 12.08, 12.81, 31.32, 24.21, 30.23, 15.03, 4.0, 21.95, 22.47, 23.54, 29.07, 23.32, 34.13, 26.87, 25.5, 13.0, 23.32, 5.83, 14.21, 11.66, 0.0, 37.22, 14.14, 19.24, 29.0, 21.63, 31.38, 12.65, 13.6, 35.36, 15.0, 27.2, 19.31, 27.46, 21.93, 8.06, 24.55, 12.35, 15.69], [9.22, 32.02, 39.4, 53.26, 41.59, 44.01, 40.36, 37.64, 10.2, 13.6, 7.28, 47.38, 33.84, 57.38, 40.05, 27.29, 13.34, 58.8, 3.16, 13.0, 31.32, 48.85, 43.83, 37.7, 23.26, 27.51, 37.22, 0.0, 24.76, 31.76, 40.52, 44.01, 5.83, 41.77, 24.21, 36.01, 22.36, 12.53, 29.53, 24.52, 41.01, 30.0, 12.75, 47.57, 24.62], [21.02, 22.67, 18.03, 28.6, 26.4, 24.08, 15.81, 13.42, 17.46, 13.93, 18.6, 22.67, 10.2, 32.65, 29.07, 22.85, 20.62, 34.06, 21.93, 17.72, 15.81, 27.07, 22.09, 17.26, 7.62, 11.31, 14.14, 24.76, 0.0, 11.4, 23.09, 30.53, 19.1, 17.2, 2.24, 25.5, 7.28, 13.42, 9.85, 14.76, 29.21, 6.08, 13.21, 22.9, 12.97], [30.59, 14.56, 24.19, 26.68, 15.26, 13.04, 12.17, 9.06, 22.2, 24.08, 27.2, 18.97, 15.81, 29.73, 39.05, 34.18, 31.06, 31.02, 29.55, 28.07, 6.32, 31.32, 12.08, 24.41, 18.97, 21.95, 19.24, 31.76, 11.4, 0.0, 11.7, 39.62, 26.93, 13.34, 13.6, 16.12, 18.68, 19.24, 2.24, 10.77, 38.95, 13.45, 22.77, 21.64, 24.23], [41.05, 12.21, 33.97, 30.41, 4.47, 5.39, 18.36, 16.4, 30.36, 35.06, 37.22, 22.56, 26.25, 32.02, 50.22, 45.88, 42.05, 33.0, 38.83, 39.05, 9.22, 39.45, 9.0, 34.66, 30.68, 33.54, 29.0, 40.52, 23.09, 11.7, 0.0, 50.33, 36.5, 18.79, 25.3, 10.44, 30.36, 28.44, 13.34, 16.16, 50.0, 24.7, 33.5, 26.88, 35.93], [35.13, 53.01, 17.0, 33.14, 54.49, 48.83, 33.62, 34.41, 42.95, 31.14, 37.01, 34.79, 24.08, 37.01, 5.0, 17.72, 31.26, 38.0, 41.0, 31.02, 45.45, 18.03, 44.94, 15.81, 24.7, 19.7, 21.63, 44.01, 30.53, 39.62, 50.33, 0.0, 39.05, 34.0, 28.65, 55.44, 25.63, 39.29, 39.05, 45.28, 3.61, 26.25, 32.81, 30.44, 20.5], [6.4, 29.27, 33.62, 47.51, 38.05, 39.56, 34.83, 32.2, 7.62, 8.06, 2.24, 41.77, 28.02, 51.66, 35.36, 23.09, 10.0, 53.08, 2.83, 8.54, 27.29, 43.08, 39.0, 31.95, 17.46, 21.84, 31.38, 5.83, 19.1, 26.93, 36.5, 39.05, 0.0, 36.24, 18.44, 33.24, 16.55, 8.06, 24.7, 21.0, 36.22, 24.21, 6.96, 41.82, 19.16], [38.08, 27.02, 17.0, 13.34, 23.26, 15.62, 1.41, 4.47, 33.42, 30.89, 35.81, 5.83, 12.0, 16.55, 35.11, 35.01, 37.16, 17.89, 39.05, 34.44, 19.03, 20.81, 11.31, 18.38, 22.14, 22.09, 12.65, 41.77, 17.2, 13.34, 18.79, 34.0, 36.24, 0.0, 18.36, 27.46, 22.47, 29.73, 14.87, 24.04, 34.54, 13.6, 30.37, 8.51, 25.81], [19.72, 24.76, 17.03, 29.07, 28.64, 26.17, 17.0, 14.87, 17.72, 12.53, 17.69, 23.6, 9.85, 33.24, 27.02, 20.62, 18.97, 34.66, 21.26, 16.16, 18.03, 26.31, 24.02, 16.03, 5.39, 9.22, 13.6, 24.21, 2.24, 13.6, 25.3, 28.65, 18.44, 18.36, 0.0, 27.66, 5.1, 13.6, 12.08, 16.64, 27.2, 5.83, 12.1, 23.38, 10.74], [38.83, 4.0, 40.31, 40.05, 7.81, 15.81, 26.68, 24.04, 26.02, 34.18, 34.53, 32.06, 31.91, 42.05, 54.45, 47.71, 40.8, 43.1, 35.06, 37.95, 10.0, 47.17, 19.24, 40.5, 32.8, 36.8, 35.36, 36.01, 25.5, 16.12, 10.44, 55.44, 33.24, 27.46, 27.66, 0.0, 32.2, 25.5, 16.4, 12.65, 54.49, 29.21, 32.26, 35.92, 38.2], [16.28, 29.07, 17.09, 31.89, 33.62, 31.26, 21.19, 19.42, 18.0, 9.22, 15.26, 27.29, 12.04, 36.24, 23.32, 15.65, 14.76, 37.64, 19.24, 12.21, 22.83, 26.57, 29.0, 15.52, 1.0, 6.08, 15.0, 22.36, 7.28, 18.68, 30.36, 25.63, 16.55, 22.47, 5.1, 32.2, 0.0, 14.04, 17.09, 20.52, 23.71, 8.94, 9.62, 26.32, 6.02], [13.34, 21.59, 30.41, 41.88, 30.02, 31.62, 28.32, 25.46, 4.12, 9.9, 9.06, 35.47, 23.41, 45.8, 36.4, 25.81, 15.65, 47.2, 10.44, 13.04, 19.24, 39.81, 31.3, 29.15, 15.03, 20.1, 27.2, 12.53, 13.42, 19.24, 28.44, 39.29, 8.06, 29.73, 13.6, 25.5, 14.04, 0.0, 17.0, 13.04, 37.0, 19.31, 7.78, 36.2, 18.82], [28.44, 14.32, 24.17, 28.16, 16.55, 15.13, 13.6, 10.44, 20.0, 22.02, 25.0, 20.62, 15.65, 31.38, 38.21, 32.7, 29.02, 32.7, 27.31, 26.02, 6.4, 31.78, 14.32, 24.19, 17.46, 20.81, 19.31, 29.53, 9.85, 2.24, 13.34, 39.05, 24.7, 14.87, 12.08, 16.4, 17.09, 17.0, 0.0, 9.22, 38.18, 12.81, 20.65, 22.95, 22.81], [26.31, 8.94, 32.02, 37.36, 17.12, 20.25, 22.8, 19.65, 14.32, 21.54, 22.09, 29.73, 23.54, 40.5, 43.6, 35.61, 28.16, 41.79, 23.09, 25.3, 7.21, 40.31, 21.21, 31.62, 21.26, 25.81, 27.46, 24.52, 14.76, 10.77, 16.16, 45.28, 21.0, 24.04, 16.64, 12.65, 20.52, 13.04, 9.22, 0.0, 43.83, 19.92, 19.61, 32.16, 26.52], [32.02, 51.86, 17.72, 35.0, 54.04, 48.88, 34.01, 34.48, 40.52, 28.44, 34.13, 35.9, 23.85, 39.05, 1.41, 14.32, 28.07, 40.11, 38.05, 28.02, 44.55, 20.4, 45.18, 16.16, 22.83, 18.03, 21.93, 41.01, 29.21, 38.95, 50.0, 3.61, 36.22, 34.54, 27.2, 54.49, 23.71, 37.0, 38.18, 43.83, 0.0, 25.5, 30.21, 31.82, 18.2], [25.0, 26.93, 12.17, 23.35, 28.6, 24.35, 12.37, 11.0, 23.41, 17.8, 23.35, 18.36, 4.12, 27.59, 25.61, 22.2, 23.71, 29.0, 27.02, 21.1, 19.21, 21.02, 21.38, 11.7, 8.54, 9.22, 8.06, 30.0, 6.08, 13.45, 24.7, 26.25, 24.21, 13.6, 5.83, 29.21, 8.94, 19.31, 12.81, 19.92, 25.5, 0.0, 17.68, 17.68, 12.5], [7.91, 28.5, 26.66, 41.02, 35.78, 35.78, 28.99, 26.62, 10.51, 2.12, 5.7, 35.7, 21.32, 45.26, 29.47, 18.18, 8.63, 46.67, 9.62, 5.7, 24.63, 36.12, 34.56, 24.99, 10.51, 14.92, 24.55, 12.75, 13.21, 22.77, 33.5, 32.81, 6.96, 30.37, 12.1, 32.26, 9.62, 7.78, 20.65, 19.61, 30.21, 17.68, 0.0, 35.36, 12.5], [42.57, 35.53, 14.51, 5.7, 31.31, 23.03, 9.51, 12.59, 40.13, 35.42, 41.02, 4.95, 14.3, 9.92, 32.69, 35.78, 40.92, 11.34, 44.64, 38.5, 27.5, 14.3, 18.56, 16.57, 25.7, 23.93, 12.35, 47.57, 22.9, 21.64, 26.88, 30.44, 41.82, 8.51, 23.38, 35.92, 26.32, 36.2, 22.95, 32.16, 31.82, 17.68, 35.36, 0.0, 27.95], [16.77, 35.09, 15.95, 33.19, 39.36, 36.39, 24.68, 23.5, 22.46, 11.1, 17.36, 29.89, 14.08, 37.65, 17.67, 9.96, 13.9, 39.02, 21.48, 12.3, 28.73, 24.96, 33.74, 13.9, 5.41, 4.03, 15.69, 24.62, 12.97, 24.23, 35.93, 20.5, 19.16, 25.81, 10.74, 38.2, 6.02, 18.82, 22.81, 26.52, 18.2, 12.5, 12.5, 27.95, 0.0]]
[20, 20, 20, 20]
5
[[0.0, 612.0], [363.0, 399.0], [237.0, 269.0], [206.0, 236.0], [390.0, 401.0], [169.0, 197.0], [108.0, 141.0], [120.0, 137.0], [24.0, 51.0], [0.0, 12.0], [0.0, 32.0], [219.0, 253.0], [83.0, 111.0], [415.0, 432.0], [328.0, 341.0], [268.0, 300.0], [0.0, 12.0], [217.0, 234.0], [2.0, 31.0], [299.0, 310.0], [133.0, 147.0], [550.0, 571.0], [170.0, 192.0], [99.0, 119.0], [70.0, 90.0], [72.0, 95.0], [107.0, 121.0], [34.0, 61.0], [55.0, 72.0], [124.0, 154.0], [182.0, 186.0], [252.0, 274.0], [11.0, 42.0], [183.0, 210.0], [78.0, 95.0], [500.0, 524.0], [334.0, 354.0], [53.0, 75.0], [142.0, 171.0], [139.0, 166.0], [449.0, 469.0], [0.0, 612.0], [0.0, 612.0], [0.0, 612.0], [0.0, 612.0]]
[[5.0, 10.0], [39.0, 2.0], [23.0, 37.0], [41.0, 42.0], [48.0, 8.0], [48.0, 17.0], [37.0, 28.0], [36.0, 25.0], [17.0, 3.0], [11.0, 14.0], [9.0, 8.0], [41.0, 34.0], [26.0, 29.0], [45.0, 44.0], [5.0, 41.0], [3.0, 28.0], [4.0, 14.0], [46.0, 45.0], [8.0, 4.0], [7.0, 14.0], [37.0, 10.0], [26.0, 46.0], [46.0, 21.0], [21.0, 36.0], [17.0, 22.0], [16.0, 27.0], [26.0, 33.0], [7.0, 1.0], [24.0, 19.0], [35.0, 16.0], [46.0, 12.0], [8.0, 45.0], [10.0, 6.0], [38.0, 29.0], [22.0, 20.0], [43.0, 2.0], [17.0, 21.0], [18.0, 7.0], [33.0, 15.0], [31.0, 6.0], [6.0, 42.0], [25.0, 25.0], [12.5, 12.5], [37.5, 37.5], [12.5, 25.0]]
[[0.0, 0.0], [0.0, 0.0], [0.0, 0.0], [0.0, 0.0], [0.0, 0.0], [0.0, 0.0], [0.0, 0.0], [0.0, 0.0], [0.0, 0.0], [0.0, 0.0], [0.0, 0.0], [0.0, 0.0], [0.0, 0.0], [0.0, 0.0], [0.0, 0.0], [0.0, 0.0], [0.0, 0.0], [0.0, 0.0], [0.0, 0.0], [0.0, 0.0], [0.0, 0.0], [0.0, 0.0], [0.0, 0.0], [0.0, 0.0], [0.0, 0.0], [0.0, 0.0], [0.0, 0.0], [0.0, 0.0], [0.0, 0.0], [0.0, 0.0], [0.0, 0.0], [0.0, 0.0], [0.0, 0.0], [0.0, 0.0], [0.0, 0.0], [0.0, 0.0], [0.0, 0.0], [0.0, 0.0], [0.0, 0.0], [0.0, 0.0], [0.0, 0.0], [0.0, 0.0], [0.0, 0.0], [0.0, 0.0], [0.0, 0.0]]
^demand; service time^
!! n40w20.002    22.55 608
