40
[[0.0, 33.84, 31.14, 29.83, 8.94, 24.7, 25.46, 19.24, 9.43, 32.53, 22.83, 28.18, 38.18, 27.17, 18.68, 33.3, 16.0, 16.12, 32.02, 17.72, 12.21, 24.19, 17.26, 26.02, 29.97, 20.62, 12.17, 14.32, 24.52, 33.0, 22.2, 10.77, 24.52, 31.76, 31.14, 6.08, 9.43, 24.6, 17.46, 21.21, 9.06, 10.44, 27.32, 9.82, 18.45], [33.84, 0.0, 8.06, 5.0, 40.61, 55.22, 32.2, 19.1, 37.12, 15.0, 12.0, 23.6, 16.76, 38.48, 21.26, 17.2, 19.42, 43.42, 31.78, 21.93, 28.43, 16.12, 35.51, 13.42, 47.76, 19.65, 34.01, 38.29, 17.89, 11.05, 12.81, 44.6, 10.0, 5.66, 13.45, 39.29, 37.12, 10.0, 45.61, 17.46, 42.2, 23.41, 10.51, 40.13, 22.46], [31.14, 8.06, 0.0, 4.47, 39.01, 50.12, 24.7, 13.42, 36.35, 21.54, 13.6, 28.43, 24.33, 41.62, 15.26, 23.77, 15.3, 38.08, 23.77, 16.12, 23.26, 9.22, 36.77, 6.4, 50.12, 22.2, 34.21, 32.76, 10.63, 3.61, 9.0, 41.59, 7.28, 12.37, 19.7, 37.05, 36.35, 12.04, 40.31, 20.0, 40.05, 21.0, 15.12, 35.76, 24.44], [29.83, 5.0, 4.47, 0.0, 37.12, 50.48, 27.31, 14.14, 34.01, 17.09, 9.85, 24.08, 20.1, 37.74, 16.28, 19.31, 14.76, 38.6, 27.29, 16.97, 23.6, 11.18, 33.53, 8.54, 46.52, 18.36, 31.4, 33.42, 13.0, 8.06, 8.06, 40.52, 5.39, 8.06, 15.23, 35.51, 34.01, 8.06, 40.8, 16.12, 38.47, 19.42, 10.7, 35.56, 20.81], [8.94, 40.61, 39.01, 37.12, 0.0, 25.5, 34.06, 27.89, 5.0, 36.36, 28.86, 29.7, 41.88, 23.54, 27.51, 36.62, 24.33, 20.88, 40.8, 26.57, 21.1, 32.76, 13.93, 34.37, 23.54, 24.19, 10.0, 21.1, 33.24, 41.19, 30.02, 8.25, 32.02, 37.64, 35.36, 3.61, 5.0, 30.81, 21.38, 25.5, 3.16, 18.03, 32.6, 14.58, 21.36], [24.7, 55.22, 50.12, 50.48, 25.5, 0.0, 31.14, 36.72, 30.08, 56.85, 45.97, 52.84, 62.48, 49.03, 34.89, 57.8, 35.81, 12.08, 38.01, 34.0, 26.93, 41.15, 39.29, 43.83, 48.0, 45.22, 34.79, 17.46, 40.31, 50.57, 42.44, 17.26, 45.22, 54.56, 55.32, 23.09, 30.08, 47.42, 9.85, 45.61, 22.36, 33.24, 50.92, 15.57, 43.14], [25.46, 32.2, 24.7, 27.31, 34.06, 31.14, 0.0, 15.03, 34.71, 41.3, 29.07, 43.29, 45.89, 49.66, 13.0, 43.19, 18.11, 20.1, 7.28, 13.04, 13.6, 16.16, 40.82, 18.79, 54.64, 34.37, 36.06, 15.52, 14.32, 23.43, 21.38, 31.3, 23.77, 34.48, 39.32, 30.61, 34.71, 29.27, 22.02, 33.14, 33.02, 22.47, 33.8, 22.19, 34.44], [19.24, 19.1, 13.42, 14.14, 27.89, 36.72, 15.03, 0.0, 26.4, 26.31, 14.04, 28.64, 31.05, 37.2, 2.24, 28.16, 4.24, 24.7, 18.03, 2.83, 9.85, 5.0, 29.73, 7.28, 43.86, 19.92, 25.81, 19.42, 5.39, 14.32, 6.71, 29.02, 9.43, 20.12, 24.33, 25.32, 26.4, 14.32, 26.93, 18.44, 28.28, 10.82, 18.83, 22.46, 20.57], [9.43, 37.12, 36.35, 34.01, 5.0, 30.08, 34.71, 26.4, 0.0, 31.76, 25.18, 24.76, 37.22, 19.1, 26.42, 31.91, 22.47, 24.19, 41.04, 25.55, 21.21, 31.02, 9.22, 32.28, 20.62, 19.7, 5.0, 23.41, 31.78, 38.83, 27.46, 13.0, 29.15, 33.73, 30.87, 7.07, 0.0, 27.17, 25.02, 21.19, 8.06, 15.81, 28.5, 17.68, 16.77], [32.53, 15.0, 21.54, 17.09, 36.36, 56.85, 41.3, 26.31, 31.76, 0.0, 12.37, 10.2, 5.66, 26.31, 28.44, 2.24, 24.04, 46.32, 43.05, 28.64, 32.7, 26.02, 26.68, 24.19, 36.22, 12.21, 27.31, 42.06, 28.02, 25.08, 20.02, 42.64, 18.03, 9.43, 2.0, 36.4, 31.76, 12.04, 48.26, 11.31, 38.83, 23.85, 7.52, 41.31, 15.01], [22.83, 12.0, 13.6, 9.85, 28.86, 45.97, 29.07, 14.04, 25.18, 12.37, 0.0, 15.65, 17.46, 28.02, 16.12, 14.14, 11.7, 34.83, 31.4, 16.28, 20.59, 14.56, 23.77, 13.42, 36.67, 8.6, 22.02, 30.23, 16.49, 17.03, 8.25, 33.54, 7.21, 8.94, 10.44, 27.86, 25.18, 2.0, 36.88, 6.4, 30.68, 12.81, 5.15, 30.44, 10.97], [28.18, 23.6, 28.43, 24.08, 29.7, 52.84, 43.29, 28.64, 24.76, 10.2, 15.65, 0.0, 14.14, 16.12, 30.41, 9.0, 25.18, 43.66, 46.57, 30.27, 32.14, 30.08, 17.89, 29.07, 26.08, 9.0, 19.85, 40.26, 31.95, 32.02, 23.77, 37.01, 22.83, 18.03, 10.77, 30.61, 24.76, 16.64, 45.31, 10.2, 32.56, 22.2, 13.44, 37.82, 9.96], [38.18, 16.76, 24.33, 20.1, 41.88, 62.48, 45.89, 31.05, 37.22, 5.66, 17.46, 14.14, 0.0, 30.0, 33.24, 5.39, 29.15, 51.87, 47.04, 33.53, 38.01, 30.15, 31.62, 28.02, 40.0, 17.8, 32.65, 47.51, 32.14, 27.66, 24.52, 48.27, 22.2, 12.04, 7.21, 42.01, 37.22, 16.76, 53.82, 16.97, 44.41, 29.41, 12.35, 46.93, 20.52], [27.17, 38.48, 41.62, 37.74, 23.54, 49.03, 49.66, 37.2, 19.1, 26.31, 28.02, 16.12, 30.0, 0.0, 38.28, 25.08, 33.02, 43.01, 54.71, 37.74, 36.4, 40.36, 10.0, 40.31, 10.0, 19.42, 15.03, 41.44, 41.87, 45.0, 34.66, 31.78, 34.83, 33.24, 26.68, 26.17, 19.1, 29.68, 44.01, 21.63, 26.68, 27.29, 27.97, 36.5, 17.36], [18.68, 21.26, 15.26, 16.28, 27.51, 34.89, 13.0, 2.24, 26.42, 28.44, 16.12, 30.41, 33.24, 38.28, 0.0, 30.27, 5.39, 22.83, 16.55, 1.0, 8.25, 6.32, 30.41, 8.94, 44.55, 21.59, 26.25, 17.49, 6.0, 15.81, 8.94, 28.02, 11.66, 22.36, 26.48, 24.74, 26.42, 16.49, 25.06, 20.22, 27.66, 11.31, 20.99, 20.99, 22.01], [33.3, 17.2, 23.77, 19.31, 36.62, 57.8, 43.19, 28.16, 31.91, 2.24, 14.14, 9.0, 5.39, 25.08, 30.27, 0.0, 25.71, 47.51, 45.1, 30.41, 34.18, 28.07, 26.25, 26.31, 35.06, 12.73, 27.29, 43.38, 30.07, 27.31, 22.0, 43.19, 20.1, 11.66, 4.12, 36.88, 31.91, 14.0, 49.4, 12.21, 39.2, 25.06, 9.51, 42.31, 15.31], [16.0, 19.42, 15.3, 14.76, 24.33, 35.81, 18.11, 4.24, 22.47, 24.04, 11.7, 25.18, 29.15, 33.02, 5.39, 25.71, 0.0, 24.08, 21.93, 5.1, 9.22, 8.54, 25.5, 10.05, 39.62, 16.28, 21.63, 19.1, 9.43, 17.0, 6.71, 26.31, 9.43, 19.21, 22.14, 22.02, 22.47, 12.53, 26.25, 15.03, 25.02, 6.71, 16.81, 20.8, 16.62], [16.12, 43.42, 38.08, 38.6, 20.88, 12.08, 20.1, 24.7, 24.19, 46.32, 34.83, 43.66, 51.87, 43.01, 22.83, 47.51, 24.08, 0.0, 27.29, 21.95, 15.0, 29.07, 33.02, 31.76, 44.38, 35.34, 28.0, 5.39, 28.23, 38.48, 30.61, 14.42, 33.42, 43.14, 44.65, 17.46, 24.19, 36.12, 2.24, 35.36, 18.38, 22.47, 39.91, 6.52, 33.71], [32.02, 31.78, 23.77, 27.29, 40.8, 38.01, 7.28, 18.03, 41.04, 43.05, 31.4, 46.57, 47.04, 54.71, 16.55, 45.1, 21.93, 27.29, 0.0, 17.0, 19.85, 17.03, 46.4, 19.03, 60.44, 37.95, 41.87, 22.8, 15.03, 21.54, 23.19, 38.48, 25.02, 35.13, 41.05, 37.44, 41.04, 31.14, 29.15, 36.4, 39.96, 27.46, 35.59, 29.44, 38.54], [17.72, 21.93, 16.12, 16.97, 26.57, 34.0, 13.04, 2.83, 25.55, 28.64, 16.28, 30.27, 33.53, 37.74, 1.0, 30.41, 5.1, 21.95, 17.0, 0.0, 7.28, 7.28, 29.73, 9.85, 43.86, 21.38, 25.5, 16.64, 7.0, 16.76, 9.43, 27.02, 12.21, 22.83, 26.68, 23.77, 25.55, 16.76, 24.19, 20.1, 26.68, 10.63, 21.22, 20.01, 21.66], [12.21, 28.43, 23.26, 23.6, 21.1, 26.93, 13.6, 9.85, 21.21, 32.7, 20.59, 32.14, 38.01, 36.4, 8.25, 34.18, 9.22, 15.0, 19.85, 7.28, 0.0, 14.56, 27.29, 17.09, 41.05, 23.19, 22.47, 9.9, 14.14, 24.04, 15.62, 20.22, 18.44, 28.43, 30.87, 17.89, 21.21, 21.63, 17.2, 22.56, 20.62, 10.0, 25.74, 12.75, 22.5], [24.19, 16.12, 9.22, 11.18, 32.76, 41.15, 16.16, 5.0, 31.02, 26.02, 14.56, 30.08, 30.15, 40.36, 6.32, 28.07, 8.54, 29.07, 17.03, 7.28, 14.56, 0.0, 33.6, 2.83, 47.63, 21.95, 30.02, 23.71, 2.0, 9.49, 6.32, 34.01, 8.0, 18.44, 24.02, 30.27, 31.02, 14.14, 31.3, 20.12, 33.24, 15.23, 18.56, 27.29, 23.2], [17.26, 35.51, 36.77, 33.53, 13.93, 39.29, 40.82, 29.73, 9.22, 26.68, 23.77, 17.89, 31.62, 10.0, 30.41, 26.25, 25.5, 33.02, 46.4, 29.73, 27.29, 33.6, 0.0, 34.13, 14.14, 16.03, 5.1, 31.58, 34.83, 39.81, 28.65, 22.14, 29.55, 31.06, 26.31, 16.28, 9.22, 25.71, 34.01, 18.11, 17.09, 19.1, 25.54, 26.5, 13.09], [26.02, 13.42, 6.4, 8.54, 34.37, 43.83, 18.79, 7.28, 32.28, 24.19, 13.42, 29.07, 28.02, 40.31, 8.94, 26.31, 10.05, 31.76, 19.03, 9.85, 17.09, 2.83, 34.13, 0.0, 48.01, 21.4, 30.87, 26.42, 4.47, 7.07, 5.66, 36.12, 6.32, 16.12, 22.2, 32.06, 32.28, 12.65, 34.0, 19.42, 35.06, 16.49, 16.87, 29.74, 22.98], [29.97, 47.76, 50.12, 46.52, 23.54, 48.0, 54.64, 43.86, 20.62, 36.22, 36.67, 26.08, 40.0, 10.0, 44.55, 35.06, 39.62, 44.38, 60.44, 43.86, 41.05, 47.63, 14.14, 48.01, 0.0, 28.23, 18.6, 44.01, 48.92, 53.34, 42.44, 31.14, 43.05, 42.72, 36.5, 26.93, 20.62, 38.48, 44.91, 30.46, 26.31, 33.24, 37.32, 37.98, 25.71], [20.62, 19.65, 22.2, 18.36, 24.19, 45.22, 34.37, 19.92, 19.7, 12.21, 8.6, 9.0, 17.8, 19.42, 21.59, 12.73, 16.28, 35.34, 37.95, 21.38, 23.19, 21.95, 16.03, 21.4, 28.23, 0.0, 15.52, 31.62, 23.71, 25.61, 15.81, 30.48, 15.56, 15.03, 11.18, 24.21, 19.7, 10.3, 37.12, 2.24, 26.63, 13.34, 9.51, 29.84, 3.04], [12.17, 34.01, 34.21, 31.4, 10.0, 34.79, 36.06, 25.81, 5.0, 27.31, 22.02, 19.85, 32.65, 15.03, 26.25, 27.29, 21.63, 28.0, 41.87, 25.5, 22.47, 30.02, 5.1, 30.87, 18.6, 15.52, 0.0, 26.48, 31.06, 37.0, 25.63, 17.89, 26.93, 30.15, 26.57, 11.7, 5.0, 24.02, 29.07, 17.26, 13.04, 15.0, 24.75, 21.51, 12.5], [14.32, 38.29, 32.76, 33.42, 21.1, 17.46, 15.52, 19.42, 23.41, 42.06, 30.23, 40.26, 47.51, 41.44, 17.49, 43.38, 19.1, 5.39, 22.8, 16.64, 9.9, 23.71, 31.58, 26.42, 44.01, 31.62, 26.48, 0.0, 22.85, 33.11, 25.5, 16.4, 28.32, 38.29, 40.31, 17.49, 23.41, 31.4, 7.62, 31.38, 19.21, 18.38, 35.36, 7.11, 30.32], [24.52, 17.89, 10.63, 13.0, 33.24, 40.31, 14.32, 5.39, 31.78, 28.02, 16.49, 31.95, 32.14, 41.87, 6.0, 30.07, 9.43, 28.23, 15.03, 7.0, 14.14, 2.0, 34.83, 4.47, 48.92, 23.71, 31.06, 22.85, 0.0, 10.3, 8.25, 34.01, 10.0, 20.4, 26.02, 30.59, 31.78, 16.12, 30.46, 21.93, 33.54, 16.12, 20.55, 26.88, 24.82], [33.0, 11.05, 3.61, 8.06, 41.19, 50.57, 23.43, 14.32, 38.83, 25.08, 17.03, 32.02, 27.66, 45.0, 15.81, 27.31, 17.0, 38.48, 21.54, 16.76, 24.04, 9.49, 39.81, 7.07, 53.34, 25.61, 37.0, 33.11, 10.3, 0.0, 11.4, 43.19, 10.3, 15.81, 23.26, 39.01, 38.83, 15.56, 40.72, 23.43, 42.01, 23.19, 18.72, 36.75, 27.74], [22.2, 12.81, 9.0, 8.06, 30.02, 42.44, 21.38, 6.71, 27.46, 20.02, 8.25, 23.77, 24.52, 34.66, 8.94, 22.0, 6.71, 30.61, 23.19, 9.43, 15.62, 6.32, 28.65, 5.66, 42.44, 15.81, 25.63, 25.5, 8.25, 11.4, 0.0, 32.76, 2.83, 13.42, 18.03, 28.07, 27.46, 8.0, 32.8, 13.89, 31.06, 12.0, 12.51, 27.5, 17.33], [10.77, 44.6, 41.59, 40.52, 8.25, 17.26, 31.3, 29.02, 13.0, 42.64, 33.54, 37.01, 48.27, 31.78, 28.02, 43.19, 26.31, 14.42, 38.48, 27.02, 20.22, 34.01, 22.14, 36.12, 31.14, 30.48, 17.89, 16.4, 34.01, 43.19, 32.76, 0.0, 35.17, 42.49, 41.4, 6.4, 13.0, 35.34, 14.32, 31.4, 5.1, 21.19, 37.9, 9.3, 27.93], [24.52, 10.0, 7.28, 5.39, 32.02, 45.22, 23.77, 9.43, 29.15, 18.03, 7.21, 22.83, 22.2, 34.83, 11.66, 20.1, 9.43, 33.42, 25.02, 12.21, 18.44, 8.0, 29.55, 6.32, 43.05, 15.56, 26.93, 28.32, 10.0, 10.3, 2.83, 35.17, 0.0, 10.77, 16.03, 30.27, 29.15, 6.32, 35.61, 13.45, 33.24, 14.14, 10.61, 30.21, 17.5], [31.76, 5.66, 12.37, 8.06, 37.64, 54.56, 34.48, 20.12, 33.73, 9.43, 8.94, 18.03, 12.04, 33.24, 22.36, 11.66, 19.21, 43.14, 35.13, 22.83, 28.43, 18.44, 31.06, 16.12, 42.72, 15.03, 30.15, 38.29, 20.4, 15.81, 13.42, 42.49, 10.77, 0.0, 7.81, 36.77, 33.73, 7.21, 45.25, 13.0, 39.56, 21.63, 5.52, 39.12, 18.01], [31.14, 13.45, 19.7, 15.23, 35.36, 55.32, 39.32, 24.33, 30.87, 2.0, 10.44, 10.77, 7.21, 26.68, 26.48, 4.12, 22.14, 44.65, 41.05, 26.68, 30.87, 24.02, 26.31, 22.2, 36.5, 11.18, 26.57, 40.31, 26.02, 23.26, 18.03, 41.4, 16.03, 7.81, 0.0, 35.23, 30.87, 10.05, 46.62, 10.0, 37.74, 22.2, 5.52, 39.76, 14.12], [6.08, 39.29, 37.05, 35.51, 3.61, 23.09, 30.61, 25.32, 7.07, 36.4, 27.86, 30.61, 42.01, 26.17, 24.74, 36.88, 22.02, 17.46, 37.44, 23.77, 17.89, 30.27, 16.28, 32.06, 26.93, 24.21, 11.7, 17.49, 30.59, 39.01, 28.07, 6.4, 30.27, 36.77, 35.23, 0.0, 7.07, 29.73, 18.11, 25.24, 3.0, 16.12, 31.98, 11.07, 21.59], [9.43, 37.12, 36.35, 34.01, 5.0, 30.08, 34.71, 26.4, 0.0, 31.76, 25.18, 24.76, 37.22, 19.1, 26.42, 31.91, 22.47, 24.19, 41.04, 25.55, 21.21, 31.02, 9.22, 32.28, 20.62, 19.7, 5.0, 23.41, 31.78, 38.83, 27.46, 13.0, 29.15, 33.73, 30.87, 7.07, 0.0, 27.17, 25.02, 21.19, 8.06, 15.81, 28.5, 17.68, 16.77], [24.6, 10.0, 12.04, 8.06, 30.81, 47.42, 29.27, 14.32, 27.17, 12.04, 2.0, 16.64, 16.76, 29.68, 16.49, 14.0, 12.53, 36.12, 31.14, 16.76, 21.63, 14.14, 25.71, 12.65, 38.48, 10.3, 24.02, 31.4, 16.12, 15.56, 8.0, 35.34, 6.32, 7.21, 10.05, 29.73, 27.17, 0.0, 38.21, 8.06, 32.57, 14.42, 4.53, 31.95, 12.82], [17.46, 45.61, 40.31, 40.8, 21.38, 9.85, 22.02, 26.93, 25.02, 48.26, 36.88, 45.31, 53.82, 44.01, 25.06, 49.4, 26.25, 2.24, 29.15, 24.19, 17.2, 31.3, 34.01, 34.0, 44.91, 37.12, 29.07, 7.62, 30.46, 40.72, 32.8, 14.32, 35.61, 45.25, 46.62, 18.11, 25.02, 38.21, 0.0, 37.22, 18.68, 24.41, 41.93, 7.65, 35.39], [21.21, 17.46, 20.0, 16.12, 25.5, 45.61, 33.14, 18.44, 21.19, 11.31, 6.4, 10.2, 16.97, 21.63, 20.22, 12.21, 15.03, 35.36, 36.4, 20.1, 22.56, 20.12, 18.11, 19.42, 30.46, 2.24, 17.26, 31.38, 21.93, 23.43, 13.89, 31.4, 13.45, 13.0, 10.0, 25.24, 21.19, 8.06, 37.22, 0.0, 27.78, 13.0, 7.52, 30.11, 5.02], [9.06, 42.2, 40.05, 38.47, 3.16, 22.36, 33.02, 28.28, 8.06, 38.83, 30.68, 32.56, 44.41, 26.68, 27.66, 39.2, 25.02, 18.38, 39.96, 26.68, 20.62, 33.24, 17.09, 35.06, 26.31, 26.63, 13.04, 19.21, 33.54, 42.01, 31.06, 5.1, 33.24, 39.56, 37.74, 3.0, 8.06, 32.57, 18.68, 27.78, 0.0, 19.1, 34.68, 12.35, 23.9], [10.44, 23.41, 21.0, 19.42, 18.03, 33.24, 22.47, 10.82, 15.81, 23.85, 12.81, 22.2, 29.41, 27.29, 11.31, 25.06, 6.71, 22.47, 27.46, 10.63, 10.0, 15.23, 19.1, 16.49, 33.24, 13.34, 15.0, 18.38, 16.12, 23.19, 12.0, 21.19, 14.14, 21.63, 22.2, 16.12, 15.81, 14.42, 24.41, 13.0, 19.1, 0.0, 17.68, 17.68, 12.5], [27.32, 10.51, 15.12, 10.7, 32.6, 50.92, 33.8, 18.83, 28.5, 7.52, 5.15, 13.44, 12.35, 27.97, 20.99, 9.51, 16.81, 39.91, 35.59, 21.22, 25.74, 18.56, 25.54, 16.87, 37.32, 9.51, 24.75, 35.36, 20.55, 18.72, 12.51, 37.9, 10.61, 5.52, 5.52, 31.98, 28.5, 4.53, 41.93, 7.52, 34.68, 17.68, 0.0, 35.36, 12.5], [9.82, 40.13, 35.76, 35.56, 14.58, 15.57, 22.19, 22.46, 17.68, 41.31, 30.44, 37.82, 46.93, 36.5, 20.99, 42.31, 20.8, 6.52, 29.44, 20.01, 12.75, 27.29, 26.5, 29.74, 37.98, 29.84, 21.51, 7.11, 26.88, 36.75, 27.5, 9.3, 30.21, 39.12, 39.76, 11.07, 17.68, 31.95, 7.65, 30.11, 12.35, 17.68, 35.36, 0.0, 27.95], [18.45, 22.46, 24.44, 20.81, 21.36, 43.14, 34.44, 20.57, 16.77, 15.01, 10.97, 9.96, 20.52, 17.36, 22.01, 15.31, 16.62, 33.71, 38.54, 21.66, 22.5, 23.2, 13.09, 22.98, 25.71, 3.04, 12.5, 30.32, 24.82, 27.74, 17.33, 27.93, 17.5, 18.01, 14.12, 21.59, 16.77, 12.82, 35.39, 5.02, 23.9, 12.5, 12.5, 27.95, 0.0]]
[20, 20, 20, 20]
5
[[0.0, 499.0], [101.0, 223.0], [158.0, 215.0], [94.0, 153.0], [0.0, 77.0], [278.0, 334.0], [239.0, 350.0], [121.0, 251.0], [0.0, 75.0], [161.0, 307.0], [80.0, 153.0], [28.0, 106.0], [86.0, 134.0], [394.0, 461.0], [191.0, 360.0], [74.0, 159.0], [74.0, 252.0], [280.0, 434.0], [181.0, 366.0], [89.0, 236.0], [396.0, 487.0], [140.0, 332.0], [0.0, 102.0], [149.0, 177.0], [25.0, 111.0], [0.0, 128.0], [16.0, 22.0], [254.0, 390.0], [95.0, 241.0], [230.0, 253.0], [138.0, 208.0], [303.0, 436.0], [68.0, 219.0], [42.0, 150.0], [29.0, 118.0], [346.0, 404.0], [0.0, 99.0], [101.0, 181.0], [259.0, 357.0], [0.0, 183.0], [411.0, 443.0], [0.0, 499.0], [0.0, 499.0], [0.0, 499.0], [0.0, 499.0]]
[[28.0, 35.0], [17.0, 3.0], [25.0, 4.0], [21.0, 6.0], [24.0, 43.0], [49.0, 48.0], [46.0, 17.0], [31.0, 16.0], [20.0, 40.0], [5.0, 12.0], [17.0, 15.0], [3.0, 22.0], [1.0, 8.0], [1.0, 38.0], [33.0, 17.0], [3.0, 13.0], [28.0, 19.0], [44.0, 37.0], [48.0, 10.0], [33.0, 18.0], [35.0, 25.0], [31.0, 11.0], [11.0, 38.0], [29.0, 9.0], [1.0, 48.0], [12.0, 22.0], [16.0, 37.0], [42.0, 32.0], [33.0, 11.0], [28.0, 2.0], [25.0, 13.0], [32.0, 45.0], [23.0, 11.0], [13.0, 7.0], [7.0, 12.0], [27.0, 41.0], [20.0, 40.0], [17.0, 13.0], [45.0, 39.0], [13.0, 20.0], [27.0, 44.0], [25.0, 25.0], [12.5, 12.5], [37.5, 37.5], [12.5, 25.0]]
[[0.0, 0.0], [0.0, 0.0], [0.0, 0.0], [0.0, 0.0], [0.0, 0.0], [0.0, 0.0], [0.0, 0.0], [0.0, 0.0], [0.0, 0.0], [0.0, 0.0], [0.0, 0.0], [0.0, 0.0], [0.0, 0.0], [0.0, 0.0], [0.0, 0.0], [0.0, 0.0], [0.0, 0.0], [0.0, 0.0], [0.0, 0.0], [0.0, 0.0], [0.0, 0.0], [0.0, 0.0], [0.0, 0.0], [0.0, 0.0], [0.0, 0.0], [0.0, 0.0], [0.0, 0.0], [0.0, 0.0], [0.0, 0.0], [0.0, 0.0], [0.0, 0.0], [0.0, 0.0], [0.0, 0.0], [0.0, 0.0], [0.0, 0.0], [0.0, 0.0], [0.0, 0.0], [0.0, 0.0], [0.0, 0.0], [0.0, 0.0], [0.0, 0.0], [0.0, 0.0], [0.0, 0.0], [0.0, 0.0], [0.0, 0.0]]
^demand; service time^
!! n40w100.002   101.40 463
