40
[[0.0, 34.67, 45.12, 51.31, 26.31, 5.83, 27.66, 26.31, 17.09, 18.44, 45.35, 46.32, 22.2, 46.49, 39.82, 41.01, 25.02, 22.67, 29.53, 28.07, 14.0, 12.37, 8.54, 19.0, 18.44, 7.81, 30.15, 42.72, 5.83, 33.6, 35.9, 35.0, 38.05, 24.08, 34.13, 50.25, 26.93, 15.03, 5.66, 41.0, 28.18, 21.59, 19.46, 34.33, 9.86], [34.67, 0.0, 32.65, 49.04, 51.48, 34.93, 51.43, 15.3, 41.88, 25.02, 33.54, 45.12, 23.09, 37.16, 44.05, 23.32, 52.15, 36.06, 47.43, 56.3, 43.93, 27.8, 33.84, 29.0, 18.6, 34.66, 16.03, 33.24, 28.84, 39.05, 12.53, 40.01, 22.85, 50.77, 16.76, 47.13, 44.6, 44.05, 29.15, 14.87, 46.82, 25.3, 41.86, 12.35, 31.56], [45.12, 32.65, 0.0, 18.03, 43.08, 49.34, 41.63, 22.8, 38.47, 48.83, 1.0, 15.81, 23.09, 5.0, 19.85, 9.49, 45.54, 27.46, 34.0, 49.4, 44.18, 32.76, 50.33, 52.7, 29.53, 39.2, 19.1, 3.61, 41.11, 19.72, 20.12, 19.42, 10.0, 44.27, 16.4, 16.03, 32.7, 43.29, 42.38, 19.42, 34.44, 23.54, 36.28, 20.41, 35.85], [51.31, 49.04, 18.03, 0.0, 39.05, 56.61, 37.01, 36.24, 38.9, 60.31, 17.03, 5.0, 32.65, 13.04, 12.37, 27.07, 42.11, 29.07, 29.07, 45.0, 45.22, 39.82, 58.41, 63.7, 40.61, 43.91, 33.62, 16.12, 49.04, 17.89, 36.88, 16.55, 26.48, 41.19, 32.28, 2.0, 29.43, 43.97, 50.45, 37.12, 30.15, 31.83, 36.06, 36.75, 41.46], [26.31, 51.48, 43.08, 39.05, 0.0, 31.78, 2.24, 37.2, 10.2, 44.0, 42.72, 35.01, 29.21, 41.48, 27.02, 44.65, 3.16, 17.03, 10.0, 6.32, 12.65, 24.35, 34.71, 45.18, 33.11, 20.02, 38.95, 39.56, 29.02, 23.77, 46.01, 24.52, 41.62, 2.83, 41.73, 39.0, 10.44, 11.4, 30.0, 50.21, 9.06, 27.02, 9.62, 44.64, 21.48], [5.83, 34.93, 49.34, 56.61, 31.78, 0.0, 33.24, 29.02, 22.85, 14.76, 49.65, 51.61, 26.25, 51.08, 45.34, 44.41, 30.27, 28.28, 35.36, 33.02, 19.24, 17.0, 3.0, 14.32, 21.02, 13.6, 33.06, 47.17, 8.25, 39.05, 38.12, 40.46, 41.59, 29.43, 37.05, 55.47, 32.76, 20.4, 7.07, 43.19, 34.0, 26.0, 25.27, 36.59, 15.24], [27.66, 51.43, 41.63, 37.01, 2.24, 33.24, 0.0, 36.89, 11.0, 45.04, 41.23, 33.06, 28.84, 39.85, 25.08, 43.6, 5.39, 16.28, 8.06, 8.06, 14.32, 24.74, 36.14, 46.39, 33.24, 21.02, 38.42, 38.08, 30.02, 22.14, 45.45, 22.8, 40.61, 5.0, 41.04, 37.01, 8.94, 13.0, 31.06, 49.52, 7.28, 26.63, 9.82, 44.12, 22.14], [26.31, 15.3, 22.8, 36.24, 37.2, 29.02, 36.89, 0.0, 28.28, 26.08, 23.43, 31.78, 8.06, 26.17, 29.43, 15.81, 38.29, 21.02, 32.31, 42.52, 31.62, 15.65, 29.27, 30.02, 8.0, 23.26, 4.12, 21.93, 21.02, 24.02, 9.85, 25.08, 13.42, 36.88, 8.06, 34.48, 29.55, 31.4, 22.0, 14.87, 31.78, 10.3, 27.72, 8.28, 19.68], [17.09, 41.88, 38.47, 38.9, 10.2, 22.85, 11.0, 28.28, 0.0, 34.06, 38.33, 34.21, 20.62, 38.01, 26.57, 38.08, 10.3, 11.05, 12.81, 14.42, 6.32, 14.32, 25.63, 35.51, 23.32, 10.05, 30.61, 35.23, 19.03, 21.38, 37.64, 22.56, 34.93, 8.94, 33.84, 38.33, 10.63, 5.1, 20.1, 42.2, 11.4, 18.6, 2.92, 36.17, 11.28], [18.44, 25.02, 48.83, 60.31, 44.0, 14.76, 45.04, 26.08, 34.06, 0.0, 49.41, 55.44, 27.66, 51.86, 50.77, 41.59, 43.1, 35.47, 45.12, 46.39, 32.25, 22.47, 12.21, 4.12, 19.8, 24.02, 30.02, 47.63, 15.03, 44.42, 32.57, 45.79, 39.45, 42.05, 33.54, 58.8, 42.2, 33.14, 14.0, 37.11, 43.93, 28.6, 35.78, 31.31, 23.44], [45.35, 33.54, 1.0, 17.03, 42.72, 49.65, 41.23, 23.43, 38.33, 49.41, 0.0, 14.87, 23.41, 4.0, 19.1, 10.44, 45.22, 27.29, 33.54, 49.04, 44.1, 32.98, 50.7, 53.25, 30.02, 39.32, 19.8, 3.16, 41.44, 19.24, 21.02, 18.87, 10.82, 43.97, 17.2, 15.03, 32.31, 43.19, 42.72, 20.4, 34.01, 23.77, 36.09, 21.27, 36.0], [46.32, 45.12, 15.81, 5.0, 35.01, 51.61, 33.06, 31.78, 34.21, 55.44, 14.87, 0.0, 27.8, 11.18, 8.0, 24.08, 38.0, 24.17, 25.02, 41.11, 40.52, 34.83, 53.41, 58.8, 35.81, 38.95, 29.41, 13.15, 44.05, 13.0, 33.24, 11.7, 23.02, 37.01, 28.44, 4.12, 25.08, 39.29, 45.45, 34.01, 26.0, 26.91, 31.41, 32.96, 36.47], [22.2, 23.09, 23.09, 32.65, 29.21, 26.25, 28.84, 8.06, 20.62, 27.66, 23.41, 27.8, 0.0, 25.06, 23.77, 19.1, 30.41, 13.0, 24.35, 34.66, 24.6, 10.0, 27.31, 31.11, 8.06, 17.26, 10.0, 21.02, 18.03, 17.72, 17.03, 18.97, 16.03, 29.0, 13.42, 31.14, 21.54, 24.19, 19.31, 21.63, 23.77, 2.24, 19.81, 15.57, 13.65], [46.49, 37.16, 5.0, 13.04, 41.48, 51.08, 39.85, 26.17, 38.01, 51.86, 4.0, 11.18, 25.06, 0.0, 16.4, 14.32, 44.15, 27.0, 31.95, 47.8, 44.01, 34.18, 52.33, 55.61, 32.2, 40.02, 22.8, 4.24, 42.95, 17.72, 24.7, 17.09, 14.32, 42.95, 20.59, 11.05, 31.05, 43.0, 44.28, 24.33, 32.57, 25.08, 35.59, 24.83, 36.88], [39.82, 44.05, 19.85, 12.37, 27.02, 45.34, 25.08, 29.43, 26.57, 50.77, 19.1, 8.0, 23.77, 16.4, 0.0, 26.0, 30.0, 17.2, 17.03, 33.14, 32.89, 29.07, 47.38, 53.82, 31.78, 32.2, 28.02, 16.4, 38.21, 6.4, 33.24, 5.0, 24.04, 29.02, 28.16, 12.04, 17.12, 31.62, 39.62, 35.17, 18.0, 22.36, 23.72, 32.6, 30.1], [41.01, 23.32, 9.49, 27.07, 44.65, 44.41, 43.6, 15.81, 38.08, 41.59, 10.44, 24.08, 19.1, 14.32, 26.0, 0.0, 46.65, 27.78, 36.8, 50.77, 43.01, 29.07, 44.91, 45.62, 23.54, 36.35, 11.7, 11.0, 36.22, 23.6, 10.82, 23.85, 3.16, 45.28, 8.06, 25.08, 34.83, 42.38, 37.34, 10.05, 36.88, 20.4, 36.45, 11.34, 32.75], [25.02, 52.15, 45.54, 42.11, 3.16, 30.27, 5.39, 38.29, 10.3, 43.1, 45.22, 38.0, 30.41, 44.15, 30.0, 46.65, 0.0, 18.87, 13.04, 4.24, 11.05, 24.6, 33.24, 44.01, 33.62, 19.42, 40.31, 42.06, 28.28, 26.48, 47.38, 27.29, 43.57, 1.41, 43.28, 42.01, 13.15, 10.0, 29.15, 51.74, 12.0, 28.28, 10.61, 45.96, 21.36], [22.67, 36.06, 27.46, 29.07, 17.03, 28.28, 16.28, 21.02, 11.05, 35.47, 27.29, 24.17, 13.0, 27.0, 17.2, 27.78, 18.87, 0.0, 11.4, 23.02, 17.03, 13.0, 30.48, 38.01, 19.03, 15.0, 22.2, 24.19, 21.63, 11.18, 29.21, 12.53, 24.7, 17.49, 24.76, 28.23, 8.54, 16.0, 23.02, 33.24, 10.77, 10.77, 8.86, 27.9, 13.12], [29.53, 47.43, 34.0, 29.07, 10.0, 35.36, 8.06, 32.31, 12.81, 45.12, 33.54, 25.02, 24.35, 31.95, 17.03, 36.8, 13.04, 11.4, 0.0, 16.12, 18.44, 23.09, 38.01, 47.13, 30.27, 21.93, 33.12, 30.41, 30.36, 14.32, 39.96, 14.87, 33.94, 12.17, 35.23, 29.0, 3.0, 17.03, 31.62, 43.6, 1.41, 22.14, 10.12, 38.76, 21.71], [28.07, 56.3, 49.4, 45.0, 6.32, 33.02, 8.06, 42.52, 14.42, 46.39, 49.04, 41.11, 34.66, 47.8, 33.14, 50.77, 4.24, 23.02, 16.12, 0.0, 14.14, 28.65, 36.01, 47.04, 37.74, 23.09, 44.55, 45.88, 31.78, 30.08, 51.62, 30.81, 47.71, 5.66, 47.51, 45.04, 16.76, 13.34, 32.56, 55.97, 15.3, 32.53, 14.85, 50.2, 25.28], [14.0, 43.93, 44.18, 45.22, 12.65, 19.24, 14.32, 31.62, 6.32, 32.25, 44.1, 40.52, 24.6, 44.01, 32.89, 43.01, 11.05, 17.03, 18.44, 14.14, 0.0, 16.28, 22.2, 33.0, 25.46, 9.43, 34.48, 41.05, 17.72, 27.66, 41.34, 28.86, 39.85, 10.2, 38.01, 44.64, 16.64, 1.41, 18.44, 46.14, 17.03, 22.85, 9.19, 39.81, 12.38], [12.37, 27.8, 32.76, 39.82, 24.35, 17.0, 24.74, 15.65, 14.32, 22.47, 32.98, 34.83, 10.0, 34.18, 29.07, 29.07, 24.6, 13.0, 23.09, 28.65, 16.28, 0.0, 18.6, 25.06, 9.22, 7.62, 18.97, 30.36, 9.22, 22.67, 25.5, 24.08, 26.02, 23.26, 22.8, 38.6, 20.1, 16.28, 10.63, 30.46, 22.02, 9.22, 14.92, 23.93, 4.03], [8.54, 33.84, 50.33, 58.41, 34.71, 3.0, 36.14, 29.27, 25.63, 12.21, 50.7, 53.41, 27.31, 52.33, 47.38, 44.91, 33.24, 30.48, 38.01, 36.01, 22.2, 18.6, 0.0, 11.4, 21.38, 16.12, 33.38, 48.33, 9.43, 41.04, 38.0, 42.45, 42.2, 32.39, 37.34, 57.2, 35.36, 23.35, 8.06, 43.01, 36.67, 27.29, 27.97, 36.5, 17.36], [19.0, 29.0, 52.7, 63.7, 45.18, 14.32, 46.39, 30.02, 35.51, 4.12, 53.25, 58.8, 31.11, 55.61, 53.82, 45.62, 44.01, 38.01, 47.13, 47.04, 33.0, 25.06, 11.4, 0.0, 23.43, 25.5, 34.0, 51.4, 16.76, 47.43, 36.69, 48.83, 43.42, 43.05, 37.58, 62.24, 44.27, 34.01, 15.52, 41.23, 45.88, 31.89, 37.48, 35.42, 25.46], [18.44, 18.6, 29.53, 40.61, 33.11, 21.02, 33.24, 8.0, 23.32, 19.8, 30.02, 35.81, 8.06, 32.2, 31.78, 23.54, 33.62, 19.03, 30.27, 37.74, 25.46, 9.22, 21.38, 23.43, 0.0, 16.4, 12.04, 28.02, 13.04, 25.63, 17.46, 26.93, 20.88, 32.25, 16.03, 39.05, 27.29, 25.5, 14.0, 22.56, 29.43, 9.49, 23.51, 15.89, 13.09], [7.81, 34.66, 39.2, 43.91, 20.02, 13.6, 21.02, 23.26, 10.05, 24.02, 39.32, 38.95, 17.26, 40.02, 32.2, 36.35, 19.42, 15.0, 21.93, 23.09, 9.43, 7.62, 16.12, 25.5, 16.4, 0.0, 26.57, 36.5, 9.0, 26.08, 33.11, 27.46, 33.24, 18.25, 30.36, 42.94, 19.24, 9.85, 10.05, 38.08, 20.62, 16.03, 12.02, 31.54, 3.64], [30.15, 16.03, 19.1, 33.62, 38.95, 33.06, 38.42, 4.12, 30.61, 30.02, 19.8, 29.41, 10.0, 22.8, 28.02, 11.7, 40.31, 22.2, 33.12, 44.55, 34.48, 18.97, 33.38, 34.0, 12.04, 26.57, 0.0, 18.6, 25.0, 23.19, 7.07, 24.08, 9.43, 38.9, 4.0, 31.78, 30.53, 34.13, 26.02, 11.66, 32.76, 12.04, 29.71, 5.7, 22.94], [42.72, 33.24, 3.61, 16.12, 39.56, 47.17, 38.08, 21.93, 35.23, 47.63, 3.16, 13.15, 21.02, 4.24, 16.4, 11.0, 42.06, 24.19, 30.41, 45.88, 41.05, 30.36, 48.33, 51.4, 28.02, 36.5, 18.6, 0.0, 39.0, 16.12, 20.88, 15.81, 10.44, 40.8, 16.55, 14.14, 29.15, 40.11, 40.31, 21.02, 30.87, 21.19, 32.96, 20.89, 33.25], [5.83, 28.84, 41.11, 49.04, 29.02, 8.25, 30.02, 21.02, 19.03, 15.03, 41.44, 44.05, 18.03, 42.95, 38.21, 36.22, 28.28, 21.63, 30.36, 31.78, 17.72, 9.22, 9.43, 16.76, 13.04, 9.0, 25.0, 39.0, 0.0, 31.83, 30.41, 33.24, 33.38, 27.17, 29.0, 47.8, 27.51, 18.44, 1.41, 35.51, 29.12, 17.89, 20.8, 28.85, 8.73], [33.6, 39.05, 19.72, 17.89, 23.77, 39.05, 22.14, 24.02, 21.38, 44.42, 19.24, 13.0, 17.72, 17.72, 6.4, 23.6, 26.48, 11.18, 14.32, 30.08, 27.66, 22.67, 41.04, 47.43, 25.63, 26.08, 23.19, 16.12, 31.83, 0.0, 29.12, 1.41, 21.1, 25.32, 24.04, 17.09, 13.34, 26.48, 33.24, 31.78, 14.87, 16.16, 18.67, 28.26, 23.82], [35.9, 12.53, 20.12, 36.88, 46.01, 38.12, 45.45, 9.85, 37.64, 32.57, 21.02, 33.24, 17.03, 24.7, 33.24, 10.82, 47.38, 29.21, 39.96, 51.62, 41.34, 25.5, 38.0, 36.69, 17.46, 33.11, 7.07, 20.88, 30.41, 29.12, 0.0, 29.83, 10.44, 45.97, 5.1, 34.93, 37.44, 41.05, 31.26, 5.1, 39.66, 19.1, 36.78, 1.58, 29.52], [35.0, 40.01, 19.42, 16.55, 24.52, 40.46, 22.8, 25.08, 22.56, 45.79, 18.87, 11.7, 18.97, 17.09, 5.0, 23.85, 27.29, 12.53, 14.87, 30.81, 28.86, 24.08, 42.45, 48.83, 26.93, 27.46, 24.08, 15.81, 33.24, 1.41, 29.83, 0.0, 21.47, 26.17, 24.74, 15.81, 14.14, 27.66, 34.66, 32.31, 15.52, 17.46, 19.81, 29.03, 25.22], [38.05, 22.85, 10.0, 26.48, 41.62, 41.59, 40.61, 13.42, 34.93, 39.45, 10.82, 23.02, 16.03, 14.32, 24.04, 3.16, 43.57, 24.7, 33.94, 47.71, 39.85, 26.02, 42.2, 43.42, 20.88, 33.24, 9.43, 10.44, 33.38, 21.1, 10.44, 21.47, 0.0, 42.19, 6.4, 24.52, 31.89, 39.22, 34.53, 11.18, 33.97, 17.26, 33.32, 10.51, 29.65], [24.08, 50.77, 44.27, 41.19, 2.83, 29.43, 5.0, 36.88, 8.94, 42.05, 43.97, 37.01, 29.0, 42.95, 29.02, 45.28, 1.41, 17.49, 12.17, 5.66, 10.2, 23.26, 32.39, 43.05, 32.25, 18.25, 38.9, 40.8, 27.17, 25.32, 45.97, 26.17, 42.19, 0.0, 41.87, 41.05, 12.04, 9.06, 28.07, 50.33, 11.05, 26.87, 9.19, 44.55, 20.08], [34.13, 16.76, 16.4, 32.28, 41.73, 37.05, 41.04, 8.06, 33.84, 33.54, 17.2, 28.44, 13.42, 20.59, 28.16, 8.06, 43.28, 24.76, 35.23, 47.51, 38.01, 22.8, 37.34, 37.58, 16.03, 30.36, 4.0, 16.55, 29.0, 24.04, 5.1, 24.74, 6.4, 41.87, 0.0, 30.36, 32.8, 37.59, 30.02, 8.49, 35.0, 15.26, 32.72, 4.53, 26.73], [50.25, 47.13, 16.03, 2.0, 39.0, 55.47, 37.01, 34.48, 38.33, 58.8, 15.03, 4.12, 31.14, 11.05, 12.04, 25.08, 42.01, 28.23, 29.0, 45.04, 44.64, 38.6, 57.2, 62.24, 39.05, 42.94, 31.78, 14.14, 47.8, 17.09, 34.93, 15.81, 24.52, 41.05, 30.36, 0.0, 29.15, 43.42, 49.2, 35.13, 30.02, 30.41, 35.53, 34.82, 40.39], [26.93, 44.6, 32.7, 29.43, 10.44, 32.76, 8.94, 29.55, 10.63, 42.2, 32.31, 25.08, 21.54, 31.05, 17.12, 34.83, 13.15, 8.54, 3.0, 16.76, 16.64, 20.1, 35.36, 44.27, 27.29, 19.24, 30.53, 29.15, 27.51, 13.34, 37.44, 14.14, 31.89, 12.04, 32.8, 29.15, 0.0, 15.26, 28.79, 41.23, 2.24, 19.31, 7.78, 36.2, 18.82], [15.03, 44.05, 43.29, 43.97, 11.4, 20.4, 13.0, 31.4, 5.1, 33.14, 43.19, 39.29, 24.19, 43.0, 31.62, 42.38, 10.0, 16.0, 17.03, 13.34, 1.41, 16.28, 23.35, 34.01, 25.5, 9.85, 34.13, 40.11, 18.44, 26.48, 41.05, 27.66, 39.22, 9.06, 37.59, 43.42, 15.26, 0.0, 19.24, 45.79, 15.62, 22.36, 7.91, 39.53, 12.5], [5.66, 29.15, 42.38, 50.45, 30.0, 7.07, 31.06, 22.0, 20.1, 14.0, 42.72, 45.45, 19.31, 44.28, 39.62, 37.34, 29.15, 23.02, 31.62, 32.56, 18.44, 10.63, 8.06, 15.52, 14.0, 10.05, 26.02, 40.31, 1.41, 33.24, 31.26, 34.66, 34.53, 28.07, 30.02, 49.2, 28.79, 19.24, 0.0, 36.35, 30.36, 19.24, 21.97, 29.71, 10.06], [41.0, 14.87, 19.42, 37.12, 50.21, 43.19, 49.52, 14.87, 42.2, 37.11, 20.4, 34.01, 21.63, 24.33, 35.17, 10.05, 51.74, 33.24, 43.6, 55.97, 46.14, 30.46, 43.01, 41.23, 22.56, 38.08, 11.66, 21.02, 35.51, 31.78, 5.1, 32.31, 11.18, 50.33, 8.49, 35.13, 41.23, 45.79, 36.35, 0.0, 43.42, 23.6, 41.16, 6.67, 34.47], [28.18, 46.82, 34.44, 30.15, 9.06, 34.0, 7.28, 31.78, 11.4, 43.93, 34.01, 26.0, 23.77, 32.57, 18.0, 36.88, 12.0, 10.77, 1.41, 15.3, 17.03, 22.02, 36.67, 45.88, 29.43, 20.62, 32.76, 30.87, 29.12, 14.87, 39.66, 15.52, 33.97, 11.05, 35.0, 30.02, 2.24, 15.62, 30.36, 43.42, 0.0, 21.54, 8.75, 38.43, 20.5], [21.59, 25.3, 23.54, 31.83, 27.02, 26.0, 26.63, 10.3, 18.6, 28.6, 23.77, 26.91, 2.24, 25.08, 22.36, 20.4, 28.28, 10.77, 22.14, 32.53, 22.85, 9.22, 27.29, 31.89, 9.49, 16.03, 12.04, 21.19, 17.89, 16.16, 19.1, 17.46, 17.26, 26.87, 15.26, 30.41, 19.31, 22.36, 19.24, 23.6, 21.54, 0.0, 17.68, 17.68, 12.5], [19.46, 41.86, 36.28, 36.06, 9.62, 25.27, 9.82, 27.72, 2.92, 35.78, 36.09, 31.41, 19.81, 35.59, 23.72, 36.45, 10.61, 8.86, 10.12, 14.85, 9.19, 14.92, 27.97, 37.48, 23.51, 12.02, 29.71, 32.96, 20.8, 18.67, 36.78, 19.81, 33.32, 9.19, 32.72, 35.53, 7.78, 7.91, 21.97, 41.16, 8.75, 17.68, 0.0, 35.36, 12.5], [34.33, 12.35, 20.41, 36.75, 44.64, 36.59, 44.12, 8.28, 36.17, 31.31, 21.27, 32.96, 15.57, 24.83, 32.6, 11.34, 45.96, 27.9, 38.76, 50.2, 39.81, 23.93, 36.5, 35.42, 15.89, 31.54, 5.7, 20.89, 28.85, 28.26, 1.58, 29.03, 10.51, 44.55, 4.53, 34.82, 36.2, 39.53, 29.71, 6.67, 38.43, 17.68, 35.36, 0.0, 27.95], [9.86, 31.56, 35.85, 41.46, 21.48, 15.24, 22.14, 19.68, 11.28, 23.44, 36.0, 36.47, 13.65, 36.88, 30.1, 32.75, 21.36, 13.12, 21.71, 25.28, 12.38, 4.03, 17.36, 25.46, 13.09, 3.64, 22.94, 33.25, 8.73, 23.82, 29.52, 25.22, 29.65, 20.08, 26.73, 40.39, 18.82, 12.5, 10.06, 34.47, 20.5, 12.5, 12.5, 27.95, 0.0]]
[20, 20, 20, 20]
5
[[0.0, 539.0], [340.0, 347.0], [76.0, 96.0], [100.0, 110.0], [144.0, 170.0], [14.0, 31.0], [147.0, 166.0], [327.0, 346.0], [168.0, 189.0], [240.0, 272.0], [456.0, 470.0], [95.0, 115.0], [43.0, 48.0], [86.0, 103.0], [112.0, 115.0], [360.0, 391.0], [139.0, 174.0], [113.0, 142.0], [129.0, 142.0], [147.0, 166.0], [212.0, 226.0], [19.0, 31.0], [223.0, 256.0], [285.0, 315.0], [40.0, 58.0], [267.0, 279.0], [41.0, 75.0], [62.0, 93.0], [0.0, 15.0], [114.0, 136.0], [371.0, 395.0], [394.0, 427.0], [57.0, 79.0], [179.0, 204.0], [60.0, 72.0], [461.0, 489.0], [201.0, 220.0], [169.0, 179.0], [10.0, 31.0], [349.0, 379.0], [412.0, 438.0], [0.0, 539.0], [0.0, 539.0], [0.0, 539.0], [0.0, 539.0]]
[[4.0, 30.0], [33.0, 49.0], [48.0, 20.0], [47.0, 2.0], [8.0, 4.0], [1.0, 35.0], [10.0, 3.0], [30.0, 34.0], [10.0, 14.0], [8.0, 48.0], [48.0, 19.0], [43.0, 5.0], [26.0, 27.0], [48.0, 15.0], [35.0, 5.0], [45.0, 29.0], [5.0, 5.0], [21.0, 15.0], [18.0, 4.0], [2.0, 2.0], [4.0, 16.0], [16.0, 27.0], [1.0, 38.0], [4.0, 49.0], [22.0, 34.0], [9.0, 24.0], [34.0, 33.0], [45.0, 18.0], [9.0, 33.0], [31.0, 10.0], [39.0, 38.0], [32.0, 9.0], [42.0, 28.0], [6.0, 6.0], [38.0, 33.0], [47.0, 4.0], [18.0, 7.0], [5.0, 15.0], [8.0, 34.0], [44.0, 39.0], [17.0, 5.0], [25.0, 25.0], [12.5, 12.5], [37.5, 37.5], [12.5, 25.0]]
[[0.0, 0.0], [0.0, 0.0], [0.0, 0.0], [0.0, 0.0], [0.0, 0.0], [0.0, 0.0], [0.0, 0.0], [0.0, 0.0], [0.0, 0.0], [0.0, 0.0], [0.0, 0.0], [0.0, 0.0], [0.0, 0.0], [0.0, 0.0], [0.0, 0.0], [0.0, 0.0], [0.0, 0.0], [0.0, 0.0], [0.0, 0.0], [0.0, 0.0], [0.0, 0.0], [0.0, 0.0], [0.0, 0.0], [0.0, 0.0], [0.0, 0.0], [0.0, 0.0], [0.0, 0.0], [0.0, 0.0], [0.0, 0.0], [0.0, 0.0], [0.0, 0.0], [0.0, 0.0], [0.0, 0.0], [0.0, 0.0], [0.0, 0.0], [0.0, 0.0], [0.0, 0.0], [0.0, 0.0], [0.0, 0.0], [0.0, 0.0], [0.0, 0.0], [0.0, 0.0], [0.0, 0.0], [0.0, 0.0], [0.0, 0.0]]
^demand; service time^
!! n40w20.005    20.70 528
