40
[[0.0, 8.49, 10.44, 23.85, 26.93, 36.89, 22.2, 12.04, 32.98, 39.0, 25.5, 15.0, 17.0, 16.28, 11.7, 15.13, 12.53, 34.71, 28.65, 29.15, 20.4, 18.03, 8.94, 25.46, 24.33, 26.31, 8.6, 14.32, 13.0, 11.0, 25.0, 19.85, 19.21, 15.3, 3.61, 31.26, 25.18, 28.28, 28.07, 9.0, 25.81, 13.0, 7.52, 30.11, 14.15], [8.49, 0.0, 18.36, 26.93, 23.85, 39.56, 18.36, 19.31, 40.5, 42.95, 29.43, 21.84, 16.64, 23.77, 11.18, 21.38, 20.81, 42.06, 32.02, 37.44, 17.2, 24.52, 14.14, 26.83, 20.59, 20.1, 1.41, 21.93, 9.22, 7.81, 27.51, 28.32, 21.84, 22.85, 8.54, 37.05, 31.14, 24.17, 23.41, 16.16, 28.46, 18.03, 14.58, 32.6, 22.5], [10.44, 18.36, 0.0, 28.6, 36.22, 41.04, 32.0, 12.73, 29.07, 41.4, 29.0, 15.62, 25.5, 6.0, 15.23, 7.07, 3.16, 31.14, 32.56, 22.56, 30.02, 8.94, 7.28, 31.76, 34.01, 36.67, 18.79, 4.0, 18.87, 21.21, 30.23, 12.37, 25.06, 5.0, 10.0, 31.3, 25.55, 38.01, 38.01, 11.66, 30.81, 17.49, 4.3, 34.91, 9.34], [23.85, 26.93, 28.6, 0.0, 18.38, 13.04, 19.24, 16.12, 24.19, 16.12, 3.61, 13.93, 12.17, 33.62, 35.36, 35.61, 27.78, 24.41, 5.1, 28.44, 17.46, 37.44, 31.89, 5.39, 19.42, 27.29, 25.71, 31.91, 35.47, 20.1, 2.0, 26.48, 5.1, 32.76, 27.46, 14.21, 11.18, 21.93, 23.43, 17.03, 2.24, 11.31, 28.99, 6.36, 22.01], [26.93, 23.85, 36.22, 18.38, 0.0, 24.74, 5.66, 27.46, 42.2, 31.02, 21.93, 27.2, 11.05, 42.19, 34.99, 41.98, 37.01, 42.64, 21.63, 44.78, 6.71, 44.72, 35.74, 13.6, 3.61, 11.0, 22.47, 40.2, 32.8, 16.55, 17.03, 39.81, 16.12, 41.19, 29.73, 32.56, 29.21, 3.61, 5.39, 26.08, 17.8, 21.59, 34.33, 19.46, 33.87], [36.89, 39.56, 41.04, 13.04, 24.74, 0.0, 28.07, 28.32, 28.02, 7.07, 12.04, 25.61, 23.54, 45.61, 48.37, 48.1, 39.82, 27.17, 8.49, 35.51, 27.0, 49.68, 44.82, 13.15, 27.29, 35.51, 38.28, 44.05, 48.33, 32.28, 12.08, 36.67, 17.89, 44.82, 40.5, 16.0, 18.03, 28.16, 30.08, 29.73, 11.18, 24.21, 41.82, 6.96, 33.43], [22.2, 18.36, 32.0, 19.24, 5.66, 28.07, 0.0, 24.7, 41.73, 33.73, 22.83, 25.06, 8.6, 38.0, 29.53, 37.34, 33.14, 42.45, 23.41, 43.05, 2.24, 40.2, 30.81, 15.52, 2.24, 8.06, 17.0, 36.0, 27.2, 11.4, 18.38, 37.0, 15.62, 37.0, 24.74, 33.29, 29.07, 6.08, 6.08, 22.8, 19.31, 19.24, 29.71, 21.97, 30.84], [12.04, 19.31, 12.73, 16.12, 27.46, 28.32, 24.7, 0.0, 21.19, 28.84, 16.28, 3.16, 16.49, 17.49, 23.19, 19.8, 11.66, 22.8, 19.85, 19.1, 22.47, 21.4, 17.46, 19.92, 26.25, 31.38, 18.79, 15.81, 25.02, 16.97, 17.89, 12.37, 13.34, 16.64, 15.03, 19.65, 13.6, 30.08, 30.68, 3.16, 18.36, 6.0, 14.09, 22.33, 6.5], [32.98, 40.5, 29.07, 24.19, 42.2, 28.02, 41.73, 21.19, 0.0, 23.35, 21.02, 18.79, 33.24, 30.08, 43.19, 34.71, 26.17, 2.24, 23.09, 9.9, 39.6, 34.48, 36.0, 29.53, 42.52, 49.52, 39.92, 29.61, 45.71, 37.22, 25.94, 17.72, 26.25, 29.83, 35.51, 12.04, 13.04, 45.61, 46.86, 24.35, 25.5, 23.85, 32.5, 26.58, 20.01], [39.0, 42.95, 41.4, 16.12, 31.02, 7.07, 33.73, 28.84, 23.35, 0.0, 13.6, 25.81, 28.0, 45.28, 50.7, 48.41, 39.7, 22.09, 11.05, 31.95, 32.39, 49.58, 46.14, 18.25, 33.24, 41.48, 41.77, 43.93, 51.24, 36.22, 16.0, 35.0, 21.21, 44.6, 42.54, 12.08, 16.28, 34.54, 36.4, 30.89, 15.0, 26.0, 42.88, 11.77, 32.9], [25.5, 29.43, 29.0, 3.61, 21.93, 12.04, 22.83, 16.28, 21.02, 13.6, 0.0, 13.6, 15.52, 33.6, 37.16, 36.07, 27.8, 21.1, 3.61, 26.08, 21.02, 37.64, 33.02, 8.6, 23.02, 30.89, 28.28, 32.02, 37.64, 23.0, 5.0, 25.3, 8.06, 32.8, 29.07, 10.63, 8.25, 25.5, 27.02, 17.8, 4.47, 12.53, 29.91, 6.67, 21.52], [15.0, 21.84, 15.62, 13.93, 27.2, 25.61, 25.06, 3.16, 18.79, 25.81, 13.6, 0.0, 16.55, 20.0, 26.31, 22.67, 14.21, 20.25, 17.2, 18.03, 22.83, 24.08, 20.62, 18.25, 26.4, 32.2, 21.19, 18.44, 28.0, 18.6, 15.81, 13.0, 12.0, 19.21, 18.11, 16.49, 10.44, 30.08, 30.87, 6.0, 16.16, 5.83, 17.22, 19.91, 8.08], [17.0, 16.64, 25.5, 12.17, 11.05, 23.54, 8.6, 16.49, 33.24, 28.0, 15.52, 16.55, 0.0, 31.4, 26.87, 31.62, 26.08, 34.06, 17.03, 34.48, 6.4, 34.21, 25.94, 10.44, 9.85, 16.28, 15.26, 29.43, 25.81, 8.94, 12.0, 28.86, 7.62, 30.41, 20.25, 25.5, 20.81, 13.6, 14.32, 15.03, 13.0, 10.77, 24.05, 16.69, 22.85], [16.28, 23.77, 6.0, 33.62, 42.19, 45.61, 38.0, 17.49, 30.08, 45.28, 33.6, 20.0, 31.4, 0.0, 18.44, 5.1, 5.83, 32.28, 37.2, 22.02, 36.01, 4.47, 10.63, 37.16, 40.01, 42.58, 24.35, 2.0, 22.63, 27.17, 35.36, 12.37, 30.46, 1.0, 15.23, 34.41, 29.07, 44.01, 44.01, 17.09, 35.85, 22.85, 9.19, 39.81, 12.38], [11.7, 11.18, 15.23, 35.36, 34.99, 48.37, 29.53, 23.19, 43.19, 50.7, 37.16, 26.31, 26.87, 18.44, 0.0, 14.21, 18.38, 45.1, 40.25, 37.64, 28.3, 17.2, 8.06, 36.4, 31.76, 30.81, 12.53, 17.2, 4.47, 18.6, 36.36, 27.51, 30.53, 17.8, 8.25, 42.76, 36.67, 35.34, 34.54, 20.4, 37.22, 24.7, 11.07, 41.5, 23.26], [15.13, 21.38, 7.07, 35.61, 41.98, 48.1, 37.34, 19.8, 34.71, 48.41, 36.07, 22.67, 31.62, 5.1, 14.21, 0.0, 8.94, 36.88, 39.62, 27.0, 35.51, 3.16, 7.28, 38.59, 39.46, 41.05, 22.2, 5.1, 18.6, 26.08, 37.2, 17.12, 31.91, 5.0, 13.04, 38.08, 32.45, 43.42, 43.19, 18.6, 37.8, 24.41, 7.65, 41.93, 15.88], [12.53, 20.81, 3.16, 27.78, 37.01, 39.82, 33.14, 11.66, 26.17, 39.7, 27.8, 14.21, 26.08, 5.83, 18.38, 8.94, 0.0, 28.28, 31.4, 19.42, 31.06, 9.9, 10.44, 31.38, 35.06, 38.33, 21.1, 4.24, 21.95, 22.8, 29.53, 9.22, 24.7, 5.0, 12.73, 29.15, 23.6, 39.05, 39.2, 11.4, 30.02, 17.09, 7.38, 33.98, 6.95], [34.71, 42.06, 31.14, 24.41, 42.64, 27.17, 42.45, 22.8, 2.24, 22.09, 21.1, 20.25, 34.06, 32.28, 45.1, 36.88, 28.28, 0.0, 22.85, 12.04, 40.36, 36.69, 38.01, 29.68, 43.14, 50.33, 41.44, 31.78, 47.52, 38.47, 26.08, 19.92, 26.87, 32.02, 37.34, 11.4, 13.45, 46.1, 47.42, 25.96, 25.55, 25.06, 34.5, 26.28, 22.01], [28.65, 32.02, 32.56, 5.1, 21.63, 8.49, 23.41, 19.85, 23.09, 11.05, 3.61, 17.2, 17.03, 37.2, 40.25, 39.62, 31.4, 22.85, 0.0, 29.0, 21.84, 41.23, 36.4, 8.06, 23.26, 31.38, 30.81, 35.61, 40.5, 25.18, 5.1, 28.79, 10.2, 36.4, 32.25, 11.66, 11.0, 25.24, 26.93, 21.26, 4.12, 15.81, 33.35, 3.54, 25.12], [29.15, 37.44, 22.56, 28.44, 44.78, 35.51, 43.05, 19.1, 9.9, 31.95, 26.08, 18.03, 34.48, 22.02, 37.64, 27.0, 19.42, 12.04, 29.0, 0.0, 40.82, 26.17, 29.83, 33.73, 44.29, 50.22, 37.2, 22.02, 40.85, 36.07, 30.41, 10.2, 28.79, 22.0, 30.87, 19.92, 18.0, 47.85, 48.76, 21.93, 30.27, 23.85, 26.58, 32.5, 15.01], [20.4, 17.2, 30.02, 17.46, 6.71, 27.0, 2.24, 22.47, 39.6, 32.39, 21.02, 22.83, 6.4, 36.01, 28.3, 35.51, 31.06, 40.36, 21.84, 40.82, 0.0, 38.33, 29.12, 14.14, 4.0, 10.0, 15.81, 34.01, 26.25, 9.85, 16.76, 34.79, 13.6, 35.01, 23.09, 31.38, 27.02, 8.0, 8.25, 20.62, 17.72, 17.0, 27.87, 20.65, 28.64], [18.03, 24.52, 8.94, 37.44, 44.72, 49.68, 40.2, 21.4, 34.48, 49.58, 37.64, 24.08, 34.21, 4.47, 17.2, 3.16, 9.9, 36.69, 41.23, 26.17, 38.33, 0.0, 10.44, 40.71, 42.3, 44.1, 25.32, 5.66, 21.63, 29.02, 39.12, 16.76, 34.0, 5.0, 16.12, 38.83, 33.42, 46.27, 46.1, 20.59, 39.66, 26.42, 10.51, 43.71, 16.71], [8.94, 14.14, 7.28, 31.89, 35.74, 44.82, 30.81, 17.46, 36.0, 46.14, 33.02, 20.62, 25.94, 10.63, 8.06, 7.28, 10.44, 38.01, 36.4, 29.83, 29.12, 10.44, 0.0, 34.06, 32.98, 34.0, 15.03, 9.22, 12.04, 19.42, 33.24, 19.65, 27.59, 9.9, 6.08, 37.0, 31.02, 36.88, 36.5, 15.26, 33.97, 20.62, 3.54, 38.24, 16.01], [25.46, 26.83, 31.76, 5.39, 13.6, 13.15, 15.52, 19.92, 29.53, 18.25, 8.6, 18.25, 10.44, 37.16, 36.4, 38.59, 31.38, 29.68, 8.06, 33.73, 14.14, 40.71, 34.06, 0.0, 15.23, 23.41, 25.5, 35.34, 35.85, 19.31, 3.61, 31.14, 6.71, 36.25, 29.0, 19.1, 16.55, 17.2, 18.87, 20.12, 4.24, 14.32, 31.5, 6.52, 26.2], [24.33, 20.59, 34.01, 19.42, 3.61, 27.29, 2.24, 26.25, 42.52, 33.24, 23.02, 26.4, 9.85, 40.01, 31.76, 39.46, 35.06, 43.14, 23.26, 44.29, 4.0, 42.3, 32.98, 15.23, 0.0, 8.25, 19.24, 38.01, 29.41, 13.6, 18.36, 38.6, 16.28, 39.01, 26.93, 33.6, 29.7, 4.0, 4.47, 24.52, 19.24, 20.62, 31.82, 21.51, 32.5], [26.31, 20.1, 36.67, 27.29, 11.0, 35.51, 8.06, 31.38, 49.52, 41.48, 30.89, 32.2, 16.28, 42.58, 30.81, 41.05, 38.33, 50.33, 31.38, 50.22, 10.0, 44.1, 34.0, 23.41, 8.25, 0.0, 19.03, 40.61, 27.51, 15.52, 26.4, 43.38, 23.6, 41.59, 28.02, 41.34, 37.01, 8.25, 6.32, 29.07, 27.31, 26.4, 33.68, 29.74, 37.12], [8.6, 1.41, 18.79, 25.71, 22.47, 38.28, 17.0, 18.79, 39.92, 41.77, 28.28, 21.19, 15.26, 24.35, 12.53, 22.2, 21.1, 41.44, 30.81, 37.2, 15.81, 25.32, 15.03, 25.5, 19.24, 19.03, 0.0, 22.47, 10.63, 6.4, 26.25, 28.28, 20.62, 23.41, 9.22, 36.12, 30.27, 22.85, 22.14, 15.65, 27.2, 17.12, 15.18, 31.31, 22.34], [14.32, 21.93, 4.0, 31.91, 40.2, 44.05, 36.0, 15.81, 29.61, 43.93, 32.02, 18.44, 29.43, 2.0, 17.2, 5.1, 4.24, 31.78, 35.61, 22.02, 34.01, 5.66, 9.22, 35.34, 38.01, 40.61, 22.47, 0.0, 21.26, 25.18, 33.62, 12.04, 28.64, 1.0, 13.42, 33.29, 27.8, 42.01, 42.01, 15.23, 34.13, 21.02, 7.38, 38.14, 11.1], [13.0, 9.22, 18.87, 35.47, 32.8, 48.33, 27.2, 25.02, 45.71, 51.24, 37.64, 28.0, 25.81, 22.63, 4.47, 18.6, 21.95, 47.52, 40.5, 40.85, 26.25, 21.63, 12.04, 35.85, 29.41, 27.51, 10.63, 21.26, 0.0, 17.03, 36.25, 30.87, 30.46, 21.93, 10.2, 44.18, 38.12, 32.76, 31.76, 22.0, 37.16, 25.5, 14.58, 41.38, 26.1], [11.0, 7.81, 21.21, 20.1, 16.55, 32.28, 11.4, 16.97, 37.22, 36.22, 23.0, 18.6, 8.94, 27.17, 18.6, 26.08, 22.8, 38.47, 25.18, 36.07, 9.85, 29.02, 19.42, 19.31, 13.6, 15.52, 6.4, 25.18, 17.03, 0.0, 20.4, 28.3, 15.03, 26.17, 13.34, 31.78, 26.25, 17.46, 17.12, 14.21, 21.38, 13.42, 18.51, 25.35, 22.05], [25.0, 27.51, 30.23, 2.0, 17.03, 12.08, 18.38, 17.89, 25.94, 16.0, 5.0, 15.81, 12.0, 35.36, 36.36, 37.2, 29.53, 26.08, 5.1, 30.41, 16.76, 39.12, 33.24, 3.61, 18.36, 26.4, 26.25, 33.62, 36.25, 20.4, 0.0, 28.44, 5.83, 34.48, 28.6, 15.56, 13.0, 20.62, 22.2, 18.6, 1.0, 12.81, 30.44, 5.15, 23.88], [19.85, 28.32, 12.37, 26.48, 39.81, 36.67, 37.0, 12.37, 17.72, 35.0, 25.3, 13.0, 28.86, 12.37, 27.51, 17.12, 9.22, 19.92, 28.79, 10.2, 34.79, 16.76, 19.65, 31.14, 38.6, 43.38, 28.28, 12.04, 30.87, 28.3, 28.44, 0.0, 25.0, 12.17, 21.1, 23.35, 18.87, 42.45, 43.01, 14.32, 28.64, 18.25, 16.45, 31.95, 6.26], [19.21, 21.84, 25.06, 5.1, 16.12, 17.89, 15.62, 13.34, 26.25, 21.21, 8.06, 12.0, 7.62, 30.46, 30.53, 31.91, 24.7, 26.87, 10.2, 28.79, 13.6, 34.0, 27.59, 6.71, 16.28, 23.6, 20.62, 28.64, 30.46, 15.03, 5.83, 25.0, 0.0, 29.55, 22.8, 17.89, 13.45, 19.42, 20.62, 13.42, 6.71, 7.62, 24.91, 10.98, 19.73], [15.3, 22.85, 5.0, 32.76, 41.19, 44.82, 37.0, 16.64, 29.83, 44.6, 32.8, 19.21, 30.41, 1.0, 17.8, 5.0, 5.0, 32.02, 36.4, 22.0, 35.01, 5.0, 9.9, 36.25, 39.01, 41.59, 23.41, 1.0, 21.93, 26.17, 34.48, 12.17, 29.55, 0.0, 14.32, 33.84, 28.43, 43.01, 43.01, 16.16, 34.99, 21.93, 8.28, 38.97, 11.72], [3.61, 8.54, 10.0, 27.46, 29.73, 40.5, 24.74, 15.03, 35.51, 42.54, 29.07, 18.11, 20.25, 15.23, 8.25, 13.04, 12.73, 37.34, 32.25, 30.87, 23.09, 16.12, 6.08, 29.0, 26.93, 28.02, 9.22, 13.42, 10.2, 13.34, 28.6, 21.1, 22.8, 14.32, 0.0, 34.53, 28.44, 30.81, 30.41, 12.17, 29.41, 16.55, 6.04, 33.71, 15.98], [31.26, 37.05, 31.3, 14.21, 32.56, 16.0, 33.29, 19.65, 12.04, 12.08, 10.63, 16.49, 25.5, 34.41, 42.76, 38.08, 29.15, 11.4, 11.66, 19.92, 31.38, 38.83, 37.0, 19.1, 33.6, 41.34, 36.12, 33.29, 44.18, 31.78, 15.56, 23.35, 17.89, 33.84, 34.53, 0.0, 6.08, 36.12, 37.64, 22.36, 14.87, 19.03, 33.53, 14.98, 22.21], [25.18, 31.14, 25.55, 11.18, 29.21, 18.03, 29.07, 13.6, 13.04, 16.28, 8.25, 10.44, 20.81, 29.07, 36.67, 32.45, 23.6, 13.45, 11.0, 18.0, 27.02, 33.42, 31.02, 16.55, 29.7, 37.01, 30.27, 27.8, 38.12, 26.25, 13.0, 18.87, 13.45, 28.43, 28.44, 6.08, 0.0, 32.65, 33.97, 16.28, 12.65, 13.15, 27.58, 14.51, 16.71], [28.28, 24.17, 38.01, 21.93, 3.61, 28.16, 6.08, 30.08, 45.61, 34.54, 25.5, 30.08, 13.6, 44.01, 35.34, 43.42, 39.05, 46.1, 25.24, 47.85, 8.0, 46.27, 36.88, 17.2, 4.0, 8.25, 22.85, 42.01, 32.76, 17.46, 20.62, 42.45, 19.42, 43.01, 30.81, 36.12, 32.65, 0.0, 2.0, 28.44, 21.4, 24.35, 35.78, 23.03, 36.39], [28.07, 23.41, 38.01, 23.43, 5.39, 30.08, 6.08, 30.68, 46.86, 36.4, 27.02, 30.87, 14.32, 44.01, 34.54, 43.19, 39.2, 47.42, 26.93, 48.76, 8.25, 46.1, 36.5, 18.87, 4.47, 6.32, 22.14, 42.01, 31.76, 17.12, 22.2, 43.01, 20.62, 43.01, 30.41, 37.64, 33.97, 2.0, 0.0, 28.86, 23.02, 25.08, 35.59, 24.83, 36.88], [9.0, 16.16, 11.66, 17.03, 26.08, 29.73, 22.8, 3.16, 24.35, 30.89, 17.8, 6.0, 15.03, 17.09, 20.4, 18.6, 11.4, 25.96, 21.26, 21.93, 20.62, 20.59, 15.26, 20.12, 24.52, 29.07, 15.65, 15.23, 22.0, 14.21, 18.6, 14.32, 13.42, 16.16, 12.17, 22.36, 16.28, 28.44, 28.86, 0.0, 19.21, 5.83, 12.1, 23.38, 8.08], [25.81, 28.46, 30.81, 2.24, 17.8, 11.18, 19.31, 18.36, 25.5, 15.0, 4.47, 16.16, 13.0, 35.85, 37.22, 37.8, 30.02, 25.55, 4.12, 30.27, 17.72, 39.66, 33.97, 4.24, 19.24, 27.31, 27.2, 34.13, 37.16, 21.38, 1.0, 28.64, 6.71, 34.99, 29.41, 14.87, 12.65, 21.4, 23.02, 19.21, 0.0, 13.45, 31.12, 4.3, 24.23], [13.0, 18.03, 17.49, 11.31, 21.59, 24.21, 19.24, 6.0, 23.85, 26.0, 12.53, 5.83, 10.77, 22.85, 24.7, 24.41, 17.09, 25.06, 15.81, 23.85, 17.0, 26.42, 20.62, 14.32, 20.62, 26.4, 17.12, 21.02, 25.5, 13.42, 12.81, 18.25, 7.62, 21.93, 16.55, 19.03, 13.15, 24.35, 25.08, 5.83, 13.45, 0.0, 17.68, 17.68, 12.5], [7.52, 14.58, 4.3, 28.99, 34.33, 41.82, 29.71, 14.09, 32.5, 42.88, 29.91, 17.22, 24.05, 9.19, 11.07, 7.65, 7.38, 34.5, 33.35, 26.58, 27.87, 10.51, 3.54, 31.5, 31.82, 33.68, 15.18, 7.38, 14.58, 18.51, 30.44, 16.45, 24.91, 8.28, 6.04, 33.53, 27.58, 35.78, 35.59, 12.1, 31.12, 17.68, 0.0, 35.36, 12.5], [30.11, 32.6, 34.91, 6.36, 19.46, 6.96, 21.97, 22.33, 26.58, 11.77, 6.67, 19.91, 16.69, 39.81, 41.5, 41.93, 33.98, 26.28, 3.54, 32.5, 20.65, 43.71, 38.24, 6.52, 21.51, 29.74, 31.31, 38.14, 41.38, 25.35, 5.15, 31.95, 10.98, 38.97, 33.71, 14.98, 14.51, 23.03, 24.83, 23.38, 4.3, 17.68, 35.36, 0.0, 27.95], [14.15, 22.5, 9.34, 22.01, 33.87, 33.43, 30.84, 6.5, 20.01, 32.9, 21.52, 8.08, 22.85, 12.38, 23.26, 15.88, 6.95, 22.01, 25.12, 15.01, 28.64, 16.71, 16.01, 26.2, 32.5, 37.12, 22.34, 11.1, 26.1, 22.05, 23.88, 6.26, 19.73, 11.72, 15.98, 22.21, 16.71, 36.39, 36.88, 8.08, 24.23, 12.5, 12.5, 27.95, 0.0]]
[20, 20, 20, 20]
5
[[0.0, 536.0], [0.0, 19.0], [88.0, 199.0], [190.0, 272.0], [34.0, 84.0], [158.0, 311.0], [0.0, 115.0], [137.0, 182.0], [203.0, 300.0], [383.0, 497.0], [207.0, 255.0], [293.0, 373.0], [2.0, 95.0], [88.0, 149.0], [29.0, 174.0], [92.0, 153.0], [119.0, 166.0], [348.0, 396.0], [125.0, 228.0], [251.0, 380.0], [9.0, 133.0], [87.0, 178.0], [229.0, 405.0], [150.0, 256.0], [0.0, 109.0], [49.0, 98.0], [80.0, 140.0], [72.0, 226.0], [60.0, 106.0], [0.0, 75.0], [113.0, 273.0], [105.0, 245.0], [148.0, 259.0], [83.0, 150.0], [82.0, 160.0], [179.0, 313.0], [141.0, 260.0], [40.0, 126.0], [397.0, 434.0], [164.0, 201.0], [408.0, 481.0], [0.0, 536.0], [0.0, 536.0], [0.0, 536.0], [0.0, 536.0]]
[[20.0, 13.0], [26.0, 7.0], [10.0, 16.0], [33.0, 33.0], [46.0, 20.0], [40.0, 44.0], [42.0, 16.0], [19.0, 25.0], [12.0, 45.0], [35.0, 49.0], [31.0, 36.0], [20.0, 28.0], [35.0, 21.0], [4.0, 16.0], [16.0, 2.0], [5.0, 11.0], [9.0, 19.0], [13.0, 47.0], [34.0, 38.0], [5.0, 38.0], [40.0, 17.0], [2.0, 12.0], [12.0, 9.0], [38.0, 31.0], [44.0, 17.0], [46.0, 9.0], [27.0, 8.0], [6.0, 16.0], [20.0, 0.0], [31.0, 13.0], [35.0, 33.0], [7.0, 28.0], [32.0, 28.0], [5.0, 16.0], [18.0, 10.0], [24.0, 44.0], [23.0, 38.0], [48.0, 17.0], [48.0, 15.0], [20.0, 22.0], [35.0, 34.0], [25.0, 25.0], [12.5, 12.5], [37.5, 37.5], [12.5, 25.0]]
[[0.0, 0.0], [0.0, 0.0], [0.0, 0.0], [0.0, 0.0], [0.0, 0.0], [0.0, 0.0], [0.0, 0.0], [0.0, 0.0], [0.0, 0.0], [0.0, 0.0], [0.0, 0.0], [0.0, 0.0], [0.0, 0.0], [0.0, 0.0], [0.0, 0.0], [0.0, 0.0], [0.0, 0.0], [0.0, 0.0], [0.0, 0.0], [0.0, 0.0], [0.0, 0.0], [0.0, 0.0], [0.0, 0.0], [0.0, 0.0], [0.0, 0.0], [0.0, 0.0], [0.0, 0.0], [0.0, 0.0], [0.0, 0.0], [0.0, 0.0], [0.0, 0.0], [0.0, 0.0], [0.0, 0.0], [0.0, 0.0], [0.0, 0.0], [0.0, 0.0], [0.0, 0.0], [0.0, 0.0], [0.0, 0.0], [0.0, 0.0], [0.0, 0.0], [0.0, 0.0], [0.0, 0.0], [0.0, 0.0], [0.0, 0.0]]
^demand; service time^
!! n40w100.005    90.83 488
