40
[[0.0, 50.77, 27.0, 42.2, 41.44, 48.01, 2.24, 6.32, 48.6, 36.5, 8.94, 33.0, 13.0, 10.63, 46.24, 5.66, 7.28, 47.38, 54.2, 36.12, 58.25, 24.08, 18.44, 41.68, 46.07, 36.12, 31.02, 20.02, 26.63, 33.0, 27.73, 13.0, 33.84, 58.82, 34.37, 29.27, 29.43, 8.49, 44.42, 25.71, 45.65, 30.0, 47.57, 12.75, 38.81], [50.77, 0.0, 43.0, 9.22, 31.38, 46.96, 48.55, 55.01, 4.47, 22.14, 43.38, 28.79, 40.85, 53.49, 30.53, 52.33, 45.62, 52.92, 18.87, 25.0, 23.26, 31.4, 33.97, 23.77, 6.32, 41.0, 28.64, 36.24, 24.19, 28.79, 23.43, 40.36, 24.02, 22.85, 23.77, 47.04, 48.04, 42.54, 6.4, 37.05, 5.83, 25.18, 15.7, 40.58, 12.85], [27.0, 43.0, 0.0, 34.06, 18.44, 21.02, 26.08, 25.71, 39.05, 41.68, 19.42, 42.64, 15.81, 20.25, 23.35, 23.35, 20.1, 20.88, 36.67, 43.27, 39.12, 34.66, 29.21, 22.85, 41.44, 9.49, 40.46, 34.41, 25.06, 42.64, 29.15, 29.97, 19.03, 39.96, 40.5, 4.47, 5.39, 21.84, 38.21, 6.32, 40.31, 18.25, 31.95, 16.45, 30.65], [42.2, 9.22, 34.06, 0.0, 24.41, 40.22, 40.0, 46.14, 6.4, 19.1, 34.48, 25.02, 31.78, 44.38, 24.76, 43.42, 36.72, 45.65, 18.03, 22.09, 23.02, 25.08, 26.4, 17.03, 8.06, 32.89, 24.19, 29.53, 15.62, 25.02, 15.81, 32.65, 15.3, 23.0, 20.0, 38.21, 39.2, 33.84, 4.47, 28.0, 6.71, 16.03, 12.02, 31.54, 3.64], [41.44, 31.38, 18.44, 24.41, 0.0, 15.81, 39.85, 42.06, 26.93, 39.66, 32.57, 43.38, 28.46, 37.44, 5.0, 39.36, 34.18, 21.54, 19.42, 42.19, 21.02, 38.33, 35.23, 7.62, 32.45, 11.4, 41.63, 40.45, 25.3, 43.38, 29.15, 39.01, 12.08, 21.93, 39.45, 20.59, 21.47, 33.96, 28.84, 16.12, 31.06, 15.52, 16.69, 28.78, 22.3], [48.01, 46.96, 21.02, 40.22, 15.81, 0.0, 47.01, 46.53, 42.49, 54.67, 40.11, 57.69, 36.22, 40.79, 16.76, 44.28, 41.01, 7.07, 32.39, 57.01, 32.0, 51.43, 47.17, 23.32, 48.26, 12.17, 55.76, 52.55, 39.12, 57.69, 43.27, 49.48, 26.91, 33.0, 54.2, 19.65, 19.92, 42.3, 44.65, 23.54, 46.87, 29.41, 31.66, 36.78, 38.03], [2.24, 48.55, 26.08, 40.0, 39.85, 47.01, 0.0, 8.06, 46.4, 34.37, 7.28, 31.02, 11.4, 11.4, 44.6, 6.71, 6.0, 46.69, 52.2, 34.06, 56.3, 22.02, 16.28, 39.82, 43.83, 35.01, 29.0, 18.11, 24.41, 31.02, 25.5, 11.05, 31.91, 56.86, 32.25, 28.64, 28.86, 6.4, 42.19, 24.33, 43.42, 28.02, 45.52, 11.07, 36.62], [6.32, 55.01, 25.71, 46.14, 42.06, 46.53, 8.06, 0.0, 52.48, 42.19, 11.66, 39.05, 14.87, 6.08, 47.01, 2.83, 9.43, 45.0, 56.59, 42.01, 60.31, 30.0, 24.08, 43.42, 50.7, 35.17, 37.01, 26.17, 30.87, 39.05, 32.57, 19.1, 36.07, 60.96, 40.11, 27.07, 27.02, 12.65, 48.75, 25.94, 50.16, 32.56, 50.22, 14.92, 42.62], [48.6, 4.47, 39.05, 6.4, 26.93, 42.49, 46.4, 52.48, 0.0, 23.19, 40.82, 29.61, 38.01, 50.57, 26.08, 49.74, 43.05, 48.47, 15.23, 26.17, 19.92, 30.89, 32.65, 19.31, 8.25, 36.67, 29.12, 35.51, 22.02, 29.61, 22.02, 38.95, 20.02, 19.65, 24.52, 43.0, 44.0, 40.22, 6.08, 33.24, 7.07, 21.59, 11.34, 37.8, 9.86], [36.5, 22.14, 41.68, 19.1, 39.66, 54.67, 34.37, 42.19, 23.19, 0.0, 32.06, 6.71, 31.58, 43.05, 41.59, 40.05, 34.01, 58.69, 37.12, 3.0, 42.11, 12.65, 18.11, 33.54, 15.81, 44.6, 7.07, 17.46, 16.64, 6.71, 12.53, 23.77, 27.8, 42.05, 2.24, 46.14, 47.01, 30.0, 17.12, 35.51, 16.49, 25.46, 30.99, 30.99, 18.82], [8.94, 43.38, 19.42, 34.48, 32.57, 40.11, 7.28, 11.66, 40.82, 32.06, 0.0, 30.08, 4.12, 11.0, 37.34, 8.94, 2.24, 40.26, 45.45, 32.39, 49.41, 20.88, 14.56, 32.76, 39.22, 28.02, 27.89, 18.36, 19.31, 30.08, 21.38, 12.04, 25.0, 50.0, 30.15, 22.47, 22.85, 2.83, 37.16, 17.12, 38.63, 21.26, 38.92, 3.81, 30.96], [33.0, 28.79, 42.64, 25.02, 43.38, 57.69, 31.02, 39.05, 29.61, 6.71, 30.08, 0.0, 30.46, 40.79, 45.88, 37.22, 31.78, 61.07, 43.0, 4.24, 48.0, 9.22, 15.52, 37.95, 22.47, 46.86, 2.24, 13.04, 18.6, 0.0, 14.42, 20.0, 31.3, 48.01, 5.1, 47.01, 47.8, 27.66, 23.54, 36.8, 23.09, 28.3, 36.59, 29.81, 24.13], [13.0, 40.85, 15.81, 31.78, 28.46, 36.22, 11.4, 14.87, 38.01, 31.58, 4.12, 30.46, 0.0, 12.65, 33.24, 12.04, 5.83, 36.69, 41.77, 32.28, 45.61, 21.47, 15.26, 28.84, 37.11, 24.08, 28.23, 19.85, 17.26, 30.46, 20.0, 14.42, 21.26, 46.23, 29.83, 19.24, 19.72, 6.08, 34.79, 13.04, 36.4, 17.69, 35.36, 0.71, 28.18], [10.63, 53.49, 20.25, 44.38, 37.44, 40.79, 11.4, 6.08, 50.57, 43.05, 11.0, 40.79, 12.65, 0.0, 42.44, 5.0, 9.06, 39.01, 53.15, 43.29, 56.57, 31.58, 25.32, 39.6, 49.73, 29.73, 38.64, 28.46, 29.83, 40.79, 32.25, 21.54, 32.8, 57.28, 41.11, 21.21, 21.1, 13.15, 47.43, 21.4, 49.04, 29.68, 47.1, 12.98, 40.77], [46.24, 30.53, 23.35, 24.76, 5.0, 16.76, 44.6, 47.01, 26.08, 41.59, 37.34, 45.88, 33.24, 42.44, 0.0, 44.29, 39.0, 23.35, 16.0, 44.28, 16.76, 41.59, 39.01, 8.06, 32.56, 15.65, 44.27, 44.1, 28.44, 45.88, 32.02, 43.19, 15.13, 17.72, 41.63, 25.24, 26.08, 38.6, 29.0, 21.1, 31.14, 19.03, 14.98, 33.53, 23.31], [5.66, 52.33, 23.35, 43.42, 39.36, 44.28, 6.71, 2.83, 49.74, 40.05, 8.94, 37.22, 12.04, 5.0, 44.29, 0.0, 6.71, 43.05, 53.76, 40.01, 57.49, 28.07, 22.0, 40.61, 48.1, 32.76, 35.13, 24.52, 28.23, 37.22, 30.08, 17.46, 33.24, 58.14, 38.01, 25.0, 25.02, 10.2, 46.1, 23.26, 47.54, 29.73, 47.4, 12.1, 39.88], [7.28, 45.62, 20.1, 36.72, 34.18, 41.01, 6.0, 9.43, 43.05, 34.01, 2.24, 31.78, 5.83, 9.06, 39.0, 6.71, 0.0, 40.79, 47.51, 34.23, 51.4, 22.56, 16.28, 34.67, 41.44, 29.02, 29.61, 19.7, 21.54, 31.78, 23.54, 13.04, 27.02, 52.01, 32.06, 22.8, 23.09, 4.12, 39.4, 18.44, 40.85, 23.35, 41.02, 5.7, 33.19], [47.38, 52.92, 20.88, 45.65, 21.54, 7.07, 46.69, 45.0, 48.47, 58.69, 40.26, 61.07, 36.69, 39.01, 23.35, 43.05, 40.79, 0.0, 39.2, 60.83, 39.01, 54.08, 49.24, 29.15, 53.71, 14.21, 59.03, 54.59, 42.52, 61.07, 46.75, 50.7, 31.4, 40.01, 58.0, 18.11, 18.03, 42.72, 50.12, 25.06, 52.35, 33.24, 37.98, 37.32, 43.14], [54.2, 18.87, 36.67, 18.03, 19.42, 32.39, 52.2, 56.59, 15.23, 37.12, 45.45, 43.0, 41.77, 53.15, 16.0, 53.76, 47.51, 39.2, 0.0, 40.11, 5.0, 41.98, 41.79, 13.89, 23.41, 30.81, 42.05, 45.88, 30.08, 43.0, 32.02, 47.42, 20.52, 5.1, 38.01, 39.56, 40.5, 45.8, 20.62, 32.45, 22.14, 24.21, 6.96, 41.82, 19.16], [36.12, 25.0, 43.27, 22.09, 42.19, 57.01, 34.06, 42.01, 26.17, 3.0, 32.39, 4.24, 32.28, 43.29, 44.28, 40.01, 34.23, 60.83, 40.11, 0.0, 45.1, 12.04, 18.03, 36.25, 18.68, 46.67, 5.39, 16.49, 18.44, 4.24, 14.21, 23.19, 30.23, 45.04, 2.83, 47.71, 48.55, 30.15, 20.1, 37.2, 19.42, 27.66, 33.95, 31.66, 21.71], [58.25, 23.26, 39.12, 23.02, 21.02, 32.0, 56.3, 60.31, 19.92, 42.11, 49.41, 48.0, 45.61, 56.57, 16.76, 57.49, 51.4, 39.01, 5.0, 45.1, 0.0, 46.87, 46.49, 16.97, 28.16, 32.31, 47.04, 50.7, 34.79, 48.0, 36.88, 52.0, 24.41, 1.0, 43.01, 41.59, 42.49, 49.93, 25.5, 35.47, 26.93, 28.3, 11.77, 45.7, 24.13], [24.08, 31.4, 34.66, 25.08, 38.33, 51.43, 22.02, 30.0, 30.89, 12.65, 20.88, 9.22, 21.47, 31.58, 41.59, 28.07, 22.56, 54.08, 41.98, 12.04, 46.87, 0.0, 6.32, 34.13, 25.5, 39.96, 7.07, 5.0, 13.15, 9.22, 10.05, 11.18, 26.48, 47.07, 10.44, 38.9, 39.62, 18.44, 25.24, 29.21, 25.61, 22.8, 35.11, 20.8, 22.94], [18.44, 33.97, 29.21, 26.4, 35.23, 47.17, 16.28, 24.08, 32.65, 18.11, 14.56, 15.52, 15.26, 25.32, 39.01, 22.0, 16.28, 49.24, 41.79, 18.03, 46.49, 6.32, 0.0, 32.14, 28.6, 35.34, 13.34, 5.39, 11.7, 15.52, 10.63, 6.4, 24.02, 46.82, 16.03, 33.3, 33.97, 12.17, 27.59, 24.19, 28.43, 20.0, 34.82, 14.58, 23.58], [41.68, 23.77, 22.85, 17.03, 7.62, 23.32, 39.82, 43.42, 19.31, 33.54, 32.76, 37.95, 28.84, 39.6, 8.06, 40.61, 34.67, 29.15, 13.89, 36.25, 16.97, 34.13, 32.14, 0.0, 25.0, 18.0, 36.4, 37.01, 21.02, 37.95, 24.33, 36.88, 8.25, 17.69, 33.62, 25.96, 26.93, 33.54, 21.4, 18.6, 23.6, 12.37, 9.51, 28.99, 15.31], [46.07, 6.32, 41.44, 8.06, 32.45, 48.26, 43.83, 50.7, 8.25, 15.81, 39.22, 22.47, 37.11, 49.73, 32.56, 48.1, 41.44, 53.71, 23.41, 18.68, 28.16, 25.5, 28.6, 25.0, 0.0, 40.85, 22.36, 30.41, 19.92, 22.47, 18.36, 35.0, 23.09, 27.89, 17.46, 45.71, 46.69, 38.08, 3.61, 35.23, 1.41, 23.19, 18.72, 36.75, 10.92], [36.12, 41.0, 9.49, 32.89, 11.4, 12.17, 35.01, 35.17, 36.67, 44.6, 28.02, 46.86, 24.08, 29.73, 15.65, 32.76, 29.02, 14.21, 30.81, 46.67, 32.31, 39.96, 35.34, 18.0, 40.85, 0.0, 44.82, 40.72, 28.32, 46.86, 32.56, 37.36, 17.89, 33.24, 43.84, 9.9, 10.63, 30.15, 37.34, 11.4, 39.56, 19.21, 27.5, 24.63, 30.0], [31.02, 28.64, 40.46, 24.19, 41.63, 55.76, 29.0, 37.01, 29.12, 7.07, 27.89, 2.24, 28.23, 38.64, 44.27, 35.13, 29.61, 59.03, 42.05, 5.39, 47.04, 7.07, 13.34, 36.4, 22.36, 44.82, 0.0, 11.18, 16.64, 2.24, 12.53, 18.03, 29.55, 47.1, 5.0, 44.82, 45.61, 25.5, 23.09, 34.66, 22.85, 26.42, 35.5, 27.58, 23.01], [20.02, 36.24, 34.41, 29.53, 40.45, 52.55, 18.11, 26.17, 35.51, 17.46, 18.36, 13.04, 19.85, 28.46, 44.1, 24.52, 19.7, 54.59, 45.88, 16.49, 50.7, 5.0, 5.39, 37.01, 30.41, 40.72, 11.18, 0.0, 16.12, 13.04, 13.93, 7.07, 29.02, 50.96, 15.23, 38.42, 39.05, 15.65, 30.0, 29.53, 30.48, 25.08, 38.94, 19.14, 27.12], [26.63, 24.19, 25.06, 15.62, 25.3, 39.12, 24.41, 30.87, 22.02, 16.64, 19.31, 18.6, 17.26, 29.83, 28.44, 28.23, 21.54, 42.52, 30.08, 18.44, 34.79, 13.15, 11.7, 21.02, 19.92, 28.32, 16.64, 16.12, 0.0, 18.6, 4.24, 17.49, 13.34, 35.11, 15.62, 29.53, 30.41, 18.36, 17.89, 18.87, 19.31, 9.85, 23.12, 16.87, 12.38], [33.0, 28.79, 42.64, 25.02, 43.38, 57.69, 31.02, 39.05, 29.61, 6.71, 30.08, 0.0, 30.46, 40.79, 45.88, 37.22, 31.78, 61.07, 43.0, 4.24, 48.0, 9.22, 15.52, 37.95, 22.47, 46.86, 2.24, 13.04, 18.6, 0.0, 14.42, 20.0, 31.3, 48.01, 5.1, 47.01, 47.8, 27.66, 23.54, 36.8, 23.09, 28.3, 36.59, 29.81, 24.13], [27.73, 23.43, 29.15, 15.81, 29.15, 43.27, 25.5, 32.57, 22.02, 12.53, 21.38, 14.42, 20.0, 32.25, 32.02, 30.08, 23.54, 46.75, 32.02, 14.21, 36.88, 10.05, 10.63, 24.33, 18.36, 32.56, 12.53, 13.93, 4.24, 14.42, 0.0, 16.97, 17.09, 37.11, 11.4, 33.62, 34.48, 19.92, 17.03, 23.02, 18.03, 13.89, 25.11, 19.51, 13.2], [13.0, 40.36, 29.97, 32.65, 39.01, 49.48, 11.05, 19.1, 38.95, 23.77, 12.04, 20.0, 14.42, 21.54, 43.19, 17.46, 13.04, 50.7, 47.42, 23.19, 52.0, 11.18, 6.4, 36.88, 35.0, 37.36, 18.03, 7.07, 17.49, 20.0, 16.97, 0.0, 28.64, 52.39, 21.59, 33.62, 34.13, 9.22, 33.97, 25.96, 34.83, 24.52, 40.48, 13.73, 29.7], [33.84, 24.02, 19.03, 15.3, 12.08, 26.91, 31.91, 36.07, 20.02, 27.8, 25.0, 31.3, 21.26, 32.8, 15.13, 33.24, 27.02, 31.4, 20.52, 30.23, 24.41, 26.48, 24.02, 8.25, 23.09, 17.89, 29.55, 29.02, 13.34, 31.3, 17.09, 28.64, 0.0, 25.0, 27.46, 23.02, 24.02, 25.55, 19.65, 13.34, 21.84, 4.12, 14.3, 21.32, 12.18], [58.82, 22.85, 39.96, 23.0, 21.93, 33.0, 56.86, 60.96, 19.65, 42.05, 50.0, 48.01, 46.23, 57.28, 17.72, 58.14, 52.01, 40.01, 5.1, 45.04, 1.0, 47.07, 46.82, 17.69, 27.89, 33.24, 47.1, 50.96, 35.11, 48.01, 37.11, 52.39, 25.0, 0.0, 43.0, 42.49, 43.38, 50.48, 25.32, 36.24, 26.68, 28.84, 12.02, 46.31, 24.25], [34.37, 23.77, 40.5, 20.0, 39.45, 54.2, 32.25, 40.11, 24.52, 2.24, 30.15, 5.1, 29.83, 41.11, 41.63, 38.01, 32.06, 58.0, 38.01, 2.83, 43.01, 10.44, 16.03, 33.62, 17.46, 43.84, 5.0, 15.23, 15.62, 5.1, 11.4, 21.59, 27.46, 43.0, 0.0, 44.94, 45.79, 28.02, 18.44, 34.41, 18.03, 24.84, 31.69, 29.23, 19.32], [29.27, 47.04, 4.47, 38.21, 20.59, 19.65, 28.64, 27.07, 43.0, 46.14, 22.47, 47.01, 19.24, 21.21, 25.24, 25.0, 22.8, 18.11, 39.56, 47.71, 41.59, 38.9, 33.3, 25.96, 45.71, 9.9, 44.82, 38.42, 29.53, 47.01, 33.62, 33.62, 23.02, 42.49, 44.94, 0.0, 1.0, 25.08, 42.43, 10.77, 44.55, 22.56, 35.31, 19.91, 34.86], [29.43, 48.04, 5.39, 39.2, 21.47, 19.92, 28.86, 27.02, 44.0, 47.01, 22.85, 47.8, 19.72, 21.1, 26.08, 25.02, 23.09, 18.03, 40.5, 48.55, 42.49, 39.62, 33.97, 26.93, 46.69, 10.63, 45.61, 39.05, 30.41, 47.8, 34.48, 34.13, 24.02, 43.38, 45.79, 1.0, 0.0, 25.5, 43.42, 11.7, 45.54, 23.54, 36.28, 20.41, 35.85], [8.49, 42.54, 21.84, 33.84, 33.96, 42.3, 6.4, 12.65, 40.22, 30.0, 2.83, 27.66, 6.08, 13.15, 38.6, 10.2, 4.12, 42.72, 45.8, 30.15, 49.93, 18.44, 12.17, 33.54, 38.08, 30.15, 25.5, 15.65, 18.36, 27.66, 19.92, 9.22, 25.55, 50.48, 28.02, 25.08, 25.5, 0.0, 36.24, 19.0, 37.58, 21.63, 39.12, 5.52, 30.4], [44.42, 6.4, 38.21, 4.47, 28.84, 44.65, 42.19, 48.75, 6.08, 17.12, 37.16, 23.54, 34.79, 47.43, 29.0, 46.1, 39.4, 50.12, 20.62, 20.1, 25.5, 25.24, 27.59, 21.4, 3.61, 37.34, 23.09, 30.0, 17.89, 23.54, 17.03, 33.97, 19.65, 25.32, 18.44, 42.43, 43.42, 36.24, 0.0, 32.06, 2.24, 20.02, 15.44, 34.47, 7.57], [25.71, 37.05, 6.32, 28.0, 16.12, 23.54, 24.33, 25.94, 33.24, 35.51, 17.12, 36.8, 13.04, 21.4, 21.1, 23.26, 18.44, 25.06, 32.45, 37.2, 35.47, 29.21, 24.19, 18.6, 35.23, 11.4, 34.66, 29.53, 18.87, 36.8, 23.02, 25.96, 13.34, 36.24, 34.41, 10.77, 11.7, 19.0, 32.06, 0.0, 34.13, 12.04, 27.06, 13.51, 24.52], [45.65, 5.83, 40.31, 6.71, 31.06, 46.87, 43.42, 50.16, 7.07, 16.49, 38.63, 23.09, 36.4, 49.04, 31.14, 47.54, 40.85, 52.35, 22.14, 19.42, 26.93, 25.61, 28.43, 23.6, 1.41, 39.56, 22.85, 30.48, 19.31, 23.09, 18.03, 34.83, 21.84, 26.68, 18.03, 44.55, 45.54, 37.58, 2.24, 34.13, 0.0, 22.09, 17.33, 36.06, 9.71], [30.0, 25.18, 18.25, 16.03, 15.52, 29.41, 28.02, 32.56, 21.59, 25.46, 21.26, 28.3, 17.69, 29.68, 19.03, 29.73, 23.35, 33.24, 24.21, 27.66, 28.3, 22.8, 20.0, 12.37, 23.19, 19.21, 26.42, 25.08, 9.85, 28.3, 13.89, 24.52, 4.12, 28.84, 24.84, 22.56, 23.54, 21.63, 20.02, 12.04, 22.09, 0.0, 17.68, 17.68, 12.5], [47.57, 15.7, 31.95, 12.02, 16.69, 31.66, 45.52, 50.22, 11.34, 30.99, 38.92, 36.59, 35.36, 47.1, 14.98, 47.4, 41.02, 37.98, 6.96, 33.95, 11.77, 35.11, 34.82, 9.51, 18.72, 27.5, 35.5, 38.94, 23.12, 36.59, 25.11, 40.48, 14.3, 12.02, 31.69, 35.31, 36.28, 39.12, 15.44, 27.06, 17.33, 17.68, 0.0, 35.36, 12.5], [12.75, 40.58, 16.45, 31.54, 28.78, 36.78, 11.07, 14.92, 37.8, 30.99, 3.81, 29.81, 0.71, 12.98, 33.53, 12.1, 5.7, 37.32, 41.82, 31.66, 45.7, 20.8, 14.58, 28.99, 36.75, 24.63, 27.58, 19.14, 16.87, 29.81, 19.51, 13.73, 21.32, 46.31, 29.23, 19.91, 20.41, 5.52, 34.47, 13.51, 36.06, 17.68, 35.36, 0.0, 27.95], [38.81, 12.85, 30.65, 3.64, 22.3, 38.03, 36.62, 42.62, 9.86, 18.82, 30.96, 24.13, 28.18, 40.77, 23.31, 39.88, 33.19, 43.14, 19.16, 21.71, 24.13, 22.94, 23.58, 15.31, 10.92, 30.0, 23.01, 27.12, 12.38, 24.13, 13.2, 29.7, 12.18, 24.25, 19.32, 34.86, 35.85, 30.4, 7.57, 24.52, 9.71, 12.5, 12.5, 27.95, 0.0]]
[20, 20, 20, 20]
5
[[0.0, 547.0], [139.0, 147.0], [62.0, 83.0], [125.0, 143.0], [82.0, 108.0], [194.0, 216.0], [23.0, 39.0], [0.0, 16.0], [128.0, 141.0], [284.0, 296.0], [234.0, 254.0], [274.0, 307.0], [42.0, 57.0], [0.0, 31.0], [188.0, 201.0], [29.0, 38.0], [10.0, 30.0], [420.0, 446.0], [147.0, 178.0], [274.0, 309.0], [380.0, 402.0], [273.0, 280.0], [260.0, 277.0], [100.0, 125.0], [355.0, 373.0], [69.0, 94.0], [287.0, 297.0], [300.0, 327.0], [327.0, 363.0], [290.0, 307.0], [484.0, 517.0], [265.0, 277.0], [98.0, 121.0], [151.0, 177.0], [318.0, 339.0], [60.0, 92.0], [221.0, 227.0], [15.0, 39.0], [128.0, 153.0], [53.0, 65.0], [475.0, 502.0], [0.0, 547.0], [0.0, 547.0], [0.0, 547.0], [0.0, 547.0]]
[[43.0, 49.0], [0.0, 22.0], [43.0, 22.0], [9.0, 24.0], [29.0, 10.0], [42.0, 1.0], [41.0, 48.0], [49.0, 47.0], [4.0, 20.0], [7.0, 43.0], [39.0, 41.0], [10.0, 49.0], [38.0, 37.0], [50.0, 41.0], [26.0, 6.0], [47.0, 45.0], [41.0, 42.0], [49.0, 2.0], [10.0, 6.0], [7.0, 46.0], [10.0, 1.0], [19.0, 47.0], [25.0, 45.0], [22.0, 13.0], [2.0, 28.0], [40.0, 13.0], [12.0, 48.0], [23.0, 50.0], [21.0, 34.0], [10.0, 49.0], [18.0, 37.0], [30.0, 49.0], [24.0, 21.0], [9.0, 1.0], [9.0, 44.0], [47.0, 20.0], [48.0, 20.0], [37.0, 43.0], [5.0, 26.0], [37.0, 24.0], [3.0, 27.0], [25.0, 25.0], [12.5, 12.5], [37.5, 37.5], [12.5, 25.0]]
[[0.0, 0.0], [0.0, 0.0], [0.0, 0.0], [0.0, 0.0], [0.0, 0.0], [0.0, 0.0], [0.0, 0.0], [0.0, 0.0], [0.0, 0.0], [0.0, 0.0], [0.0, 0.0], [0.0, 0.0], [0.0, 0.0], [0.0, 0.0], [0.0, 0.0], [0.0, 0.0], [0.0, 0.0], [0.0, 0.0], [0.0, 0.0], [0.0, 0.0], [0.0, 0.0], [0.0, 0.0], [0.0, 0.0], [0.0, 0.0], [0.0, 0.0], [0.0, 0.0], [0.0, 0.0], [0.0, 0.0], [0.0, 0.0], [0.0, 0.0], [0.0, 0.0], [0.0, 0.0], [0.0, 0.0], [0.0, 0.0], [0.0, 0.0], [0.0, 0.0], [0.0, 0.0], [0.0, 0.0], [0.0, 0.0], [0.0, 0.0], [0.0, 0.0], [0.0, 0.0], [0.0, 0.0], [0.0, 0.0], [0.0, 0.0]]
^demand; service time^
!! n40w20.001    20.75 530
