40
[[0.0, 18.36, 9.43, 8.54, 29.83, 20.12, 23.35, 12.0, 7.81, 14.14, 24.74, 24.35, 22.83, 26.0, 17.12, 25.0, 23.19, 28.43, 15.3, 25.02, 22.02, 16.0, 16.4, 18.36, 24.7, 22.47, 24.08, 19.42, 19.7, 22.2, 23.41, 36.12, 20.81, 9.85, 24.7, 29.15, 19.72, 25.63, 22.67, 15.23, 15.52, 6.0, 22.33, 14.09, 13.87], [18.36, 0.0, 24.33, 19.03, 28.86, 34.0, 8.6, 29.41, 22.36, 11.18, 8.54, 16.12, 20.4, 42.01, 31.62, 11.05, 23.6, 13.15, 19.92, 13.45, 10.0, 33.24, 26.31, 36.72, 15.65, 21.21, 10.63, 13.34, 12.04, 9.49, 32.02, 34.79, 38.21, 28.18, 41.73, 25.63, 19.03, 29.15, 40.8, 3.61, 13.42, 13.45, 21.64, 22.77, 23.71], [9.43, 24.33, 0.0, 5.83, 39.2, 10.77, 31.02, 6.4, 2.0, 23.09, 32.02, 24.08, 32.25, 29.07, 22.8, 27.46, 18.68, 31.06, 11.18, 33.54, 30.27, 9.43, 8.25, 16.12, 24.76, 31.91, 32.14, 28.46, 20.62, 24.7, 31.38, 45.45, 22.36, 9.06, 26.48, 38.59, 29.15, 19.03, 21.93, 22.02, 15.62, 14.87, 31.76, 7.65, 22.41], [8.54, 19.03, 5.83, 0.0, 37.48, 15.03, 26.31, 12.04, 4.24, 19.72, 27.07, 18.6, 29.83, 32.76, 25.02, 21.63, 15.0, 25.24, 7.0, 29.41, 25.96, 15.26, 8.6, 21.4, 19.21, 29.73, 27.66, 25.06, 14.87, 18.87, 31.95, 43.86, 26.57, 13.42, 30.68, 36.24, 26.91, 17.09, 26.93, 17.12, 9.9, 12.04, 29.71, 5.7, 22.39], [29.83, 28.86, 39.2, 37.48, 0.0, 49.65, 23.0, 39.82, 37.64, 19.24, 25.02, 44.6, 8.54, 33.38, 25.08, 39.81, 49.4, 41.3, 42.8, 18.11, 20.02, 43.38, 45.97, 40.26, 44.27, 8.06, 21.02, 15.52, 39.92, 38.33, 15.3, 6.4, 35.06, 35.34, 36.06, 4.47, 10.82, 53.6, 40.2, 26.57, 38.95, 25.5, 7.91, 43.16, 18.2], [20.12, 34.0, 10.77, 15.03, 49.65, 0.0, 41.3, 10.82, 12.65, 33.84, 42.11, 29.53, 42.94, 33.96, 30.53, 34.79, 20.52, 38.28, 16.16, 44.15, 40.79, 9.22, 8.94, 18.11, 30.41, 42.54, 42.58, 39.22, 27.51, 32.28, 40.46, 55.8, 26.68, 15.81, 30.41, 49.24, 39.82, 17.49, 24.02, 32.14, 22.8, 25.63, 42.36, 12.02, 32.22], [23.35, 8.6, 31.02, 26.31, 23.0, 41.3, 0.0, 35.23, 29.02, 10.82, 2.24, 24.21, 15.3, 43.28, 32.65, 17.89, 32.2, 18.68, 28.23, 5.39, 3.16, 39.2, 34.21, 41.11, 23.6, 16.49, 2.24, 8.94, 20.52, 17.2, 30.02, 28.28, 40.82, 32.98, 43.83, 19.1, 15.23, 37.74, 44.28, 9.22, 21.95, 17.46, 17.1, 30.7, 23.69], [12.0, 29.41, 6.4, 12.04, 39.82, 10.82, 35.23, 0.0, 7.81, 26.08, 36.5, 30.48, 33.84, 24.08, 19.72, 33.6, 24.7, 37.2, 17.49, 37.01, 34.01, 4.0, 13.15, 9.85, 31.14, 33.24, 36.06, 31.26, 26.91, 30.81, 29.73, 45.79, 17.0, 5.0, 21.02, 39.92, 30.68, 24.19, 15.81, 26.68, 21.93, 18.0, 32.96, 13.66, 21.91], [7.81, 22.36, 2.0, 4.24, 37.64, 12.65, 29.02, 7.81, 0.0, 21.19, 30.02, 22.8, 30.53, 29.27, 22.36, 25.81, 18.25, 29.41, 10.44, 31.58, 28.28, 11.18, 8.94, 17.2, 23.43, 30.23, 30.15, 26.57, 19.1, 23.02, 30.41, 43.93, 22.8, 9.49, 26.93, 36.89, 27.46, 19.24, 22.83, 20.02, 14.14, 13.0, 30.11, 7.52, 21.22], [14.14, 11.18, 23.09, 19.72, 19.24, 33.84, 10.82, 26.08, 21.19, 0.0, 12.81, 25.71, 10.82, 32.56, 21.93, 22.02, 30.23, 24.33, 24.04, 11.05, 8.54, 30.07, 28.3, 30.81, 25.5, 11.18, 10.77, 5.39, 20.88, 20.02, 20.88, 25.55, 30.02, 23.09, 33.02, 17.03, 8.54, 34.71, 33.62, 8.0, 19.72, 8.25, 11.42, 25.11, 13.2], [24.74, 8.54, 32.02, 27.07, 25.02, 42.11, 2.24, 36.5, 30.02, 12.81, 0.0, 23.35, 17.46, 45.34, 34.71, 16.64, 31.91, 17.09, 28.46, 7.07, 5.39, 40.45, 34.71, 42.72, 22.67, 18.68, 4.0, 11.18, 20.0, 16.28, 32.25, 30.15, 42.72, 34.48, 45.8, 21.02, 17.46, 37.59, 46.07, 10.0, 21.93, 18.97, 19.3, 31.18, 25.81], [24.35, 16.12, 24.08, 18.6, 44.6, 29.53, 24.21, 30.48, 22.8, 25.71, 23.35, 0.0, 36.06, 50.33, 41.23, 7.62, 11.0, 10.05, 13.6, 29.41, 26.08, 33.24, 20.59, 40.0, 1.0, 36.69, 26.4, 29.15, 5.0, 7.07, 45.0, 50.7, 44.72, 31.91, 48.75, 41.63, 34.21, 17.03, 45.49, 18.03, 8.94, 23.09, 37.02, 17.9, 35.56], [22.83, 20.4, 32.25, 29.83, 8.54, 42.94, 15.3, 33.84, 30.53, 10.82, 17.46, 36.06, 0.0, 32.7, 22.8, 31.4, 41.05, 33.06, 34.71, 11.18, 12.17, 37.64, 38.42, 36.06, 35.74, 1.41, 13.6, 7.07, 31.38, 29.83, 16.28, 14.76, 32.56, 29.83, 34.48, 6.4, 3.16, 45.45, 37.22, 18.03, 30.53, 17.8, 2.12, 35.42, 14.08], [26.0, 42.01, 29.07, 32.76, 33.38, 33.96, 43.28, 24.08, 29.27, 32.56, 45.34, 50.33, 32.7, 0.0, 10.63, 50.61, 47.52, 53.85, 39.62, 41.88, 40.61, 24.74, 37.0, 16.16, 50.7, 31.38, 42.8, 35.23, 45.69, 47.89, 18.11, 37.0, 7.28, 20.02, 4.24, 36.14, 30.41, 48.01, 11.4, 38.42, 41.44, 28.84, 30.73, 36.67, 19.7], [17.12, 31.62, 22.8, 25.02, 25.08, 30.53, 32.65, 19.72, 22.36, 21.93, 34.71, 41.23, 22.8, 10.63, 0.0, 40.72, 40.01, 43.83, 32.02, 31.38, 30.0, 22.02, 31.05, 16.12, 41.48, 21.59, 32.2, 24.7, 36.4, 38.08, 11.18, 29.83, 10.0, 14.76, 11.7, 27.07, 20.25, 41.59, 15.13, 28.02, 32.56, 18.79, 20.99, 29.84, 9.18], [25.0, 11.05, 27.46, 21.63, 39.81, 34.79, 17.89, 33.6, 25.81, 22.02, 16.64, 7.62, 31.4, 50.61, 40.72, 0.0, 18.25, 3.61, 18.68, 23.26, 20.25, 36.89, 25.96, 42.45, 6.71, 32.25, 20.12, 24.33, 7.28, 2.83, 42.58, 45.61, 45.8, 33.94, 49.65, 36.4, 30.07, 24.33, 47.42, 14.04, 12.08, 21.93, 32.69, 22.77, 33.72], [23.19, 23.6, 18.68, 15.0, 49.4, 20.52, 32.2, 24.7, 18.25, 30.23, 31.91, 11.0, 41.05, 47.52, 40.01, 18.25, 0.0, 21.02, 8.0, 36.88, 33.3, 26.42, 12.21, 34.54, 12.0, 41.34, 34.21, 34.83, 12.08, 16.76, 46.32, 55.76, 41.0, 27.66, 45.12, 47.2, 38.59, 6.08, 40.5, 24.04, 10.63, 24.7, 41.5, 11.07, 36.62], [28.43, 13.15, 31.06, 25.24, 41.3, 38.28, 18.68, 37.2, 29.41, 24.33, 17.09, 10.05, 33.06, 53.85, 43.83, 3.61, 21.02, 0.0, 22.14, 24.04, 21.38, 40.5, 29.41, 46.01, 9.06, 34.01, 20.88, 26.02, 10.77, 6.4, 45.12, 46.87, 49.2, 37.48, 53.01, 37.66, 32.02, 27.07, 50.93, 16.49, 15.65, 25.06, 34.5, 26.28, 36.53], [15.3, 19.92, 11.18, 7.0, 42.8, 16.16, 28.23, 17.49, 10.44, 24.04, 28.46, 13.6, 34.71, 39.62, 32.02, 18.68, 8.0, 22.14, 0.0, 32.25, 28.65, 19.85, 7.28, 27.29, 14.42, 34.83, 29.97, 29.07, 11.4, 16.28, 38.6, 49.2, 33.24, 19.92, 37.36, 41.04, 32.02, 10.82, 33.11, 19.24, 7.0, 17.49, 34.91, 4.3, 28.94], [25.02, 13.45, 33.54, 29.41, 18.11, 44.15, 5.39, 37.01, 31.58, 11.05, 7.07, 29.41, 11.18, 41.88, 31.38, 23.26, 36.88, 24.04, 32.25, 0.0, 3.61, 41.01, 37.7, 41.77, 28.84, 12.53, 3.16, 6.71, 25.5, 22.47, 27.02, 23.09, 40.31, 34.13, 42.94, 14.0, 12.04, 42.2, 44.27, 13.04, 26.4, 19.03, 13.21, 34.27, 22.21], [22.02, 10.0, 30.27, 25.96, 20.02, 40.79, 3.16, 34.01, 28.28, 8.54, 5.39, 26.08, 12.17, 40.61, 30.0, 20.25, 33.3, 21.38, 28.65, 3.61, 0.0, 38.01, 34.18, 39.29, 25.55, 13.34, 2.24, 5.83, 22.02, 19.24, 26.93, 25.5, 38.47, 31.4, 41.34, 16.28, 12.08, 38.6, 42.15, 9.43, 22.8, 16.03, 13.95, 30.73, 20.93], [16.0, 33.24, 9.43, 15.26, 43.38, 9.22, 39.2, 4.0, 11.18, 30.07, 40.45, 33.24, 37.64, 24.74, 22.02, 36.89, 26.42, 40.5, 19.85, 41.01, 38.01, 0.0, 14.32, 9.0, 33.97, 37.0, 40.05, 35.23, 30.0, 34.13, 32.56, 49.24, 17.46, 8.06, 21.21, 43.66, 34.48, 25.0, 15.03, 30.59, 25.0, 22.0, 36.69, 15.7, 25.3], [16.4, 26.31, 8.25, 8.6, 45.97, 8.94, 34.21, 13.15, 8.94, 28.3, 34.71, 20.59, 38.42, 37.0, 31.05, 25.96, 12.21, 29.41, 7.28, 37.7, 34.18, 14.32, 0.0, 22.8, 21.47, 38.29, 35.74, 33.62, 18.68, 23.54, 39.36, 52.33, 30.07, 17.03, 34.13, 44.82, 35.47, 11.05, 28.86, 25.0, 14.14, 20.62, 38.24, 3.54, 30.1], [18.36, 36.72, 16.12, 21.4, 40.26, 18.11, 41.11, 9.85, 17.2, 30.81, 42.72, 40.0, 36.06, 16.16, 16.12, 42.45, 34.54, 46.01, 27.29, 41.77, 39.29, 9.0, 22.8, 0.0, 40.61, 35.13, 41.48, 35.36, 36.12, 39.62, 27.29, 45.54, 8.94, 8.6, 12.37, 41.44, 33.02, 33.73, 6.08, 33.54, 31.24, 23.77, 34.68, 23.51, 22.28], [24.7, 15.65, 24.76, 19.21, 44.27, 30.41, 23.6, 31.14, 23.43, 25.5, 22.67, 1.0, 35.74, 50.7, 41.48, 6.71, 12.0, 9.06, 14.42, 28.84, 25.55, 33.97, 21.47, 40.61, 0.0, 36.4, 25.81, 28.79, 5.1, 6.4, 45.01, 50.33, 45.18, 32.45, 49.19, 41.23, 33.96, 18.03, 46.04, 17.72, 9.43, 23.19, 36.75, 18.72, 35.63], [22.47, 21.21, 31.91, 29.73, 8.06, 42.54, 16.49, 33.24, 30.23, 11.18, 18.68, 36.69, 1.41, 31.38, 21.59, 32.25, 41.34, 34.01, 34.83, 12.53, 13.34, 37.0, 38.29, 35.13, 36.4, 0.0, 14.87, 8.0, 31.95, 30.59, 14.87, 14.42, 31.4, 29.12, 33.24, 6.71, 2.83, 45.61, 36.12, 18.68, 30.89, 17.69, 0.71, 35.36, 13.01], [24.08, 10.63, 32.14, 27.66, 21.02, 42.58, 2.24, 36.06, 30.15, 10.77, 4.0, 26.4, 13.6, 42.8, 32.2, 20.12, 34.21, 20.88, 29.97, 3.16, 2.24, 40.05, 35.74, 41.48, 25.81, 14.87, 0.0, 7.81, 22.63, 19.42, 28.84, 26.17, 40.71, 33.54, 43.57, 17.03, 13.89, 39.66, 44.38, 10.77, 23.85, 18.11, 15.51, 32.26, 23.11], [19.42, 13.34, 28.46, 25.06, 15.52, 39.22, 8.94, 31.26, 26.57, 5.39, 11.18, 29.15, 7.07, 35.23, 24.7, 24.33, 34.83, 26.02, 29.07, 6.71, 5.83, 35.23, 33.62, 35.36, 28.79, 8.0, 7.81, 0.0, 24.6, 22.8, 21.1, 21.54, 33.62, 28.0, 36.24, 12.53, 6.32, 39.6, 37.64, 11.18, 24.21, 13.6, 8.51, 30.37, 15.53], [19.7, 12.04, 20.62, 14.87, 39.92, 27.51, 20.52, 26.91, 19.1, 20.88, 20.0, 5.0, 31.38, 45.69, 36.4, 7.28, 12.08, 10.77, 11.4, 25.5, 22.02, 30.0, 18.68, 36.12, 5.1, 31.95, 22.63, 24.6, 0.0, 5.0, 40.0, 46.1, 40.31, 27.8, 44.29, 37.12, 29.41, 18.03, 41.4, 13.42, 5.0, 18.11, 32.26, 15.51, 30.57], [22.2, 9.49, 24.7, 18.87, 38.33, 32.28, 17.2, 30.81, 23.02, 20.02, 16.28, 7.07, 29.83, 47.89, 38.08, 2.83, 16.76, 6.4, 16.28, 22.47, 19.24, 34.13, 23.54, 39.62, 6.4, 30.59, 19.42, 22.8, 5.0, 0.0, 40.31, 44.27, 43.01, 31.11, 46.87, 35.11, 28.28, 22.8, 44.6, 12.04, 9.49, 19.31, 30.99, 20.26, 31.29], [23.41, 32.02, 31.38, 31.95, 15.3, 40.46, 30.02, 29.73, 30.41, 20.88, 32.25, 45.0, 16.28, 18.11, 11.18, 42.58, 46.32, 45.12, 38.6, 27.02, 26.93, 32.56, 39.36, 27.29, 45.01, 14.87, 28.84, 21.1, 40.0, 40.31, 0.0, 19.1, 20.62, 24.76, 21.02, 18.38, 15.0, 49.04, 25.96, 28.64, 37.22, 22.09, 14.16, 37.42, 9.71], [36.12, 34.79, 45.45, 43.86, 6.4, 55.8, 28.28, 45.79, 43.93, 25.55, 30.15, 50.7, 14.76, 37.0, 29.83, 45.61, 55.76, 46.87, 49.2, 23.09, 25.5, 49.24, 52.33, 45.54, 50.33, 14.42, 26.17, 21.54, 46.1, 44.27, 19.1, 0.0, 39.62, 41.18, 40.11, 9.22, 17.2, 60.0, 44.91, 32.7, 45.28, 31.89, 14.3, 49.54, 23.94], [20.81, 38.21, 22.36, 26.57, 35.06, 26.68, 40.82, 17.0, 22.8, 30.02, 42.72, 44.72, 32.56, 7.28, 10.0, 45.8, 41.0, 49.2, 33.24, 40.31, 38.47, 17.46, 30.07, 8.94, 45.18, 31.4, 40.71, 33.62, 40.31, 43.01, 20.62, 39.62, 0.0, 13.34, 4.12, 37.05, 29.83, 41.11, 5.39, 34.71, 35.78, 24.76, 30.83, 30.01, 18.55], [9.85, 28.18, 9.06, 13.42, 35.34, 15.81, 32.98, 5.0, 9.49, 23.09, 34.48, 31.91, 29.83, 20.02, 14.76, 33.94, 27.66, 37.48, 19.92, 34.13, 31.4, 8.06, 17.03, 8.6, 32.45, 29.12, 33.54, 28.0, 27.8, 31.11, 24.76, 41.18, 13.34, 0.0, 17.46, 35.74, 26.68, 28.0, 13.6, 25.08, 23.02, 15.52, 28.78, 16.69, 17.24], [24.7, 41.73, 26.48, 30.68, 36.06, 30.41, 43.83, 21.02, 26.93, 33.02, 45.8, 48.75, 34.48, 4.24, 11.7, 49.65, 45.12, 53.01, 37.36, 42.94, 41.34, 21.21, 34.13, 12.37, 49.19, 33.24, 43.57, 36.24, 44.29, 46.87, 21.02, 40.11, 4.12, 17.46, 0.0, 38.47, 31.95, 45.18, 7.21, 38.18, 39.81, 28.32, 32.63, 34.12, 20.81], [29.15, 25.63, 38.59, 36.24, 4.47, 49.24, 19.1, 39.92, 36.89, 17.03, 21.02, 41.63, 6.4, 36.14, 27.07, 36.4, 47.2, 37.66, 41.04, 14.0, 16.28, 43.66, 44.82, 41.44, 41.23, 6.71, 17.03, 12.53, 37.12, 35.11, 18.38, 9.22, 37.05, 35.74, 38.47, 0.0, 9.43, 51.74, 42.0, 23.71, 36.62, 24.21, 6.96, 41.82, 19.16], [19.72, 19.03, 29.15, 26.91, 10.82, 39.82, 15.23, 30.68, 27.46, 8.54, 17.46, 34.21, 3.16, 30.41, 20.25, 30.07, 38.59, 32.02, 32.02, 12.04, 12.08, 34.48, 35.47, 33.02, 33.96, 2.83, 13.89, 6.32, 29.41, 28.28, 15.0, 17.2, 29.83, 26.68, 31.95, 9.43, 0.0, 42.8, 34.37, 16.28, 28.18, 14.87, 2.92, 32.53, 11.28], [25.63, 29.15, 19.03, 17.09, 53.6, 17.49, 37.74, 24.19, 19.24, 34.71, 37.59, 17.03, 45.45, 48.01, 41.59, 24.33, 6.08, 27.07, 10.82, 42.2, 38.6, 25.0, 11.05, 33.73, 18.03, 45.61, 39.66, 39.6, 18.03, 22.8, 49.04, 60.0, 41.11, 28.0, 45.18, 51.74, 42.8, 0.0, 39.81, 29.21, 15.81, 28.3, 45.7, 11.77, 39.46], [22.67, 40.8, 21.93, 26.93, 40.2, 24.02, 44.28, 15.81, 22.83, 33.62, 46.07, 45.49, 37.22, 11.4, 15.13, 47.42, 40.5, 50.93, 33.11, 44.27, 42.15, 15.03, 28.86, 6.08, 46.04, 36.12, 44.38, 37.64, 41.4, 44.6, 25.96, 44.91, 5.39, 13.6, 7.21, 42.0, 34.37, 39.81, 0.0, 37.44, 36.62, 27.46, 35.59, 29.44, 23.14], [15.23, 3.61, 22.02, 17.12, 26.57, 32.14, 9.22, 26.68, 20.02, 8.0, 10.0, 18.03, 18.03, 38.42, 28.02, 14.04, 24.04, 16.49, 19.24, 13.04, 9.43, 30.59, 25.0, 33.54, 17.72, 18.68, 10.77, 11.18, 13.42, 12.04, 28.64, 32.7, 34.71, 25.08, 38.18, 23.71, 16.28, 29.21, 37.44, 0.0, 13.45, 10.0, 19.04, 21.51, 20.16], [15.52, 13.42, 15.62, 9.9, 38.95, 22.8, 21.95, 21.93, 14.14, 19.72, 21.93, 8.94, 30.53, 41.44, 32.56, 12.08, 10.63, 15.65, 7.0, 26.4, 22.8, 25.0, 14.14, 31.24, 9.43, 30.89, 23.85, 24.21, 5.0, 9.49, 37.22, 45.28, 35.78, 23.02, 39.81, 36.62, 28.18, 15.81, 36.62, 13.45, 0.0, 15.13, 31.09, 10.79, 27.57], [6.0, 13.45, 14.87, 12.04, 25.5, 25.63, 17.46, 18.0, 13.0, 8.25, 18.97, 23.09, 17.8, 28.84, 18.79, 21.93, 24.7, 25.06, 17.49, 19.03, 16.03, 22.0, 20.62, 23.77, 23.19, 17.69, 18.11, 13.6, 18.11, 19.31, 22.09, 31.89, 24.76, 15.52, 28.32, 24.21, 14.87, 28.3, 27.46, 10.0, 15.13, 0.0, 17.68, 17.68, 12.5], [22.33, 21.64, 31.76, 29.71, 7.91, 42.36, 17.1, 32.96, 30.11, 11.42, 19.3, 37.02, 2.12, 30.73, 20.99, 32.69, 41.5, 34.5, 34.91, 13.21, 13.95, 36.69, 38.24, 34.68, 36.75, 0.71, 15.51, 8.51, 32.26, 30.99, 14.16, 14.3, 30.83, 28.78, 32.63, 6.96, 2.92, 45.7, 35.59, 19.04, 31.09, 17.68, 0.0, 35.36, 12.5], [14.09, 22.77, 7.65, 5.7, 43.16, 12.02, 30.7, 13.66, 7.52, 25.11, 31.18, 17.9, 35.42, 36.67, 29.84, 22.77, 11.07, 26.28, 4.3, 34.27, 30.73, 15.7, 3.54, 23.51, 18.72, 35.36, 32.26, 30.37, 15.51, 20.26, 37.42, 49.54, 30.01, 16.69, 34.12, 41.82, 32.53, 11.77, 29.44, 21.51, 10.79, 17.68, 35.36, 0.0, 27.95], [13.87, 23.71, 22.41, 22.39, 18.2, 32.22, 23.69, 21.91, 21.22, 13.2, 25.81, 35.56, 14.08, 19.7, 9.18, 33.72, 36.62, 36.53, 28.94, 22.21, 20.93, 25.3, 30.1, 22.28, 35.63, 13.01, 23.11, 15.53, 30.57, 31.29, 9.71, 23.94, 18.55, 17.24, 20.81, 19.16, 11.28, 39.46, 23.14, 20.16, 27.57, 12.5, 12.5, 27.95, 0.0]]
[20, 20, 20, 20]
5
[[0.0, 555.0], [13.0, 142.0], [0.0, 87.0], [0.0, 96.0], [447.0, 525.0], [170.0, 242.0], [66.0, 104.0], [142.0, 234.0], [287.0, 374.0], [262.0, 399.0], [85.0, 92.0], [22.0, 124.0], [289.0, 331.0], [245.0, 343.0], [184.0, 354.0], [90.0, 208.0], [0.0, 55.0], [0.0, 58.0], [0.0, 27.0], [37.0, 112.0], [102.0, 156.0], [151.0, 255.0], [128.0, 269.0], [177.0, 307.0], [0.0, 85.0], [334.0, 419.0], [1.0, 136.0], [91.0, 194.0], [0.0, 61.0], [22.0, 140.0], [282.0, 472.0], [428.0, 474.0], [218.0, 250.0], [186.0, 299.0], [228.0, 310.0], [251.0, 382.0], [244.0, 396.0], [93.0, 166.0], [216.0, 304.0], [77.0, 146.0], [327.0, 437.0], [0.0, 555.0], [0.0, 555.0], [0.0, 555.0], [0.0, 555.0]]
[[25.0, 31.0], [34.0, 15.0], [30.0, 39.0], [33.0, 34.0], [6.0, 8.0], [34.0, 49.0], [29.0, 8.0], [25.0, 43.0], [30.0, 37.0], [23.0, 17.0], [31.0, 7.0], [48.0, 23.0], [14.0, 11.0], [1.0, 41.0], [8.0, 33.0], [45.0, 16.0], [48.0, 34.0], [47.0, 13.0], [40.0, 34.0], [24.0, 6.0], [26.0, 9.0], [25.0, 47.0], [38.0, 41.0], [16.0, 47.0], [48.0, 22.0], [13.0, 12.0], [27.0, 7.0], [21.0, 12.0], [43.0, 23.0], [43.0, 18.0], [3.0, 23.0], [1.0, 4.0], [8.0, 43.0], [21.0, 40.0], [4.0, 44.0], [10.0, 6.0], [15.0, 14.0], [49.0, 40.0], [10.0, 48.0], [31.0, 17.0], [40.0, 27.0], [25.0, 25.0], [12.5, 12.5], [37.5, 37.5], [12.5, 25.0]]
[[0.0, 0.0], [0.0, 0.0], [0.0, 0.0], [0.0, 0.0], [0.0, 0.0], [0.0, 0.0], [0.0, 0.0], [0.0, 0.0], [0.0, 0.0], [0.0, 0.0], [0.0, 0.0], [0.0, 0.0], [0.0, 0.0], [0.0, 0.0], [0.0, 0.0], [0.0, 0.0], [0.0, 0.0], [0.0, 0.0], [0.0, 0.0], [0.0, 0.0], [0.0, 0.0], [0.0, 0.0], [0.0, 0.0], [0.0, 0.0], [0.0, 0.0], [0.0, 0.0], [0.0, 0.0], [0.0, 0.0], [0.0, 0.0], [0.0, 0.0], [0.0, 0.0], [0.0, 0.0], [0.0, 0.0], [0.0, 0.0], [0.0, 0.0], [0.0, 0.0], [0.0, 0.0], [0.0, 0.0], [0.0, 0.0], [0.0, 0.0], [0.0, 0.0], [0.0, 0.0], [0.0, 0.0], [0.0, 0.0], [0.0, 0.0]]
^demand; service time^
!! n40w100.004    91.75 492
