60
[[0.0, 26.0, 36.12, 40.02, 12.08, 23.77, 36.88, 27.46, 29.15, 22.36, 28.16, 35.85, 32.8, 31.4, 26.17, 14.32, 26.25, 10.77, 13.6, 20.25, 20.0, 38.08, 30.27, 5.83, 15.0, 37.01, 26.17, 41.01, 35.85, 45.34, 2.24, 12.17, 11.4, 14.14, 21.26, 35.38, 15.23, 17.46, 32.57, 38.12, 20.62, 30.87, 11.18, 10.77, 21.47, 32.14, 9.22, 46.04, 38.42, 35.23, 14.14, 30.15, 28.02, 13.0, 8.06, 6.71, 15.81, 39.05, 28.46, 7.81, 12.65, 15.23, 32.32, 6.67, 27.17, 18.56, 27.17], [26.0, 0.0, 37.0, 24.21, 29.02, 19.1, 38.0, 34.21, 5.1, 6.32, 18.25, 10.63, 30.07, 29.02, 28.44, 29.21, 38.48, 34.41, 30.48, 7.07, 38.42, 30.36, 48.83, 27.46, 24.52, 17.03, 13.15, 39.32, 25.63, 41.23, 25.94, 22.09, 14.76, 12.81, 25.3, 36.0, 18.44, 8.54, 7.0, 19.1, 5.39, 23.35, 26.02, 34.41, 20.62, 15.26, 31.26, 38.63, 40.0, 39.2, 24.41, 14.32, 45.49, 24.19, 18.03, 21.38, 19.65, 40.01, 39.92, 19.42, 20.1, 18.87, 28.61, 22.77, 16.19, 36.31, 16.19], [36.12, 37.0, 0.0, 23.43, 47.8, 18.11, 1.0, 9.85, 42.01, 31.06, 19.24, 45.54, 7.28, 8.06, 10.3, 22.8, 16.12, 32.76, 24.41, 38.64, 25.0, 12.04, 28.16, 41.87, 48.37, 29.07, 24.08, 5.39, 15.81, 10.44, 33.97, 44.78, 32.7, 30.68, 15.26, 1.0, 44.78, 34.93, 37.66, 27.78, 35.36, 14.56, 46.04, 32.76, 17.72, 25.3, 45.28, 14.04, 3.0, 4.47, 22.02, 24.74, 25.02, 46.65, 35.36, 39.12, 46.1, 3.16, 15.0, 38.08, 43.83, 23.26, 8.86, 40.35, 21.15, 24.05, 21.15], [40.02, 24.21, 23.43, 0.0, 48.33, 17.0, 24.21, 27.78, 27.78, 21.4, 12.04, 28.16, 17.03, 17.2, 21.93, 33.24, 34.89, 43.01, 35.23, 29.73, 40.52, 11.66, 47.85, 44.27, 45.79, 8.25, 14.32, 22.36, 7.81, 21.59, 38.64, 42.54, 30.46, 27.31, 23.54, 22.67, 40.22, 28.02, 20.62, 6.08, 26.25, 11.7, 45.62, 43.01, 20.02, 9.22, 48.38, 17.03, 25.81, 27.59, 29.02, 10.82, 44.28, 44.78, 34.54, 39.0, 41.62, 25.24, 34.99, 37.16, 40.82, 25.18, 15.7, 40.58, 12.85, 38.68, 12.85], [12.08, 29.02, 47.8, 48.33, 0.0, 33.6, 48.6, 39.45, 30.27, 27.89, 37.22, 36.67, 43.84, 42.43, 37.64, 26.4, 38.28, 21.02, 25.63, 22.0, 31.4, 48.41, 41.01, 6.32, 6.4, 43.68, 34.01, 52.5, 45.49, 56.59, 14.32, 7.07, 17.89, 21.02, 32.65, 47.01, 11.4, 21.38, 36.01, 45.22, 24.19, 40.8, 3.0, 21.02, 31.89, 39.56, 5.39, 56.73, 50.22, 47.17, 25.81, 37.7, 39.2, 5.39, 13.89, 9.43, 10.77, 50.8, 40.5, 11.18, 9.06, 25.5, 43.16, 7.91, 35.79, 30.21, 35.79], [23.77, 19.1, 18.11, 17.0, 33.6, 0.0, 19.1, 15.65, 24.19, 13.0, 5.1, 28.46, 11.7, 10.44, 9.49, 16.49, 21.26, 26.02, 18.44, 20.62, 24.6, 14.87, 33.42, 28.65, 32.56, 17.0, 7.21, 21.19, 12.08, 24.19, 22.14, 29.0, 16.28, 13.6, 7.81, 17.12, 28.02, 17.09, 21.02, 17.09, 17.26, 7.21, 31.24, 26.02, 3.16, 11.66, 32.65, 23.35, 21.1, 20.1, 12.04, 10.0, 29.83, 31.11, 19.85, 24.21, 29.41, 21.21, 22.2, 22.67, 27.66, 8.54, 10.51, 25.7, 5.41, 22.59, 5.41], [36.88, 38.0, 1.0, 24.21, 48.6, 19.1, 0.0, 10.3, 43.01, 32.06, 20.22, 46.53, 8.25, 9.06, 11.18, 23.43, 16.28, 33.29, 25.0, 39.62, 25.3, 12.73, 28.07, 42.64, 49.24, 29.97, 25.08, 5.1, 16.64, 10.2, 34.71, 45.65, 33.62, 31.62, 16.12, 2.0, 45.69, 35.9, 38.64, 28.65, 36.35, 15.52, 46.87, 33.29, 18.68, 26.25, 46.01, 14.14, 2.0, 4.12, 22.8, 25.71, 25.0, 47.51, 36.24, 39.96, 47.01, 2.24, 15.03, 38.95, 44.72, 24.17, 9.82, 41.19, 22.14, 24.42, 22.14], [27.46, 34.21, 9.85, 27.78, 39.45, 15.65, 10.3, 0.0, 39.29, 27.89, 19.21, 44.01, 11.4, 10.77, 6.4, 13.45, 7.28, 23.02, 14.87, 34.06, 15.3, 18.44, 20.25, 33.29, 40.85, 31.11, 22.83, 15.23, 20.12, 20.25, 25.24, 37.34, 26.31, 25.02, 9.06, 9.49, 38.08, 30.02, 36.67, 30.48, 31.26, 16.4, 38.01, 23.02, 13.6, 26.25, 36.4, 23.19, 11.4, 7.81, 13.93, 25.0, 16.76, 39.0, 28.16, 31.38, 39.29, 12.21, 7.21, 30.68, 36.69, 17.03, 12.35, 32.44, 20.52, 14.23, 20.52], [29.15, 5.1, 42.01, 27.78, 30.27, 24.19, 43.01, 39.29, 0.0, 11.4, 23.09, 6.71, 35.01, 34.0, 33.54, 33.84, 43.46, 38.29, 35.0, 8.94, 43.01, 34.93, 53.54, 29.73, 25.0, 20.0, 18.03, 44.18, 30.08, 45.89, 29.41, 23.19, 18.44, 17.03, 30.36, 41.01, 19.03, 12.04, 7.81, 22.2, 9.22, 28.16, 27.29, 38.29, 25.71, 19.31, 33.24, 43.01, 45.01, 44.28, 29.15, 18.68, 50.25, 25.08, 21.1, 23.77, 20.0, 45.0, 44.94, 21.93, 21.21, 23.71, 33.53, 24.99, 21.05, 40.92, 21.05], [22.36, 6.32, 31.06, 21.4, 27.89, 13.0, 32.06, 27.89, 11.4, 0.0, 13.0, 16.64, 24.33, 23.19, 22.2, 23.35, 32.2, 29.53, 24.76, 8.6, 32.56, 25.5, 42.8, 25.02, 24.6, 15.81, 8.06, 33.73, 21.1, 36.06, 21.84, 21.54, 11.05, 8.25, 18.97, 30.07, 18.87, 6.71, 10.82, 17.46, 5.0, 18.03, 25.0, 29.53, 14.32, 12.21, 29.07, 34.0, 34.06, 33.06, 18.44, 10.63, 39.41, 23.77, 15.0, 19.1, 20.25, 34.13, 33.62, 17.12, 19.7, 12.81, 22.95, 20.65, 10.97, 30.44, 10.97], [28.16, 18.25, 19.24, 12.04, 37.22, 5.1, 20.22, 19.21, 23.09, 13.0, 0.0, 26.31, 12.04, 11.18, 12.81, 21.59, 25.5, 31.06, 23.54, 21.47, 29.55, 12.53, 38.01, 32.7, 35.47, 12.21, 5.1, 21.1, 8.49, 23.09, 26.68, 32.02, 19.42, 16.4, 12.53, 18.25, 30.41, 18.6, 18.44, 12.08, 17.89, 5.1, 34.67, 31.06, 8.25, 7.07, 36.77, 21.1, 22.2, 22.14, 17.12, 5.83, 34.41, 34.21, 23.32, 27.78, 31.83, 22.09, 26.17, 26.08, 30.48, 13.15, 10.51, 29.33, 2.06, 27.58, 2.06], [35.85, 10.63, 45.54, 28.16, 36.67, 28.46, 46.53, 44.01, 6.71, 16.64, 26.31, 0.0, 38.33, 37.48, 37.95, 39.82, 48.76, 44.82, 41.11, 15.65, 49.04, 37.05, 59.41, 36.4, 31.14, 19.92, 21.59, 47.04, 32.06, 48.09, 36.06, 29.61, 25.0, 23.35, 35.34, 44.55, 25.32, 18.6, 8.0, 22.14, 15.62, 31.14, 33.73, 44.82, 30.46, 21.02, 39.85, 44.55, 48.51, 48.27, 35.0, 21.02, 56.04, 31.4, 27.78, 30.46, 26.17, 48.37, 50.09, 28.64, 27.66, 29.41, 36.78, 31.66, 24.42, 46.93, 24.42], [32.8, 30.07, 7.28, 17.03, 43.84, 11.7, 8.25, 11.4, 35.01, 24.33, 12.04, 38.33, 0.0, 1.41, 7.28, 21.19, 18.68, 31.62, 23.09, 32.28, 26.0, 7.07, 31.62, 38.29, 43.6, 21.95, 17.0, 9.49, 9.22, 12.81, 30.81, 40.0, 27.46, 25.06, 11.66, 6.32, 39.45, 28.79, 30.41, 20.81, 28.86, 7.28, 41.77, 31.62, 12.21, 18.03, 42.01, 13.42, 10.2, 10.82, 18.87, 17.46, 28.16, 42.01, 30.61, 34.71, 40.82, 10.05, 18.38, 33.42, 38.83, 18.44, 1.58, 36.09, 14.01, 24.55, 14.01], [31.4, 29.02, 8.06, 17.2, 42.43, 10.44, 9.06, 10.77, 34.0, 23.19, 11.18, 37.48, 1.41, 0.0, 6.08, 19.92, 18.03, 30.36, 21.84, 31.05, 25.02, 8.0, 31.02, 36.88, 42.2, 21.63, 16.03, 10.77, 9.43, 14.21, 29.41, 38.6, 26.08, 23.71, 10.3, 7.07, 38.08, 27.51, 29.61, 20.62, 27.66, 6.71, 40.36, 30.36, 10.82, 17.46, 40.61, 14.76, 11.05, 11.18, 17.49, 16.76, 27.51, 40.61, 29.21, 33.3, 39.45, 11.0, 17.89, 32.02, 37.44, 17.03, 1.58, 34.68, 13.09, 23.51, 13.09], [26.17, 28.44, 10.3, 21.93, 37.64, 9.49, 11.18, 6.4, 33.54, 22.2, 12.81, 37.95, 7.28, 6.08, 0.0, 13.93, 13.04, 24.35, 15.81, 29.07, 19.1, 14.04, 25.94, 31.83, 38.08, 24.76, 16.55, 14.87, 14.56, 19.21, 24.08, 34.48, 22.47, 20.62, 5.0, 9.43, 34.54, 25.18, 30.46, 24.21, 26.0, 10.3, 35.81, 24.35, 8.0, 19.85, 35.38, 20.62, 13.0, 11.05, 12.04, 18.6, 22.36, 36.36, 25.06, 28.84, 35.85, 13.42, 13.45, 27.78, 33.54, 13.0, 7.52, 30.11, 14.15, 17.51, 14.15], [14.32, 29.21, 22.8, 33.24, 26.4, 16.49, 23.43, 13.45, 33.84, 23.35, 21.59, 39.82, 21.19, 19.92, 13.93, 0.0, 12.17, 10.44, 2.0, 26.4, 9.22, 27.66, 19.72, 20.12, 28.64, 33.24, 22.36, 28.02, 27.02, 32.76, 12.08, 25.32, 16.76, 17.0, 10.05, 22.2, 27.0, 22.36, 33.97, 33.53, 24.7, 22.0, 25.3, 10.44, 13.34, 27.86, 23.02, 34.54, 24.76, 21.26, 5.0, 26.0, 16.55, 26.68, 17.03, 19.24, 28.02, 25.5, 14.32, 19.03, 25.08, 10.63, 21.22, 20.01, 21.66, 7.11, 21.66], [26.25, 38.48, 16.12, 34.89, 38.28, 21.26, 16.28, 7.28, 43.46, 32.2, 25.5, 48.76, 18.68, 18.03, 13.04, 12.17, 0.0, 19.21, 12.65, 37.11, 9.43, 25.71, 13.0, 31.95, 40.79, 37.64, 28.43, 21.38, 27.31, 26.48, 24.04, 37.48, 28.16, 27.66, 13.6, 16.03, 39.05, 32.98, 41.88, 37.2, 34.79, 23.32, 37.36, 19.21, 18.6, 32.56, 34.44, 30.02, 16.76, 12.65, 15.13, 31.11, 9.49, 38.83, 29.02, 31.4, 40.11, 17.72, 2.24, 31.14, 37.22, 19.92, 19.61, 32.16, 26.52, 9.19, 26.52], [10.77, 34.41, 32.76, 43.01, 21.02, 26.02, 33.29, 23.02, 38.29, 29.53, 31.06, 44.82, 31.62, 30.36, 24.35, 10.44, 19.21, 0.0, 8.54, 29.7, 10.77, 38.08, 20.0, 15.03, 25.32, 41.98, 30.81, 38.08, 37.22, 42.94, 9.43, 22.8, 19.85, 21.63, 20.4, 32.25, 26.0, 26.25, 40.31, 42.58, 29.21, 32.14, 21.1, 0.0, 23.0, 36.67, 16.28, 44.94, 34.41, 30.61, 14.0, 34.71, 18.25, 23.35, 17.8, 17.46, 26.57, 35.23, 21.4, 18.36, 23.41, 18.44, 31.66, 17.39, 30.76, 10.12, 30.76], [13.6, 30.48, 24.41, 35.23, 25.63, 18.44, 25.0, 14.87, 35.0, 24.76, 23.54, 41.11, 23.09, 21.84, 15.81, 2.0, 12.65, 8.54, 0.0, 27.29, 8.06, 29.61, 18.79, 19.31, 28.28, 35.11, 24.17, 29.68, 29.02, 34.48, 11.4, 25.08, 17.46, 18.03, 12.04, 23.85, 27.07, 23.32, 35.47, 35.44, 25.81, 24.0, 24.74, 8.54, 15.3, 29.73, 21.95, 36.4, 26.25, 22.63, 6.71, 27.86, 15.81, 26.31, 17.26, 19.03, 28.02, 27.02, 14.87, 19.03, 25.0, 12.21, 23.16, 19.66, 23.56, 6.04, 23.56], [20.25, 7.07, 38.64, 29.73, 22.0, 20.62, 39.62, 34.06, 8.94, 8.6, 21.47, 15.65, 32.28, 31.05, 29.07, 26.4, 37.11, 29.7, 27.29, 0.0, 35.36, 34.0, 46.07, 20.88, 17.46, 23.32, 16.64, 41.76, 29.68, 44.38, 20.62, 15.03, 10.0, 9.49, 25.02, 37.66, 11.4, 4.12, 14.04, 25.24, 3.61, 26.4, 19.0, 29.7, 21.1, 20.52, 24.52, 42.54, 41.59, 40.11, 22.14, 19.1, 42.95, 17.12, 12.21, 14.87, 12.65, 41.77, 38.83, 13.0, 13.04, 17.26, 30.99, 16.14, 19.47, 33.32, 19.47], [20.0, 38.42, 25.0, 40.52, 31.4, 24.6, 25.3, 15.3, 43.01, 32.56, 29.55, 49.04, 26.0, 25.02, 19.1, 9.22, 9.43, 10.77, 8.06, 35.36, 0.0, 33.02, 10.77, 25.18, 35.0, 41.59, 31.06, 30.36, 33.54, 35.44, 18.03, 32.06, 25.5, 26.08, 17.09, 24.74, 34.53, 31.38, 43.14, 41.63, 33.84, 28.86, 31.06, 10.77, 21.47, 36.24, 26.93, 38.47, 26.0, 21.93, 14.14, 34.48, 8.06, 33.0, 25.0, 26.17, 35.36, 26.93, 11.4, 26.48, 32.25, 19.8, 26.54, 26.54, 29.97, 2.12, 29.97], [38.08, 30.36, 12.04, 11.66, 48.41, 14.87, 12.73, 18.44, 34.93, 25.5, 12.53, 37.05, 7.07, 8.0, 14.04, 27.66, 25.71, 38.08, 29.61, 34.0, 33.02, 0.0, 38.6, 43.27, 47.38, 18.44, 17.46, 10.77, 5.0, 11.05, 36.24, 43.84, 31.11, 28.32, 17.72, 11.4, 42.64, 31.06, 29.07, 16.76, 30.41, 7.81, 46.1, 38.08, 16.64, 16.03, 47.17, 8.6, 14.21, 16.4, 24.7, 16.28, 35.17, 45.97, 34.71, 39.05, 44.05, 13.6, 25.3, 37.54, 42.45, 23.02, 6.52, 40.53, 14.53, 31.5, 14.53], [30.27, 48.83, 28.16, 47.85, 41.01, 33.42, 28.07, 20.25, 53.54, 42.8, 38.01, 59.41, 31.62, 31.02, 25.94, 19.72, 13.0, 20.0, 18.79, 46.07, 10.77, 38.6, 0.0, 35.01, 45.18, 50.22, 40.36, 33.02, 40.31, 38.0, 28.44, 42.43, 36.25, 36.72, 25.61, 28.28, 45.12, 42.06, 53.15, 49.93, 44.42, 36.24, 41.05, 20.0, 30.48, 45.0, 36.12, 42.19, 28.0, 24.02, 24.41, 43.42, 3.61, 43.19, 35.74, 36.67, 45.89, 29.0, 13.34, 37.11, 42.76, 30.0, 32.6, 36.91, 38.81, 12.75, 38.81], [5.83, 27.46, 41.87, 44.27, 6.32, 28.65, 42.64, 33.29, 29.73, 25.02, 32.7, 36.4, 38.29, 36.88, 31.83, 20.12, 31.95, 15.03, 19.31, 20.88, 25.18, 43.27, 35.01, 0.0, 10.44, 40.45, 30.08, 46.69, 40.71, 50.93, 8.06, 8.6, 14.14, 17.26, 26.87, 41.11, 12.73, 19.1, 34.37, 41.77, 22.2, 35.85, 6.08, 15.03, 26.63, 35.9, 4.12, 51.4, 44.2, 41.05, 19.85, 33.96, 33.06, 8.54, 10.05, 6.08, 12.81, 44.82, 34.18, 8.06, 9.9, 20.25, 37.72, 4.74, 31.48, 23.93, 31.48], [15.0, 24.52, 48.37, 45.79, 6.4, 32.56, 49.24, 40.85, 25.0, 24.6, 35.47, 31.14, 43.6, 42.2, 38.08, 28.64, 40.79, 25.32, 28.28, 17.46, 35.0, 47.38, 45.18, 10.44, 0.0, 40.31, 31.62, 52.7, 43.93, 56.4, 17.03, 3.61, 16.28, 19.1, 33.12, 47.51, 6.08, 17.89, 31.4, 42.05, 20.25, 39.6, 4.47, 25.32, 31.4, 36.72, 11.4, 55.9, 51.0, 48.33, 26.93, 34.99, 43.01, 2.0, 13.04, 9.49, 5.0, 51.48, 42.95, 10.3, 5.0, 25.24, 42.71, 8.63, 33.81, 33.53, 33.81], [37.01, 17.03, 29.07, 8.25, 43.68, 17.0, 29.97, 31.11, 20.0, 15.81, 12.21, 19.92, 21.95, 21.63, 24.76, 33.24, 37.64, 41.98, 35.11, 23.32, 41.59, 18.44, 50.22, 40.45, 40.31, 0.0, 11.18, 29.12, 13.6, 29.15, 36.01, 37.34, 26.31, 23.19, 24.7, 28.18, 34.44, 22.47, 12.53, 2.24, 20.12, 15.0, 40.8, 41.98, 20.12, 5.39, 44.55, 25.02, 31.78, 32.76, 28.46, 7.28, 46.62, 39.56, 30.41, 34.71, 35.78, 31.38, 38.21, 32.76, 35.47, 23.54, 20.41, 36.28, 11.63, 39.58, 11.63], [26.17, 13.15, 24.08, 14.32, 34.01, 7.21, 25.08, 22.83, 18.03, 8.06, 5.1, 21.59, 17.0, 16.03, 16.55, 22.36, 28.43, 30.81, 24.17, 16.64, 31.06, 17.46, 40.36, 30.08, 31.62, 11.18, 0.0, 26.17, 13.04, 28.16, 25.02, 28.3, 16.16, 13.0, 14.87, 23.09, 26.25, 14.14, 13.93, 12.0, 13.04, 10.2, 31.3, 30.81, 9.9, 6.0, 34.21, 25.94, 27.07, 26.68, 17.46, 4.0, 36.8, 30.53, 20.25, 24.7, 27.66, 27.02, 29.41, 22.85, 26.63, 12.37, 15.51, 26.28, 3.04, 28.99, 3.04], [41.01, 39.32, 5.39, 22.36, 52.5, 21.19, 5.1, 15.23, 44.18, 33.73, 21.1, 47.04, 9.49, 10.77, 14.87, 28.02, 21.38, 38.08, 29.68, 41.76, 30.36, 10.77, 33.02, 46.69, 52.7, 29.12, 26.17, 0.0, 15.52, 5.1, 38.9, 49.09, 36.72, 34.44, 19.85, 5.83, 48.76, 38.28, 39.05, 27.51, 38.33, 16.03, 50.61, 38.08, 21.47, 26.17, 50.21, 9.49, 5.1, 9.0, 26.87, 26.02, 30.02, 51.04, 39.66, 43.6, 50.12, 4.12, 20.1, 42.44, 48.02, 27.46, 10.79, 44.91, 23.14, 29.44, 23.14], [35.85, 25.63, 15.81, 7.81, 45.49, 12.08, 16.64, 20.12, 30.08, 21.1, 8.49, 32.06, 9.22, 9.43, 14.56, 27.02, 27.31, 37.22, 29.02, 29.68, 33.54, 5.0, 40.31, 40.71, 43.93, 13.6, 13.04, 15.52, 0.0, 16.03, 34.18, 40.46, 27.8, 24.84, 17.0, 15.0, 38.9, 27.02, 24.08, 12.08, 26.08, 5.1, 43.01, 37.22, 14.56, 11.05, 44.72, 13.0, 18.36, 19.85, 23.35, 11.4, 36.77, 42.64, 31.62, 36.06, 40.31, 17.89, 27.29, 34.41, 38.95, 20.62, 7.91, 37.58, 10.31, 31.82, 10.31], [45.34, 41.23, 10.44, 21.59, 56.59, 24.19, 10.2, 20.25, 45.89, 36.06, 23.09, 48.09, 12.81, 14.21, 19.21, 32.76, 26.48, 42.94, 34.48, 44.38, 35.44, 11.05, 38.0, 50.93, 56.4, 29.15, 28.16, 5.1, 16.03, 0.0, 43.28, 52.8, 40.22, 37.74, 24.08, 10.77, 52.15, 41.15, 40.11, 27.29, 40.85, 18.03, 54.56, 42.94, 25.0, 27.07, 54.56, 5.66, 10.0, 14.04, 31.24, 27.29, 35.06, 54.82, 43.42, 47.51, 53.54, 9.0, 25.18, 46.23, 51.61, 31.24, 13.73, 48.87, 25.14, 34.47, 25.14], [2.24, 25.94, 33.97, 38.64, 14.32, 22.14, 34.71, 25.24, 29.41, 21.84, 26.68, 36.06, 30.81, 29.41, 24.08, 12.08, 24.04, 9.43, 11.4, 20.62, 18.03, 36.24, 28.44, 8.06, 17.03, 36.01, 25.02, 38.9, 34.18, 43.28, 0.0, 14.04, 11.18, 13.6, 19.21, 33.24, 16.76, 17.49, 32.31, 37.01, 20.59, 29.15, 13.34, 9.43, 19.7, 31.02, 11.31, 44.1, 36.24, 33.02, 12.04, 29.02, 26.08, 15.03, 8.49, 8.25, 17.46, 36.88, 26.25, 8.94, 14.32, 13.6, 30.37, 8.51, 25.81, 16.51, 25.81], [12.17, 22.09, 44.78, 42.54, 7.07, 29.0, 45.65, 37.34, 23.19, 21.54, 32.02, 29.61, 40.0, 38.6, 34.48, 25.32, 37.48, 22.8, 25.08, 15.03, 32.06, 43.84, 42.43, 8.6, 3.61, 37.34, 28.3, 49.09, 40.46, 52.8, 14.04, 0.0, 12.73, 15.62, 29.53, 43.91, 4.47, 14.87, 29.07, 39.0, 17.46, 36.07, 4.12, 22.8, 27.8, 33.54, 10.82, 52.35, 47.41, 44.78, 23.41, 31.76, 40.11, 2.24, 9.43, 6.08, 4.24, 47.89, 39.62, 6.71, 2.0, 21.63, 39.12, 5.52, 30.4, 30.5, 30.4], [11.4, 14.76, 32.7, 30.46, 17.89, 16.28, 33.62, 26.31, 18.44, 11.05, 19.42, 25.0, 27.46, 26.08, 22.47, 16.76, 28.16, 19.85, 17.46, 10.0, 25.5, 31.11, 36.25, 14.14, 16.28, 26.31, 16.16, 36.72, 27.8, 40.22, 11.18, 12.73, 0.0, 3.16, 17.72, 31.78, 12.08, 6.4, 21.19, 27.66, 9.43, 23.35, 15.26, 19.85, 15.26, 21.84, 18.25, 39.62, 35.47, 33.24, 13.04, 19.92, 33.24, 14.87, 4.12, 8.54, 13.42, 35.85, 30.07, 6.71, 11.4, 9.49, 26.5, 10.12, 17.92, 23.51, 17.92], [14.14, 12.81, 30.68, 27.31, 21.02, 13.6, 31.62, 25.02, 17.03, 8.25, 16.4, 23.35, 25.06, 23.71, 20.62, 17.0, 27.66, 21.63, 18.03, 9.49, 26.08, 28.32, 36.72, 17.26, 19.1, 23.19, 13.0, 34.44, 24.84, 37.74, 13.6, 15.62, 3.16, 0.0, 16.12, 29.73, 14.42, 5.39, 18.79, 24.52, 7.81, 20.52, 18.36, 21.63, 13.0, 18.68, 21.38, 36.88, 33.53, 31.58, 12.65, 16.76, 33.54, 17.8, 7.28, 11.7, 15.81, 33.84, 29.43, 9.85, 14.14, 8.0, 24.01, 13.29, 14.84, 24.01, 14.84], [21.26, 25.3, 15.26, 23.54, 32.65, 7.81, 16.12, 9.06, 30.36, 18.97, 12.53, 35.34, 11.66, 10.3, 5.0, 10.05, 13.6, 20.4, 12.04, 25.02, 17.09, 17.72, 25.61, 26.87, 33.12, 24.7, 14.87, 19.85, 17.0, 24.08, 19.21, 29.53, 17.72, 16.12, 0.0, 14.42, 29.73, 21.0, 28.3, 24.6, 22.2, 12.04, 30.81, 20.4, 5.0, 19.42, 30.48, 25.06, 17.89, 15.52, 7.21, 17.8, 22.02, 31.38, 20.12, 23.85, 31.02, 18.36, 14.76, 22.83, 28.64, 8.25, 11.42, 25.11, 13.2, 15.18, 13.2], [35.38, 36.0, 1.0, 22.67, 47.01, 17.12, 2.0, 9.49, 41.01, 30.07, 18.25, 44.55, 6.32, 7.07, 9.43, 22.2, 16.03, 32.25, 23.85, 37.66, 24.74, 11.4, 28.28, 41.11, 47.51, 28.18, 23.09, 5.83, 15.0, 10.77, 33.24, 43.91, 31.78, 29.73, 14.42, 0.0, 43.86, 33.96, 36.67, 26.93, 34.37, 13.6, 45.22, 32.25, 16.76, 24.35, 44.55, 14.0, 4.0, 5.0, 21.26, 23.77, 25.08, 45.79, 34.48, 38.28, 45.19, 4.12, 15.03, 37.22, 42.94, 22.36, 7.91, 39.53, 20.16, 23.72, 20.16], [15.23, 18.44, 44.78, 40.22, 11.4, 28.02, 45.69, 38.08, 19.03, 18.87, 30.41, 25.32, 39.45, 38.08, 34.54, 27.0, 39.05, 26.0, 27.07, 11.4, 34.53, 42.64, 45.12, 12.73, 6.08, 34.44, 26.25, 48.76, 38.9, 52.15, 16.76, 4.47, 12.08, 14.42, 29.73, 43.86, 0.0, 12.21, 25.32, 36.24, 14.32, 34.83, 8.54, 26.0, 27.29, 31.06, 15.26, 51.22, 47.54, 45.22, 24.33, 29.41, 42.58, 6.08, 10.05, 8.54, 1.41, 47.93, 41.11, 8.06, 2.83, 21.54, 38.43, 8.75, 28.64, 32.81, 28.64], [17.46, 8.54, 34.93, 28.02, 21.38, 17.09, 35.9, 30.02, 12.04, 6.71, 18.6, 18.6, 28.79, 27.51, 25.18, 22.36, 32.98, 26.25, 23.32, 4.12, 31.38, 31.06, 42.06, 19.1, 17.89, 22.47, 14.14, 38.28, 27.02, 41.15, 17.49, 14.87, 6.4, 5.39, 21.0, 33.96, 12.21, 0.0, 15.3, 24.17, 3.16, 23.32, 18.44, 26.25, 17.26, 18.87, 23.02, 39.66, 37.85, 36.22, 18.03, 17.2, 38.91, 17.09, 9.49, 13.04, 13.6, 38.08, 34.71, 11.05, 13.0, 13.15, 27.58, 14.51, 16.71, 29.33, 16.71], [32.57, 7.0, 37.66, 20.62, 36.01, 21.02, 38.64, 36.67, 7.81, 10.82, 18.44, 8.0, 30.41, 29.61, 30.46, 33.97, 41.88, 40.31, 35.47, 14.04, 43.14, 29.07, 53.15, 34.37, 31.4, 12.53, 13.93, 39.05, 24.08, 40.11, 32.31, 29.07, 21.19, 18.79, 28.3, 36.67, 25.32, 15.3, 0.0, 14.76, 12.17, 23.19, 33.02, 40.31, 23.32, 13.04, 38.21, 36.67, 40.61, 40.52, 29.0, 13.04, 49.68, 31.14, 24.74, 28.28, 26.48, 40.45, 43.05, 26.31, 27.07, 23.35, 28.85, 29.71, 16.62, 41.02, 16.62], [38.12, 19.1, 27.78, 6.08, 45.22, 17.09, 28.65, 30.48, 22.2, 17.46, 12.08, 22.14, 20.81, 20.62, 24.21, 33.53, 37.2, 42.58, 35.44, 25.24, 41.63, 16.76, 49.93, 41.77, 42.05, 2.24, 12.0, 27.51, 12.08, 27.29, 37.01, 39.0, 27.66, 24.52, 24.6, 26.93, 36.24, 24.17, 14.76, 0.0, 21.95, 14.14, 42.38, 42.58, 20.25, 6.0, 45.89, 23.0, 30.41, 31.62, 28.86, 8.0, 46.32, 41.23, 31.78, 36.14, 37.59, 29.97, 37.64, 34.21, 37.16, 24.19, 19.3, 37.72, 11.88, 39.65, 11.88], [20.62, 5.39, 35.36, 26.25, 24.19, 17.26, 36.35, 31.26, 9.22, 5.0, 17.89, 15.62, 28.86, 27.66, 26.0, 24.7, 34.79, 29.21, 25.81, 3.61, 33.84, 30.41, 44.42, 22.2, 20.25, 20.12, 13.04, 38.33, 26.08, 40.85, 20.59, 17.46, 9.43, 7.81, 22.2, 34.37, 14.32, 3.16, 12.17, 21.95, 0.0, 22.85, 21.21, 29.21, 18.0, 17.03, 26.08, 38.95, 38.33, 37.01, 20.12, 15.56, 41.18, 19.65, 12.65, 16.12, 15.65, 38.47, 36.4, 14.14, 15.52, 14.87, 27.54, 17.56, 15.88, 31.76, 15.88], [30.87, 23.35, 14.56, 11.7, 40.8, 7.21, 15.52, 16.4, 28.16, 18.03, 5.1, 31.14, 7.28, 6.71, 10.3, 22.0, 23.32, 32.14, 24.0, 26.4, 28.86, 7.81, 36.24, 35.85, 39.6, 15.0, 10.2, 16.03, 5.1, 18.03, 29.15, 36.07, 23.35, 20.52, 12.04, 13.6, 34.83, 23.32, 23.19, 14.14, 22.85, 0.0, 38.42, 32.14, 9.49, 10.77, 39.82, 16.4, 17.46, 17.89, 18.25, 10.2, 32.65, 38.21, 27.02, 31.4, 36.24, 17.26, 23.6, 29.83, 34.66, 15.65, 5.7, 32.9, 7.16, 27.06, 7.16], [11.18, 26.02, 46.04, 45.62, 3.0, 31.24, 46.87, 38.01, 27.29, 25.0, 34.67, 33.73, 41.77, 40.36, 35.81, 25.3, 37.36, 21.1, 24.74, 19.0, 31.06, 46.1, 41.05, 6.08, 4.47, 40.8, 31.3, 50.61, 43.01, 54.56, 13.34, 4.12, 15.26, 18.36, 30.81, 45.22, 8.54, 18.44, 33.02, 42.38, 21.21, 38.42, 0.0, 21.1, 29.7, 36.77, 7.07, 54.49, 48.55, 45.65, 24.19, 34.93, 39.01, 2.83, 11.4, 7.07, 8.06, 49.09, 39.56, 8.6, 6.08, 23.35, 41.02, 5.7, 33.19, 29.71, 33.19], [10.77, 34.41, 32.76, 43.01, 21.02, 26.02, 33.29, 23.02, 38.29, 29.53, 31.06, 44.82, 31.62, 30.36, 24.35, 10.44, 19.21, 0.0, 8.54, 29.7, 10.77, 38.08, 20.0, 15.03, 25.32, 41.98, 30.81, 38.08, 37.22, 42.94, 9.43, 22.8, 19.85, 21.63, 20.4, 32.25, 26.0, 26.25, 40.31, 42.58, 29.21, 32.14, 21.1, 0.0, 23.0, 36.67, 16.28, 44.94, 34.41, 30.61, 14.0, 34.71, 18.25, 23.35, 17.8, 17.46, 26.57, 35.23, 21.4, 18.36, 23.41, 18.44, 31.66, 17.39, 30.76, 10.12, 30.76], [21.47, 20.62, 17.72, 20.02, 31.89, 3.16, 18.68, 13.6, 25.71, 14.32, 8.25, 30.46, 12.21, 10.82, 8.0, 13.34, 18.6, 23.0, 15.3, 21.1, 21.47, 16.64, 30.48, 26.63, 31.4, 20.12, 9.9, 21.47, 14.56, 25.0, 19.7, 27.8, 15.26, 13.0, 5.0, 16.76, 27.29, 17.26, 23.32, 20.25, 18.0, 9.49, 29.7, 23.0, 0.0, 14.76, 30.53, 24.84, 20.62, 19.03, 9.0, 13.04, 26.91, 29.83, 18.44, 22.63, 28.65, 20.88, 19.72, 21.26, 26.63, 6.4, 11.34, 24.05, 8.5, 19.46, 8.5], [32.14, 15.26, 25.3, 9.22, 39.56, 11.66, 26.25, 26.25, 19.31, 12.21, 7.07, 21.02, 18.03, 17.46, 19.85, 27.86, 32.56, 36.67, 29.73, 20.52, 36.24, 16.03, 45.0, 35.9, 36.72, 5.39, 6.0, 26.17, 11.05, 27.07, 31.02, 33.54, 21.84, 18.68, 19.42, 24.35, 31.06, 18.87, 13.04, 6.0, 17.03, 10.77, 36.77, 36.67, 14.76, 0.0, 40.02, 23.77, 28.16, 28.64, 23.09, 2.0, 41.4, 35.78, 25.96, 30.36, 32.45, 27.89, 33.24, 28.46, 31.76, 18.25, 16.45, 31.95, 6.26, 34.21, 6.26], [9.22, 31.26, 45.28, 48.38, 5.39, 32.65, 46.01, 36.4, 33.24, 29.07, 36.77, 39.85, 42.01, 40.61, 35.38, 23.02, 34.44, 16.28, 21.95, 24.52, 26.93, 47.17, 36.12, 4.12, 11.4, 44.55, 34.21, 50.21, 44.72, 54.56, 11.31, 10.82, 18.25, 21.38, 30.48, 44.55, 15.26, 23.02, 38.21, 45.89, 26.08, 39.82, 7.07, 16.28, 30.53, 40.02, 0.0, 55.22, 47.51, 44.2, 23.35, 38.08, 34.53, 9.9, 14.14, 10.0, 15.0, 48.17, 36.67, 12.0, 12.53, 24.19, 41.5, 8.51, 35.58, 25.93, 35.58], [46.04, 38.63, 14.04, 17.03, 56.73, 23.35, 14.14, 23.19, 43.01, 34.0, 21.1, 44.55, 13.42, 14.76, 20.62, 34.54, 30.02, 44.94, 36.4, 42.54, 38.47, 8.6, 42.19, 51.4, 55.9, 25.02, 25.94, 9.49, 13.0, 5.66, 44.1, 52.35, 39.62, 36.88, 25.06, 14.0, 51.22, 39.66, 36.67, 23.0, 38.95, 16.4, 54.49, 44.94, 24.84, 23.77, 55.22, 0.0, 14.56, 18.25, 32.25, 24.35, 39.05, 54.45, 43.14, 47.42, 52.63, 13.6, 29.02, 45.97, 50.99, 31.24, 13.73, 48.87, 23.07, 37.26, 23.07], [38.42, 40.0, 3.0, 25.81, 50.22, 21.1, 2.0, 11.4, 45.01, 34.06, 22.2, 48.51, 10.2, 11.05, 13.0, 24.76, 16.76, 34.41, 26.25, 41.59, 26.0, 14.21, 28.0, 44.2, 51.0, 31.78, 27.07, 5.1, 18.36, 10.0, 36.24, 47.41, 35.47, 33.53, 17.89, 4.0, 47.54, 37.85, 40.61, 30.41, 38.33, 17.46, 48.55, 34.41, 20.62, 28.16, 47.51, 14.56, 0.0, 4.12, 24.41, 27.66, 25.08, 49.24, 38.01, 41.68, 48.85, 1.0, 15.3, 40.71, 46.52, 26.0, 11.77, 42.88, 24.13, 25.27, 24.13], [35.23, 39.2, 4.47, 27.59, 47.17, 20.1, 4.12, 7.81, 44.28, 33.06, 22.14, 48.27, 10.82, 11.18, 11.05, 21.26, 12.65, 30.61, 22.63, 40.11, 21.93, 16.4, 24.02, 41.05, 48.33, 32.76, 26.68, 9.0, 19.85, 14.04, 33.02, 44.78, 33.24, 31.58, 15.52, 5.0, 45.22, 36.22, 40.52, 31.62, 37.01, 17.89, 45.65, 30.61, 19.03, 28.64, 44.2, 18.25, 4.12, 0.0, 21.47, 27.86, 21.02, 46.52, 35.47, 38.91, 46.49, 5.1, 11.18, 38.08, 44.01, 23.77, 12.35, 40.03, 23.9, 21.27, 23.9], [14.14, 24.41, 22.02, 29.02, 25.81, 12.04, 22.8, 13.93, 29.15, 18.44, 17.12, 35.0, 18.87, 17.49, 12.04, 5.0, 15.13, 14.0, 6.71, 22.14, 14.14, 24.7, 24.41, 19.85, 26.93, 28.46, 17.46, 26.87, 23.35, 31.24, 12.04, 23.41, 13.04, 12.65, 7.21, 21.26, 24.33, 18.03, 29.0, 28.86, 20.12, 18.25, 24.19, 14.0, 9.0, 23.09, 23.35, 32.25, 24.41, 21.47, 0.0, 21.19, 21.1, 25.08, 14.32, 17.46, 25.5, 25.0, 17.03, 16.76, 22.8, 5.66, 18.56, 18.56, 16.98, 12.02, 16.98], [30.15, 14.32, 24.74, 10.82, 37.7, 10.0, 25.71, 25.0, 18.68, 10.63, 5.83, 21.02, 17.46, 16.76, 18.6, 26.0, 31.11, 34.71, 27.86, 19.1, 34.48, 16.28, 43.42, 33.96, 34.99, 7.28, 4.0, 26.02, 11.4, 27.29, 29.02, 31.76, 19.92, 16.76, 17.8, 23.77, 29.41, 17.2, 13.04, 8.0, 15.56, 10.2, 34.93, 34.71, 13.04, 2.0, 38.08, 24.35, 27.66, 27.86, 21.19, 0.0, 39.82, 34.0, 24.04, 28.46, 30.81, 27.46, 31.89, 26.57, 30.02, 16.28, 15.89, 30.04, 4.61, 32.44, 4.61], [28.02, 45.49, 25.02, 44.28, 39.2, 29.83, 25.0, 16.76, 50.25, 39.41, 34.41, 56.04, 28.16, 27.51, 22.36, 16.55, 9.49, 18.25, 15.81, 42.95, 8.06, 35.17, 3.61, 33.06, 43.01, 46.62, 36.8, 30.02, 36.77, 35.06, 26.08, 40.11, 33.24, 33.54, 22.02, 25.08, 42.58, 38.91, 49.68, 46.32, 41.18, 32.65, 39.01, 18.25, 26.91, 41.4, 34.53, 39.05, 25.08, 21.02, 21.1, 39.82, 0.0, 41.01, 32.98, 34.23, 43.42, 26.08, 10.05, 34.53, 40.31, 26.63, 29.09, 34.59, 35.22, 9.82, 35.22], [13.0, 24.19, 46.65, 44.78, 5.39, 31.11, 47.51, 39.0, 25.08, 23.77, 34.21, 31.4, 42.01, 40.61, 36.36, 26.68, 38.83, 23.35, 26.31, 17.12, 33.0, 45.97, 43.19, 8.54, 2.0, 39.56, 30.53, 51.04, 42.64, 54.82, 15.03, 2.24, 14.87, 17.8, 31.38, 45.79, 6.08, 17.09, 31.14, 41.23, 19.65, 38.21, 2.83, 23.35, 29.83, 35.78, 9.9, 54.45, 49.24, 46.52, 25.08, 34.0, 41.01, 0.0, 11.4, 7.62, 5.39, 49.74, 41.0, 8.6, 4.12, 23.6, 41.16, 6.67, 32.61, 31.54, 32.61], [8.06, 18.03, 35.36, 34.54, 13.89, 19.85, 36.24, 28.16, 21.1, 15.0, 23.32, 27.78, 30.61, 29.21, 25.06, 17.03, 29.02, 17.8, 17.26, 12.21, 25.0, 34.71, 35.74, 10.05, 13.04, 30.41, 20.25, 39.66, 31.62, 43.42, 8.49, 9.43, 4.12, 7.28, 20.12, 34.48, 10.05, 9.49, 24.74, 31.78, 12.65, 27.02, 11.4, 17.8, 18.44, 25.96, 14.14, 43.14, 38.01, 35.47, 14.32, 24.04, 32.98, 11.4, 0.0, 4.47, 11.18, 38.47, 31.06, 2.83, 8.54, 12.21, 29.77, 6.04, 21.91, 23.16, 21.91], [6.71, 21.38, 39.12, 39.0, 9.43, 24.21, 39.96, 31.38, 23.77, 19.1, 27.78, 30.46, 34.71, 33.3, 28.84, 19.24, 31.4, 17.46, 19.03, 14.87, 26.17, 39.05, 36.67, 6.08, 9.49, 34.71, 24.7, 43.6, 36.06, 47.51, 8.25, 6.08, 8.54, 11.7, 23.85, 38.28, 8.54, 13.04, 28.28, 36.14, 16.12, 31.4, 7.07, 17.46, 22.63, 30.36, 10.0, 47.42, 41.68, 38.91, 17.46, 28.46, 34.23, 7.62, 4.47, 0.0, 9.22, 42.19, 33.54, 2.0, 6.08, 16.28, 33.95, 1.58, 26.39, 24.55, 26.39], [15.81, 19.65, 46.1, 41.62, 10.77, 29.41, 47.01, 39.29, 20.0, 20.25, 31.83, 26.17, 40.82, 39.45, 35.85, 28.02, 40.11, 26.57, 28.02, 12.65, 35.36, 44.05, 45.89, 12.81, 5.0, 35.78, 27.66, 50.12, 40.31, 53.54, 17.46, 4.24, 13.42, 15.81, 31.02, 45.19, 1.41, 13.6, 26.48, 37.59, 15.65, 36.24, 8.06, 26.57, 28.65, 32.45, 15.0, 52.63, 48.85, 46.49, 25.5, 30.81, 43.42, 5.39, 11.18, 9.22, 0.0, 49.24, 42.19, 9.0, 3.16, 22.85, 39.81, 9.19, 30.05, 33.68, 30.05], [39.05, 40.01, 3.16, 25.24, 50.8, 21.21, 2.24, 12.21, 45.0, 34.13, 22.09, 48.37, 10.05, 11.0, 13.42, 25.5, 17.72, 35.23, 27.02, 41.77, 26.93, 13.6, 29.0, 44.82, 51.48, 31.38, 27.02, 4.12, 17.89, 9.0, 36.88, 47.89, 35.85, 33.84, 18.36, 4.12, 47.93, 38.08, 40.45, 29.97, 38.47, 17.26, 49.09, 35.23, 20.88, 27.89, 48.17, 13.6, 1.0, 5.1, 25.0, 27.46, 26.08, 49.74, 38.47, 42.19, 49.24, 0.0, 16.28, 41.18, 46.96, 26.4, 11.6, 43.41, 24.05, 26.16, 24.05], [28.46, 39.92, 15.0, 34.99, 40.5, 22.2, 15.03, 7.21, 44.94, 33.62, 26.17, 50.09, 18.38, 17.89, 13.45, 14.32, 2.24, 21.4, 14.87, 38.83, 11.4, 25.3, 13.34, 34.18, 42.95, 38.21, 29.41, 20.1, 27.29, 25.18, 26.25, 39.62, 30.07, 29.43, 14.76, 15.03, 41.11, 34.71, 43.05, 37.64, 36.4, 23.6, 39.56, 21.4, 19.72, 33.24, 36.67, 29.02, 15.3, 11.18, 17.03, 31.89, 10.05, 41.0, 31.06, 33.54, 42.19, 16.28, 0.0, 33.24, 39.32, 21.59, 19.46, 34.33, 27.34, 11.34, 27.34], [7.81, 19.42, 38.08, 37.16, 11.18, 22.67, 38.95, 30.68, 21.93, 17.12, 26.08, 28.64, 33.42, 32.02, 27.78, 19.03, 31.14, 18.36, 19.03, 13.0, 26.48, 37.54, 37.11, 8.06, 10.3, 32.76, 22.85, 42.44, 34.41, 46.23, 8.94, 6.71, 6.71, 9.85, 22.83, 37.22, 8.06, 11.05, 26.31, 34.21, 14.14, 29.83, 8.6, 18.36, 21.26, 28.46, 12.0, 45.97, 40.71, 38.08, 16.76, 26.57, 34.53, 8.6, 2.83, 2.0, 9.0, 41.18, 33.24, 0.0, 6.08, 15.0, 32.6, 3.54, 24.62, 24.75, 24.62], [12.65, 20.1, 43.83, 40.82, 9.06, 27.66, 44.72, 36.69, 21.21, 19.7, 30.48, 27.66, 38.83, 37.44, 33.54, 25.08, 37.22, 23.41, 25.0, 13.04, 32.25, 42.45, 42.76, 9.9, 5.0, 35.47, 26.63, 48.02, 38.95, 51.61, 14.32, 2.0, 11.4, 14.14, 28.64, 42.94, 2.83, 13.0, 27.07, 37.16, 15.52, 34.66, 6.08, 23.41, 26.63, 31.76, 12.53, 50.99, 46.52, 44.01, 22.8, 30.02, 40.31, 4.12, 8.54, 6.08, 3.16, 46.96, 39.32, 6.08, 0.0, 20.59, 37.9, 6.04, 28.81, 30.6, 28.81], [15.23, 18.87, 23.26, 25.18, 25.5, 8.54, 24.17, 17.03, 23.71, 12.81, 13.15, 29.41, 18.44, 17.03, 13.0, 10.63, 19.92, 18.44, 12.21, 17.26, 19.8, 23.02, 30.0, 20.25, 25.24, 23.54, 12.37, 27.46, 20.62, 31.24, 13.6, 21.63, 9.49, 8.0, 8.25, 22.36, 21.54, 13.15, 23.35, 24.19, 14.87, 15.65, 23.35, 18.44, 6.4, 18.25, 24.19, 31.24, 26.0, 23.77, 5.66, 16.28, 26.63, 23.6, 12.21, 16.28, 22.85, 26.4, 21.59, 15.0, 20.59, 0.0, 17.68, 17.68, 12.5, 17.68, 12.5], [32.32, 28.61, 8.86, 15.7, 43.16, 10.51, 9.82, 12.35, 33.53, 22.95, 10.51, 36.78, 1.58, 1.58, 7.52, 21.22, 19.61, 31.66, 23.16, 30.99, 26.54, 6.52, 32.6, 37.72, 42.71, 20.41, 15.51, 10.79, 7.91, 13.73, 30.37, 39.12, 26.5, 24.01, 11.42, 7.91, 38.43, 27.58, 28.85, 19.3, 27.54, 5.7, 41.02, 31.66, 11.34, 16.45, 41.5, 13.73, 11.77, 12.35, 18.56, 15.89, 29.09, 41.16, 29.77, 33.95, 39.81, 11.6, 19.46, 32.6, 37.9, 17.68, 0.0, 35.36, 12.5, 25.0, 12.5], [6.67, 22.77, 40.35, 40.58, 7.91, 25.7, 41.19, 32.44, 24.99, 20.65, 29.33, 31.66, 36.09, 34.68, 30.11, 20.01, 32.16, 17.39, 19.66, 16.14, 26.54, 40.53, 36.91, 4.74, 8.63, 36.28, 26.28, 44.91, 37.58, 48.87, 8.51, 5.52, 10.12, 13.29, 25.11, 39.53, 8.75, 14.51, 29.71, 37.72, 17.56, 32.9, 5.7, 17.39, 24.05, 31.95, 8.51, 48.87, 42.88, 40.03, 18.56, 30.04, 34.59, 6.67, 6.04, 1.58, 9.19, 43.41, 34.33, 3.54, 6.04, 17.68, 35.36, 0.0, 27.95, 25.0, 27.95], [27.17, 16.19, 21.15, 12.85, 35.79, 5.41, 22.14, 20.52, 21.05, 10.97, 2.06, 24.42, 14.01, 13.09, 14.15, 21.66, 26.52, 30.76, 23.56, 19.47, 29.97, 14.53, 38.81, 31.48, 33.81, 11.63, 3.04, 23.14, 10.31, 25.14, 25.81, 30.4, 17.92, 14.84, 13.2, 20.16, 28.64, 16.71, 16.62, 11.88, 15.88, 7.16, 33.19, 30.76, 8.5, 6.26, 35.58, 23.07, 24.13, 23.9, 16.98, 4.61, 35.22, 32.61, 21.91, 26.39, 30.05, 24.05, 27.34, 24.62, 28.81, 12.5, 12.5, 27.95, 0.0, 27.95, 0.0], [18.56, 36.31, 24.05, 38.68, 30.21, 22.59, 24.42, 14.23, 40.92, 30.44, 27.58, 46.93, 24.55, 23.51, 17.51, 7.11, 9.19, 10.12, 6.04, 33.32, 2.12, 31.5, 12.75, 23.93, 33.53, 39.58, 28.99, 29.44, 31.82, 34.47, 16.51, 30.5, 23.51, 24.01, 15.18, 23.72, 32.81, 29.33, 41.02, 39.65, 31.76, 27.06, 29.71, 10.12, 19.46, 34.21, 25.93, 37.26, 25.27, 21.27, 12.02, 32.44, 9.82, 31.54, 23.16, 24.55, 33.68, 26.16, 11.34, 24.75, 30.6, 17.68, 25.0, 25.0, 27.95, 0.0, 27.95], [27.17, 16.19, 21.15, 12.85, 35.79, 5.41, 22.14, 20.52, 21.05, 10.97, 2.06, 24.42, 14.01, 13.09, 14.15, 21.66, 26.52, 30.76, 23.56, 19.47, 29.97, 14.53, 38.81, 31.48, 33.81, 11.63, 3.04, 23.14, 10.31, 25.14, 25.81, 30.4, 17.92, 14.84, 13.2, 20.16, 28.64, 16.71, 16.62, 11.88, 15.88, 7.16, 33.19, 30.76, 8.5, 6.26, 35.58, 23.07, 24.13, 23.9, 16.98, 4.61, 35.22, 32.61, 21.91, 26.39, 30.05, 24.05, 27.34, 24.62, 28.81, 12.5, 12.5, 27.95, 0.0, 27.95, 0.0]]
[20, 20, 20, 20, 20, 20]
5
[[0.0, 715.0], [24.0, 159.0], [185.0, 319.0], [229.0, 393.0], [0.0, 34.0], [111.0, 135.0], [176.0, 285.0], [117.0, 192.0], [66.0, 107.0], [4.0, 158.0], [21.0, 185.0], [516.0, 679.0], [170.0, 274.0], [226.0, 305.0], [203.0, 338.0], [365.0, 407.0], [136.0, 207.0], [280.0, 449.0], [148.0, 159.0], [0.0, 170.0], [102.0, 235.0], [163.0, 304.0], [441.0, 500.0], [0.0, 36.0], [0.0, 74.0], [279.0, 405.0], [13.0, 182.0], [178.0, 273.0], [286.0, 343.0], [214.0, 274.0], [335.0, 455.0], [0.0, 99.0], [16.0, 156.0], [359.0, 451.0], [52.0, 229.0], [149.0, 227.0], [13.0, 59.0], [36.0, 162.0], [45.0, 152.0], [620.0, 666.0], [333.0, 404.0], [30.0, 211.0], [403.0, 535.0], [370.0, 464.0], [134.0, 170.0], [233.0, 417.0], [0.0, 45.0], [248.0, 332.0], [130.0, 209.0], [143.0, 223.0], [60.0, 179.0], [305.0, 344.0], [464.0, 622.0], [0.0, 64.0], [8.0, 125.0], [18.0, 110.0], [25.0, 104.0], [136.0, 308.0], [110.0, 251.0], [287.0, 449.0], [600.0, 662.0], [0.0, 715.0], [0.0, 715.0], [0.0, 715.0], [0.0, 715.0], [0.0, 715.0], [0.0, 715.0]]
[[39.0, 31.0], [15.0, 41.0], [15.0, 4.0], [0.0, 22.0], [44.0, 42.0], [17.0, 22.0], [15.0, 3.0], [24.0, 8.0], [14.0, 46.0], [17.0, 35.0], [12.0, 23.0], [8.0, 49.0], [13.0, 11.0], [14.0, 12.0], [20.0, 13.0], [33.0, 18.0], [31.0, 6.0], [43.0, 21.0], [35.0, 18.0], [22.0, 42.0], [39.0, 11.0], [6.0, 12.0], [43.0, 1.0], [42.0, 36.0], [39.0, 46.0], [2.0, 30.0], [13.0, 28.0], [10.0, 2.0], [6.0, 17.0], [5.0, 1.0], [38.0, 29.0], [37.0, 43.0], [28.0, 34.0], [25.0, 33.0], [23.0, 17.0], [15.0, 5.0], [33.0, 45.0], [23.0, 38.0], [8.0, 41.0], [1.0, 28.0], [20.0, 39.0], [11.0, 18.0], [41.0, 42.0], [43.0, 21.0], [20.0, 21.0], [7.0, 28.0], [46.0, 37.0], [1.0, 5.0], [15.0, 1.0], [19.0, 2.0], [29.0, 21.0], [9.0, 28.0], [40.0, 3.0], [39.0, 44.0], [32.0, 35.0], [36.0, 37.0], [34.0, 46.0], [14.0, 1.0], [30.0, 4.0], [34.0, 37.0], [35.0, 43.0], [25.0, 25.0], [12.5, 12.5], [37.5, 37.5], [12.5, 25.0], [37.5, 12.5], [12.5, 25.0]]
[[0.0, 0.0], [0.0, 0.0], [0.0, 0.0], [0.0, 0.0], [0.0, 0.0], [0.0, 0.0], [0.0, 0.0], [0.0, 0.0], [0.0, 0.0], [0.0, 0.0], [0.0, 0.0], [0.0, 0.0], [0.0, 0.0], [0.0, 0.0], [0.0, 0.0], [0.0, 0.0], [0.0, 0.0], [0.0, 0.0], [0.0, 0.0], [0.0, 0.0], [0.0, 0.0], [0.0, 0.0], [0.0, 0.0], [0.0, 0.0], [0.0, 0.0], [0.0, 0.0], [0.0, 0.0], [0.0, 0.0], [0.0, 0.0], [0.0, 0.0], [0.0, 0.0], [0.0, 0.0], [0.0, 0.0], [0.0, 0.0], [0.0, 0.0], [0.0, 0.0], [0.0, 0.0], [0.0, 0.0], [0.0, 0.0], [0.0, 0.0], [0.0, 0.0], [0.0, 0.0], [0.0, 0.0], [0.0, 0.0], [0.0, 0.0], [0.0, 0.0], [0.0, 0.0], [0.0, 0.0], [0.0, 0.0], [0.0, 0.0], [0.0, 0.0], [0.0, 0.0], [0.0, 0.0], [0.0, 0.0], [0.0, 0.0], [0.0, 0.0], [0.0, 0.0], [0.0, 0.0], [0.0, 0.0], [0.0, 0.0], [0.0, 0.0], [0.0, 0.0], [0.0, 0.0], [0.0, 0.0], [0.0, 0.0], [0.0, 0.0], [0.0, 0.0]]
^demand; service time^
!! n60w100.005   102.50 682
