60
[[0.0, 13.93, 16.12, 11.05, 37.95, 26.48, 11.0, 10.0, 33.54, 5.0, 24.33, 31.14, 11.4, 9.06, 36.06, 16.12, 35.36, 34.06, 27.86, 13.6, 21.93, 27.89, 35.36, 22.56, 20.25, 15.65, 20.4, 25.5, 16.0, 27.07, 17.69, 32.8, 24.33, 25.61, 33.3, 39.0, 30.59, 26.17, 19.92, 26.17, 15.65, 11.66, 16.28, 15.62, 24.76, 15.13, 13.45, 10.2, 3.16, 31.11, 36.14, 20.52, 21.93, 34.41, 26.42, 8.54, 18.44, 15.3, 24.7, 31.02, 12.81, 12.04, 27.06, 13.51, 16.62, 27.97, 16.62], [13.93, 0.0, 23.71, 4.47, 41.01, 35.85, 5.39, 23.54, 38.64, 13.45, 37.01, 39.4, 7.21, 12.65, 39.01, 29.15, 40.79, 41.79, 31.14, 20.12, 8.06, 32.56, 40.79, 32.45, 6.32, 12.04, 26.57, 38.83, 24.7, 33.84, 18.03, 31.78, 11.05, 39.12, 46.1, 41.05, 35.69, 23.77, 32.02, 39.05, 12.04, 24.21, 29.07, 29.15, 23.35, 28.86, 26.63, 15.81, 11.66, 44.2, 40.2, 33.84, 35.0, 46.67, 28.0, 9.43, 31.02, 29.12, 38.47, 38.63, 21.59, 22.02, 29.54, 26.88, 17.07, 39.65, 17.07], [16.12, 23.71, 0.0, 19.24, 22.36, 12.21, 18.36, 20.0, 17.46, 12.04, 32.8, 15.81, 25.5, 25.02, 20.59, 25.46, 19.24, 18.44, 12.81, 3.61, 30.81, 12.08, 19.24, 9.22, 28.6, 15.0, 4.47, 21.02, 2.0, 11.0, 10.44, 20.59, 29.73, 22.0, 25.63, 23.85, 14.56, 17.12, 30.41, 33.84, 15.0, 10.0, 26.17, 15.23, 15.13, 22.02, 12.53, 26.31, 15.03, 24.74, 20.25, 17.12, 17.0, 25.06, 13.04, 14.32, 28.28, 21.4, 23.19, 15.3, 27.86, 5.0, 12.75, 22.64, 10.31, 17.68, 10.31], [11.05, 4.47, 19.24, 0.0, 37.01, 31.38, 1.0, 21.02, 34.37, 9.43, 35.13, 34.93, 8.94, 12.81, 35.01, 27.02, 36.5, 37.34, 27.02, 15.65, 12.04, 28.28, 36.5, 28.02, 10.0, 8.54, 22.14, 34.99, 20.25, 29.41, 14.04, 28.46, 13.34, 35.36, 42.01, 37.22, 31.4, 20.62, 30.41, 37.05, 8.54, 20.25, 27.07, 25.5, 19.92, 26.17, 22.83, 15.81, 8.25, 40.22, 36.06, 30.02, 31.06, 42.45, 24.08, 5.0, 29.15, 26.31, 34.93, 34.18, 21.02, 17.69, 25.5, 24.51, 13.01, 35.36, 13.01], [37.95, 41.01, 22.36, 37.01, 0.0, 19.72, 36.01, 42.19, 6.71, 33.24, 53.81, 15.81, 45.28, 46.32, 2.0, 47.2, 7.07, 14.14, 10.2, 24.35, 45.71, 10.3, 7.07, 22.02, 43.57, 29.07, 17.89, 36.36, 23.32, 13.45, 23.0, 12.81, 41.76, 37.74, 35.74, 3.0, 8.49, 19.31, 52.2, 54.45, 29.07, 31.62, 48.01, 35.38, 18.68, 43.42, 33.42, 48.08, 36.14, 36.77, 3.16, 34.83, 33.6, 32.98, 13.04, 33.24, 50.0, 42.64, 40.22, 13.93, 50.16, 27.29, 11.51, 44.53, 24.01, 27.97, 24.01], [26.48, 35.85, 12.21, 31.38, 19.72, 0.0, 30.53, 26.48, 13.04, 23.41, 35.51, 5.39, 37.0, 35.51, 18.79, 30.08, 13.45, 8.54, 15.0, 15.81, 43.01, 12.04, 13.45, 4.0, 40.8, 26.87, 10.82, 16.64, 11.18, 7.07, 21.4, 25.0, 41.73, 18.03, 17.03, 22.36, 11.7, 25.3, 34.93, 35.81, 26.87, 16.03, 31.02, 17.46, 23.41, 26.0, 16.49, 36.12, 26.25, 17.46, 16.64, 15.62, 14.14, 15.13, 18.25, 26.42, 32.7, 25.08, 20.62, 6.4, 36.12, 14.56, 16.57, 27.83, 21.64, 8.63, 21.64], [11.0, 5.39, 18.36, 1.0, 36.01, 30.53, 0.0, 21.0, 33.38, 8.94, 35.23, 34.01, 9.85, 13.45, 34.01, 27.07, 35.51, 36.4, 26.02, 14.76, 12.73, 27.29, 35.51, 27.2, 10.63, 7.62, 21.19, 34.48, 19.42, 28.46, 13.04, 27.51, 13.6, 34.89, 41.4, 36.22, 30.41, 19.7, 30.59, 37.12, 7.62, 19.72, 27.17, 25.08, 18.97, 26.08, 22.36, 16.4, 8.06, 39.66, 35.06, 29.53, 30.53, 41.77, 23.09, 4.24, 29.27, 26.17, 34.54, 33.24, 21.47, 16.97, 24.51, 24.51, 12.01, 34.65, 12.01], [10.0, 23.54, 20.0, 21.02, 42.19, 26.48, 21.0, 0.0, 36.67, 13.6, 14.56, 31.78, 19.24, 14.21, 40.5, 6.32, 38.08, 34.93, 32.8, 19.1, 31.32, 31.91, 38.08, 22.56, 29.83, 25.0, 24.41, 19.24, 18.87, 29.55, 25.55, 39.7, 34.23, 18.87, 27.73, 43.83, 34.0, 34.13, 10.82, 16.28, 25.0, 10.77, 6.71, 10.2, 32.45, 5.39, 10.05, 12.81, 13.04, 25.06, 39.82, 14.87, 16.76, 29.73, 32.53, 18.25, 8.94, 5.83, 17.03, 32.28, 10.2, 15.0, 32.6, 3.54, 24.62, 24.75, 24.62], [33.54, 38.64, 17.46, 34.37, 6.71, 13.04, 33.38, 36.67, 0.0, 29.15, 47.63, 9.22, 42.01, 42.3, 6.08, 41.34, 2.24, 8.06, 8.06, 20.1, 44.27, 6.08, 2.24, 15.56, 42.06, 27.2, 13.15, 29.68, 18.03, 7.21, 20.88, 15.65, 41.15, 31.06, 29.12, 9.49, 3.0, 19.85, 46.32, 48.17, 27.2, 25.94, 42.19, 29.21, 18.6, 37.44, 27.46, 43.74, 32.14, 30.08, 3.61, 28.32, 27.02, 26.48, 12.21, 30.07, 44.1, 36.62, 33.6, 7.28, 45.22, 22.14, 10.12, 38.76, 21.71, 21.27, 21.71], [5.0, 13.45, 12.04, 9.43, 33.24, 23.41, 8.94, 13.6, 29.15, 0.0, 28.16, 27.66, 13.6, 13.15, 31.32, 19.92, 31.06, 30.41, 23.09, 9.06, 21.4, 23.35, 31.06, 19.7, 19.42, 11.4, 16.03, 25.55, 12.37, 23.02, 12.73, 27.8, 22.47, 25.94, 32.65, 34.18, 26.17, 21.26, 24.17, 29.83, 11.4, 10.82, 20.25, 16.16, 19.8, 18.11, 13.42, 14.87, 3.0, 30.81, 31.58, 20.59, 21.63, 33.24, 21.47, 5.1, 22.47, 18.03, 25.63, 27.29, 17.8, 8.94, 22.19, 17.1, 11.67, 26.32, 11.67], [24.33, 37.01, 32.8, 35.13, 53.81, 35.51, 35.23, 14.56, 47.63, 28.16, 0.0, 40.82, 31.4, 25.5, 52.35, 8.25, 48.6, 43.91, 45.34, 32.76, 44.28, 43.84, 48.6, 32.2, 43.1, 39.56, 36.88, 21.59, 31.24, 40.46, 39.81, 53.25, 48.0, 20.4, 29.07, 55.87, 45.34, 48.3, 5.39, 2.24, 39.56, 22.8, 8.06, 18.44, 46.53, 10.82, 20.52, 22.8, 27.46, 26.08, 51.09, 20.12, 21.93, 32.25, 45.8, 32.76, 6.0, 11.4, 17.26, 41.88, 17.09, 28.02, 45.52, 11.07, 38.94, 30.37, 38.94], [31.14, 39.4, 15.81, 34.93, 15.81, 5.39, 34.01, 31.78, 9.22, 27.66, 40.82, 0.0, 41.23, 40.2, 15.3, 35.47, 8.94, 3.16, 13.93, 19.31, 46.14, 10.77, 8.94, 9.22, 43.91, 29.41, 13.04, 21.26, 15.3, 6.4, 23.43, 23.54, 44.2, 22.67, 19.92, 18.68, 9.06, 25.55, 40.31, 41.05, 29.41, 21.21, 36.4, 22.85, 23.85, 31.38, 21.84, 41.01, 30.59, 21.02, 12.65, 20.81, 19.21, 17.26, 17.89, 30.08, 38.08, 30.46, 25.46, 2.0, 41.3, 19.1, 15.89, 33.2, 23.9, 12.35, 23.9], [11.4, 7.21, 25.5, 8.94, 45.28, 37.0, 9.85, 19.24, 42.01, 13.6, 31.4, 41.23, 0.0, 6.0, 43.29, 24.04, 44.05, 43.93, 35.13, 22.2, 13.0, 36.0, 44.05, 33.24, 12.17, 17.46, 29.15, 36.77, 25.96, 36.35, 22.56, 37.34, 17.72, 36.8, 44.69, 45.71, 39.01, 29.55, 26.17, 33.54, 17.46, 23.02, 23.77, 26.87, 28.79, 24.6, 24.84, 9.06, 10.77, 42.45, 44.05, 31.83, 33.3, 45.8, 32.56, 12.04, 25.5, 25.06, 35.61, 40.79, 15.03, 22.47, 33.8, 22.19, 21.48, 39.27, 21.48], [9.06, 12.65, 25.02, 12.81, 46.32, 35.51, 13.45, 14.21, 42.3, 13.15, 25.5, 40.2, 6.0, 0.0, 44.38, 18.38, 44.18, 43.1, 36.14, 22.2, 19.0, 36.5, 44.18, 31.58, 18.11, 20.62, 29.15, 32.8, 25.02, 36.01, 24.6, 39.82, 23.54, 32.65, 41.05, 47.13, 39.32, 32.45, 20.22, 27.66, 20.62, 20.25, 18.03, 23.02, 31.38, 19.42, 21.47, 3.16, 10.2, 38.6, 44.72, 28.02, 29.68, 42.54, 34.18, 13.89, 19.65, 20.0, 31.11, 40.05, 9.06, 21.1, 35.11, 16.81, 23.48, 36.5, 23.48], [36.06, 39.01, 20.59, 35.01, 2.0, 18.79, 34.01, 40.5, 6.08, 31.32, 52.35, 15.3, 43.29, 44.38, 0.0, 45.61, 7.07, 14.0, 8.25, 22.47, 43.74, 8.6, 7.07, 20.81, 41.59, 27.07, 16.12, 35.36, 21.63, 12.21, 21.0, 11.31, 39.85, 36.72, 35.17, 3.61, 7.21, 17.46, 50.61, 53.04, 27.07, 30.0, 46.4, 33.94, 16.76, 41.87, 31.89, 46.17, 34.21, 36.06, 3.16, 33.6, 32.45, 32.56, 11.05, 31.26, 48.41, 41.11, 39.12, 13.34, 48.33, 25.55, 9.51, 42.9, 22.01, 27.21, 22.01], [16.12, 29.15, 25.46, 27.02, 47.2, 30.08, 27.07, 6.32, 41.34, 19.92, 8.25, 35.47, 24.04, 18.38, 45.61, 0.0, 42.54, 38.63, 38.21, 25.0, 36.67, 37.01, 42.54, 26.4, 35.36, 31.32, 29.73, 19.24, 24.08, 34.13, 31.76, 45.61, 40.05, 18.44, 27.66, 49.04, 38.83, 40.31, 5.0, 10.05, 31.32, 15.62, 1.0, 12.65, 38.59, 4.12, 13.89, 16.12, 19.24, 24.74, 44.65, 16.03, 18.03, 30.27, 38.29, 24.52, 2.83, 5.1, 15.81, 36.25, 11.31, 20.52, 38.19, 2.92, 30.86, 26.62, 30.86], [35.36, 40.79, 19.24, 36.5, 7.07, 13.45, 35.51, 38.08, 2.24, 31.06, 48.6, 8.94, 44.05, 44.18, 7.07, 42.54, 0.0, 7.07, 10.3, 22.02, 46.49, 8.25, 0.0, 16.4, 44.27, 29.41, 15.03, 30.0, 19.65, 8.54, 23.09, 17.49, 43.38, 31.4, 28.79, 10.05, 5.1, 22.02, 47.51, 49.04, 29.41, 27.31, 43.42, 30.23, 20.81, 38.59, 28.65, 45.54, 34.06, 29.97, 4.0, 29.0, 27.59, 25.96, 14.42, 32.14, 45.28, 37.74, 34.06, 7.21, 46.84, 23.77, 12.35, 40.03, 23.9, 21.27, 23.9], [34.06, 41.79, 18.44, 37.34, 14.14, 8.54, 36.4, 34.93, 8.06, 30.41, 43.91, 3.16, 43.93, 43.1, 14.0, 38.63, 7.07, 0.0, 14.42, 21.84, 48.3, 11.4, 7.07, 12.37, 46.07, 31.38, 15.23, 24.04, 18.11, 8.06, 25.24, 23.41, 46.04, 25.46, 21.93, 17.12, 8.94, 26.4, 43.46, 44.1, 31.38, 24.33, 39.56, 26.0, 24.84, 34.54, 25.0, 44.0, 33.38, 23.32, 11.05, 23.85, 22.2, 18.97, 18.6, 32.57, 41.23, 33.62, 28.32, 3.16, 44.41, 22.02, 16.51, 36.37, 25.81, 14.92, 25.81], [27.86, 31.14, 12.81, 27.02, 10.2, 15.0, 26.02, 32.8, 8.06, 23.09, 45.34, 13.93, 35.13, 36.14, 8.25, 38.21, 10.3, 14.42, 0.0, 14.32, 36.4, 3.16, 10.3, 15.52, 34.21, 19.42, 8.49, 30.36, 14.14, 8.06, 13.15, 10.0, 33.11, 31.62, 32.02, 11.18, 5.66, 12.04, 43.19, 46.23, 19.42, 22.63, 38.95, 27.2, 10.63, 34.66, 24.84, 37.95, 25.96, 32.25, 9.06, 27.73, 26.93, 30.07, 4.24, 23.09, 41.04, 33.97, 33.62, 12.08, 40.25, 17.8, 2.12, 35.42, 14.08, 23.55, 14.08], [13.6, 20.12, 3.61, 15.65, 24.35, 15.81, 14.76, 19.1, 20.1, 9.06, 32.76, 19.31, 22.2, 22.2, 22.47, 25.0, 22.02, 21.84, 14.32, 0.0, 27.2, 14.32, 22.02, 12.73, 25.0, 11.66, 7.0, 23.35, 5.0, 14.14, 8.0, 20.62, 26.25, 24.19, 28.64, 25.5, 17.12, 15.81, 29.83, 34.0, 11.66, 10.44, 25.61, 16.28, 13.93, 21.95, 13.34, 23.77, 12.04, 27.51, 22.56, 19.03, 19.24, 28.3, 13.45, 10.77, 27.8, 21.47, 25.0, 18.68, 25.94, 5.1, 13.73, 22.1, 7.57, 20.94, 7.57], [21.93, 8.06, 30.81, 12.04, 45.71, 43.01, 12.73, 31.32, 44.27, 21.4, 44.28, 46.14, 13.0, 19.0, 43.74, 36.67, 46.49, 48.3, 36.4, 27.2, 0.0, 38.28, 46.49, 39.82, 2.24, 17.09, 33.12, 46.87, 32.02, 40.25, 23.41, 35.0, 6.4, 47.17, 54.04, 45.28, 41.44, 27.02, 39.12, 46.39, 17.09, 32.2, 36.5, 37.22, 27.17, 36.69, 34.67, 22.02, 19.72, 52.2, 45.35, 41.88, 43.01, 54.49, 32.76, 16.97, 38.33, 37.0, 46.53, 45.18, 28.02, 29.7, 34.56, 34.56, 22.66, 47.38, 22.66], [27.89, 32.56, 12.08, 28.28, 10.3, 12.04, 27.29, 31.91, 6.08, 23.35, 43.84, 10.77, 36.0, 36.5, 8.6, 37.01, 8.25, 11.4, 3.16, 14.32, 38.28, 0.0, 8.25, 13.0, 36.06, 21.19, 7.62, 27.86, 13.04, 5.0, 14.87, 13.04, 35.36, 29.15, 29.07, 12.04, 3.16, 15.0, 42.01, 44.6, 21.19, 21.4, 37.8, 25.5, 13.45, 33.3, 23.35, 38.08, 26.31, 29.43, 8.25, 25.55, 24.6, 27.02, 7.21, 24.02, 39.82, 32.56, 31.3, 8.94, 39.92, 17.0, 5.15, 34.3, 15.66, 20.65, 15.66], [35.36, 40.79, 19.24, 36.5, 7.07, 13.45, 35.51, 38.08, 2.24, 31.06, 48.6, 8.94, 44.05, 44.18, 7.07, 42.54, 0.0, 7.07, 10.3, 22.02, 46.49, 8.25, 0.0, 16.4, 44.27, 29.41, 15.03, 30.0, 19.65, 8.54, 23.09, 17.49, 43.38, 31.4, 28.79, 10.05, 5.1, 22.02, 47.51, 49.04, 29.41, 27.31, 43.42, 30.23, 20.81, 38.59, 28.65, 45.54, 34.06, 29.97, 4.0, 29.0, 27.59, 25.96, 14.42, 32.14, 45.28, 37.74, 34.06, 7.21, 46.84, 23.77, 12.35, 40.03, 23.9, 21.27, 23.9], [22.56, 32.45, 9.22, 28.02, 22.02, 4.0, 27.2, 22.56, 15.56, 19.7, 32.2, 9.22, 33.24, 31.58, 20.81, 26.4, 16.4, 12.37, 15.52, 12.73, 39.82, 13.0, 16.4, 0.0, 37.64, 24.21, 9.22, 14.87, 7.81, 8.6, 19.24, 25.32, 38.95, 16.16, 17.26, 24.41, 13.6, 24.33, 31.3, 32.65, 24.21, 12.04, 27.31, 13.89, 22.36, 22.36, 12.65, 32.14, 22.47, 17.0, 19.1, 12.81, 11.66, 16.16, 18.03, 23.02, 29.07, 21.47, 18.36, 9.85, 32.14, 10.77, 16.69, 24.05, 19.29, 8.86, 19.29], [20.25, 6.32, 28.6, 10.0, 43.57, 40.8, 10.63, 29.83, 42.06, 19.42, 43.1, 43.91, 12.17, 18.11, 41.59, 35.36, 44.27, 46.07, 34.21, 25.0, 2.24, 36.06, 44.27, 37.64, 0.0, 14.87, 30.89, 44.94, 29.83, 38.01, 21.19, 33.02, 5.83, 45.28, 52.01, 43.19, 39.22, 25.0, 38.01, 45.18, 14.87, 30.23, 35.23, 35.36, 25.08, 35.17, 32.76, 21.21, 17.89, 50.22, 43.17, 39.96, 41.05, 52.4, 30.59, 14.87, 37.12, 35.44, 44.72, 42.94, 27.17, 27.59, 32.38, 33.14, 20.43, 45.26, 20.43], [15.65, 12.04, 15.0, 8.54, 29.07, 26.87, 7.62, 25.0, 27.2, 11.4, 39.56, 29.41, 17.46, 20.62, 27.07, 31.32, 29.41, 31.38, 19.42, 11.66, 17.09, 21.19, 29.41, 24.21, 14.87, 0.0, 16.4, 34.48, 16.64, 23.32, 6.32, 19.92, 14.87, 35.17, 40.25, 29.02, 24.35, 12.08, 35.47, 41.23, 0.0, 20.22, 31.62, 26.17, 11.4, 29.43, 23.19, 23.35, 12.53, 39.0, 28.44, 29.83, 30.36, 39.96, 16.03, 7.21, 33.84, 29.27, 35.51, 28.3, 27.8, 15.81, 17.68, 28.5, 5.59, 32.6, 5.59], [20.4, 26.57, 4.47, 22.14, 17.89, 10.82, 21.19, 24.41, 13.15, 16.03, 36.88, 13.04, 29.15, 29.15, 16.12, 29.73, 15.03, 15.23, 8.49, 7.0, 33.12, 7.62, 15.03, 9.22, 30.89, 16.4, 0.0, 23.19, 5.66, 7.28, 10.63, 17.09, 31.24, 24.33, 26.48, 19.42, 10.2, 15.13, 34.71, 37.8, 16.4, 14.14, 30.48, 18.87, 13.15, 26.17, 16.4, 30.59, 19.03, 26.08, 15.81, 19.92, 19.42, 25.3, 9.49, 17.46, 32.56, 25.5, 25.96, 12.08, 32.31, 9.43, 8.75, 26.95, 10.97, 18.07, 10.97], [25.5, 38.83, 21.02, 34.99, 36.36, 16.64, 34.48, 19.24, 29.68, 25.55, 21.59, 21.26, 36.77, 32.8, 35.36, 19.24, 30.0, 24.04, 30.36, 23.35, 46.87, 27.86, 30.0, 14.87, 44.94, 34.48, 23.19, 0.0, 19.03, 23.26, 31.26, 40.02, 47.85, 1.41, 8.54, 38.95, 28.18, 38.01, 23.0, 21.19, 34.48, 14.76, 20.22, 9.9, 36.01, 15.52, 12.21, 31.91, 27.2, 5.83, 33.29, 5.0, 4.12, 11.05, 32.56, 30.41, 21.02, 14.56, 4.47, 22.8, 29.15, 18.68, 31.41, 18.34, 30.91, 9.3, 30.91], [16.0, 24.7, 2.0, 20.25, 23.32, 11.18, 19.42, 18.87, 18.03, 12.37, 31.24, 15.3, 25.96, 25.02, 21.63, 24.08, 19.65, 18.11, 14.14, 5.0, 32.02, 13.04, 19.65, 7.81, 29.83, 16.64, 5.66, 19.03, 0.0, 11.18, 12.37, 22.36, 31.24, 20.0, 23.77, 25.0, 15.23, 19.1, 29.07, 32.2, 16.64, 8.49, 24.84, 13.42, 17.12, 20.52, 10.82, 26.08, 15.3, 22.8, 21.02, 15.13, 15.0, 23.32, 14.76, 15.26, 26.91, 19.85, 21.21, 15.03, 27.2, 4.12, 14.3, 21.32, 12.18, 15.95, 12.18], [27.07, 33.84, 11.0, 29.41, 13.45, 7.07, 28.46, 29.55, 7.21, 23.02, 40.46, 6.4, 36.35, 36.01, 12.21, 34.13, 8.54, 8.06, 8.06, 14.14, 40.25, 5.0, 8.54, 8.6, 38.01, 23.32, 7.28, 23.26, 11.18, 0.0, 17.2, 18.03, 38.01, 24.6, 24.08, 15.81, 5.0, 19.24, 39.12, 41.04, 23.32, 18.79, 34.99, 22.02, 17.49, 30.23, 20.25, 37.22, 26.02, 24.52, 10.63, 21.4, 20.25, 22.02, 11.7, 24.74, 36.89, 29.41, 26.93, 5.0, 38.33, 15.3, 9.82, 31.57, 17.76, 15.7, 17.76], [17.69, 18.03, 10.44, 14.04, 23.0, 21.4, 13.04, 25.55, 20.88, 12.73, 39.81, 23.43, 22.56, 24.6, 21.0, 31.76, 23.09, 25.24, 13.15, 8.0, 23.41, 14.87, 23.09, 19.24, 21.19, 6.32, 10.63, 31.26, 12.37, 17.2, 0.0, 15.26, 20.81, 32.14, 36.06, 23.19, 18.03, 8.6, 36.36, 41.23, 6.32, 18.25, 32.25, 24.19, 7.07, 29.15, 21.21, 26.93, 15.0, 35.17, 22.2, 27.02, 27.17, 35.34, 10.05, 10.77, 34.48, 28.79, 33.0, 22.2, 30.48, 13.04, 11.51, 28.85, 1.12, 27.97, 1.12], [32.8, 31.78, 20.59, 28.46, 12.81, 25.0, 27.51, 39.7, 15.65, 27.8, 53.25, 23.54, 37.34, 39.82, 11.31, 45.61, 17.49, 23.41, 10.0, 20.62, 35.0, 13.04, 17.49, 25.32, 33.02, 19.92, 17.09, 40.02, 22.36, 18.03, 15.26, 0.0, 30.27, 41.23, 42.01, 11.18, 14.56, 8.06, 50.45, 54.38, 19.92, 30.53, 46.23, 35.78, 8.54, 42.44, 33.12, 42.19, 30.23, 42.19, 14.21, 37.0, 36.4, 40.05, 7.62, 25.94, 48.41, 41.88, 43.01, 21.59, 45.61, 25.24, 8.63, 42.71, 16.38, 33.53, 16.38], [24.33, 11.05, 29.73, 13.34, 41.76, 41.73, 13.6, 34.23, 41.15, 22.47, 48.0, 44.2, 17.72, 23.54, 39.85, 40.05, 43.38, 46.04, 33.11, 26.25, 6.4, 35.36, 43.38, 38.95, 5.83, 14.87, 31.24, 47.85, 31.24, 38.01, 20.81, 30.27, 0.0, 48.33, 54.38, 41.0, 38.47, 22.56, 43.05, 50.01, 14.87, 33.11, 40.01, 38.63, 23.09, 39.46, 35.85, 26.68, 21.59, 52.84, 41.79, 42.95, 43.83, 54.41, 29.15, 17.46, 42.0, 39.62, 48.1, 43.01, 32.56, 29.68, 31.12, 37.66, 20.3, 47.1, 20.3], [25.61, 39.12, 22.0, 35.36, 37.74, 18.03, 34.89, 18.87, 31.06, 25.94, 20.4, 22.67, 36.8, 32.65, 36.72, 18.44, 31.4, 25.46, 31.62, 24.19, 47.17, 29.15, 31.4, 16.16, 45.28, 35.17, 24.33, 1.41, 20.0, 24.6, 32.14, 41.23, 48.33, 0.0, 9.22, 40.31, 29.53, 39.05, 22.02, 19.92, 35.17, 15.23, 19.42, 10.0, 37.05, 14.87, 12.53, 31.62, 27.46, 6.32, 34.67, 5.39, 5.0, 12.0, 33.73, 30.87, 20.1, 13.93, 3.16, 24.21, 28.64, 19.42, 32.63, 17.73, 31.75, 10.7, 31.75], [33.3, 46.1, 25.63, 42.01, 35.74, 17.03, 41.4, 27.73, 29.12, 32.65, 29.07, 19.92, 44.69, 41.05, 35.17, 27.66, 28.79, 21.93, 32.02, 28.64, 54.04, 29.07, 28.79, 17.26, 52.01, 40.25, 26.48, 8.54, 23.77, 24.08, 36.06, 42.01, 54.38, 9.22, 0.0, 38.6, 28.44, 41.59, 31.14, 28.28, 40.25, 21.93, 28.64, 18.03, 39.62, 24.04, 19.85, 40.31, 34.66, 3.0, 32.57, 13.04, 11.4, 3.61, 35.06, 37.2, 29.27, 23.09, 12.04, 21.84, 37.7, 24.7, 33.5, 26.88, 35.93, 8.51, 35.93], [39.0, 41.05, 23.85, 37.22, 3.0, 22.36, 36.22, 43.83, 9.49, 34.18, 55.87, 18.68, 45.71, 47.13, 3.61, 49.04, 10.05, 17.12, 11.18, 25.5, 45.28, 12.04, 10.05, 24.41, 43.19, 29.02, 19.42, 38.95, 25.0, 15.81, 23.19, 11.18, 41.0, 40.31, 38.6, 0.0, 10.82, 18.44, 54.04, 56.59, 29.02, 33.42, 49.82, 37.48, 18.11, 45.34, 35.38, 49.04, 37.0, 39.56, 6.08, 37.2, 36.06, 35.9, 13.15, 33.73, 51.86, 44.6, 42.72, 16.76, 51.43, 28.84, 12.02, 46.31, 24.25, 30.73, 24.25], [30.59, 35.69, 14.56, 31.4, 8.49, 11.7, 30.41, 34.0, 3.0, 26.17, 45.34, 9.06, 39.01, 39.32, 7.21, 38.83, 5.1, 8.94, 5.66, 17.12, 41.44, 3.16, 5.1, 13.6, 39.22, 24.35, 10.2, 28.18, 15.23, 5.0, 18.03, 14.56, 38.47, 29.53, 28.44, 10.82, 0.0, 17.69, 43.83, 45.97, 24.35, 23.32, 39.66, 26.91, 16.28, 35.0, 25.0, 40.79, 29.15, 29.12, 5.83, 26.4, 25.24, 26.08, 9.9, 27.07, 41.62, 34.21, 31.91, 7.07, 42.38, 19.31, 7.78, 36.2, 18.82, 20.26, 18.82], [26.17, 23.77, 17.12, 20.62, 19.31, 25.3, 19.7, 34.13, 19.85, 21.26, 48.3, 25.55, 29.55, 32.45, 17.46, 40.31, 22.02, 26.4, 12.04, 15.81, 27.02, 15.0, 22.02, 24.33, 25.0, 12.08, 15.13, 38.01, 19.1, 19.24, 8.6, 8.06, 22.56, 39.05, 41.59, 18.44, 17.69, 0.0, 44.94, 49.66, 12.08, 26.25, 40.82, 32.02, 2.0, 37.58, 29.12, 35.0, 23.35, 41.19, 19.72, 34.23, 34.06, 40.26, 7.81, 18.6, 43.05, 37.16, 40.31, 23.85, 38.9, 20.88, 9.92, 37.4, 9.6, 33.14, 9.6], [19.92, 32.02, 30.41, 30.41, 52.2, 34.93, 30.59, 10.82, 46.32, 24.17, 5.39, 40.31, 26.17, 20.22, 50.61, 5.0, 47.51, 43.46, 43.19, 29.83, 39.12, 42.01, 47.51, 31.3, 38.01, 35.47, 34.71, 23.0, 29.07, 39.12, 36.36, 50.45, 43.05, 22.02, 31.14, 54.04, 43.83, 44.94, 0.0, 7.62, 35.47, 20.62, 4.24, 17.46, 43.27, 8.94, 18.87, 17.46, 23.09, 28.16, 49.65, 20.4, 22.36, 34.01, 43.19, 28.46, 2.24, 9.85, 19.1, 41.15, 11.7, 25.46, 43.13, 7.78, 35.42, 30.99, 35.42], [26.17, 39.05, 33.84, 37.05, 54.45, 35.81, 37.12, 16.28, 48.17, 29.83, 2.24, 41.05, 33.54, 27.66, 53.04, 10.05, 49.04, 44.1, 46.23, 34.0, 46.39, 44.6, 49.04, 32.65, 45.18, 41.23, 37.8, 21.19, 32.2, 41.04, 41.23, 54.38, 50.01, 19.92, 28.28, 56.59, 45.97, 49.66, 7.62, 0.0, 41.23, 23.85, 10.0, 19.1, 47.85, 12.08, 21.4, 25.0, 29.27, 25.32, 51.66, 20.25, 21.95, 31.58, 46.87, 34.53, 8.06, 12.53, 16.76, 42.2, 19.31, 29.15, 46.5, 12.75, 40.39, 30.21, 40.39], [15.65, 12.04, 15.0, 8.54, 29.07, 26.87, 7.62, 25.0, 27.2, 11.4, 39.56, 29.41, 17.46, 20.62, 27.07, 31.32, 29.41, 31.38, 19.42, 11.66, 17.09, 21.19, 29.41, 24.21, 14.87, 0.0, 16.4, 34.48, 16.64, 23.32, 6.32, 19.92, 14.87, 35.17, 40.25, 29.02, 24.35, 12.08, 35.47, 41.23, 0.0, 20.22, 31.62, 26.17, 11.4, 29.43, 23.19, 23.35, 12.53, 39.0, 28.44, 29.83, 30.36, 39.96, 16.03, 7.21, 33.84, 29.27, 35.51, 28.3, 27.8, 15.81, 17.68, 28.5, 5.59, 32.6, 5.59], [11.66, 24.21, 10.0, 20.25, 31.62, 16.03, 19.72, 10.77, 25.94, 10.82, 22.8, 21.21, 23.02, 20.25, 30.0, 15.62, 27.31, 24.33, 22.63, 10.44, 32.2, 21.4, 27.31, 12.04, 30.23, 20.22, 14.14, 14.76, 8.49, 18.79, 18.25, 30.53, 33.11, 15.23, 21.93, 33.42, 23.32, 26.25, 20.62, 23.85, 20.22, 0.0, 16.4, 6.0, 24.35, 12.04, 3.0, 20.4, 12.73, 20.0, 29.15, 9.85, 10.82, 22.8, 23.02, 15.65, 18.44, 11.4, 15.3, 21.59, 20.1, 5.39, 22.73, 12.9, 17.61, 16.32, 17.61], [16.28, 29.07, 26.17, 27.07, 48.01, 31.02, 27.17, 6.71, 42.19, 20.25, 8.06, 36.4, 23.77, 18.03, 46.4, 1.0, 43.42, 39.56, 38.95, 25.61, 36.5, 37.8, 43.42, 27.31, 35.23, 31.62, 30.48, 20.22, 24.84, 34.99, 32.25, 46.23, 40.01, 19.42, 28.64, 49.82, 39.66, 40.82, 4.24, 10.0, 31.62, 16.4, 0.0, 13.6, 39.12, 5.1, 14.76, 15.65, 19.42, 25.71, 45.49, 17.03, 19.03, 31.26, 38.95, 24.74, 2.24, 6.08, 16.76, 37.16, 10.63, 21.21, 38.89, 3.54, 31.32, 27.61, 31.32], [15.62, 29.15, 15.23, 25.5, 35.38, 17.46, 25.08, 10.2, 29.21, 16.16, 18.44, 22.85, 26.87, 23.02, 33.94, 12.65, 30.23, 26.0, 27.2, 16.28, 37.22, 25.5, 30.23, 13.89, 35.36, 26.17, 18.87, 9.9, 13.42, 22.02, 24.19, 35.78, 38.63, 10.0, 18.03, 37.48, 26.91, 32.02, 17.46, 19.1, 26.17, 6.0, 13.6, 0.0, 30.08, 8.54, 3.0, 22.36, 17.49, 15.62, 32.65, 5.0, 6.71, 19.7, 28.18, 21.19, 15.23, 7.62, 9.49, 23.71, 20.4, 11.18, 27.61, 10.61, 23.58, 14.58, 23.58], [24.76, 23.35, 15.13, 19.92, 18.68, 23.41, 18.97, 32.45, 18.6, 19.8, 46.53, 23.85, 28.79, 31.38, 16.76, 38.59, 20.81, 24.84, 10.63, 13.93, 27.17, 13.45, 20.81, 22.36, 25.08, 11.4, 13.15, 36.01, 17.12, 17.49, 7.07, 8.54, 23.09, 37.05, 39.62, 18.11, 16.28, 2.0, 43.27, 47.85, 11.4, 24.35, 39.12, 30.08, 0.0, 35.78, 27.2, 33.84, 22.02, 39.2, 18.79, 32.25, 32.06, 38.33, 6.4, 17.49, 41.34, 35.34, 38.33, 22.2, 37.54, 18.97, 8.51, 35.67, 8.14, 31.18, 8.14], [15.13, 28.86, 22.02, 26.17, 43.42, 26.0, 26.08, 5.39, 37.44, 18.11, 10.82, 31.38, 24.6, 19.42, 41.87, 4.12, 38.59, 34.54, 34.66, 21.95, 36.69, 33.3, 38.59, 22.36, 35.17, 29.43, 26.17, 15.52, 20.52, 30.23, 29.15, 42.44, 39.46, 14.87, 24.04, 45.34, 35.0, 37.58, 8.94, 12.08, 29.43, 12.04, 5.1, 8.54, 35.78, 0.0, 10.0, 17.69, 18.03, 21.19, 40.8, 12.0, 14.0, 26.48, 35.0, 23.02, 6.71, 1.0, 12.53, 32.2, 13.89, 17.2, 34.76, 2.92, 28.32, 22.55, 28.32], [13.45, 26.63, 12.53, 22.83, 33.42, 16.49, 22.36, 10.05, 27.46, 13.42, 20.52, 21.84, 24.84, 21.47, 31.89, 13.89, 28.65, 25.0, 24.84, 13.34, 34.67, 23.35, 28.65, 12.65, 32.76, 23.19, 16.4, 12.21, 10.82, 20.25, 21.21, 33.12, 35.85, 12.53, 19.85, 35.38, 25.0, 29.12, 18.87, 21.4, 23.19, 3.0, 14.76, 3.0, 27.2, 10.0, 0.0, 21.19, 15.0, 17.69, 30.81, 7.21, 8.49, 21.1, 25.55, 18.38, 16.64, 9.22, 12.37, 22.47, 20.02, 8.25, 25.11, 11.42, 20.6, 15.18, 20.6], [10.2, 15.81, 26.31, 15.81, 48.08, 36.12, 16.4, 12.81, 43.74, 14.87, 22.8, 41.01, 9.06, 3.16, 46.17, 16.12, 45.54, 44.0, 37.95, 23.77, 22.02, 38.08, 45.54, 32.14, 21.21, 23.35, 30.59, 31.91, 26.08, 37.22, 26.93, 42.19, 26.68, 31.62, 40.31, 49.04, 40.79, 35.0, 17.46, 25.0, 23.35, 20.4, 15.65, 22.36, 33.84, 17.69, 21.19, 0.0, 12.08, 37.74, 46.32, 27.29, 29.07, 42.05, 36.25, 16.4, 17.09, 18.38, 29.83, 41.01, 6.0, 22.02, 37.05, 14.92, 25.81, 36.37, 25.81], [3.16, 11.66, 15.03, 8.25, 36.14, 26.25, 8.06, 13.04, 32.14, 3.0, 27.46, 30.59, 10.77, 10.2, 34.21, 19.24, 34.06, 33.38, 25.96, 12.04, 19.72, 26.31, 34.06, 22.47, 17.89, 12.53, 19.03, 27.2, 15.3, 26.02, 15.0, 30.23, 21.59, 27.46, 34.66, 37.0, 29.15, 23.35, 23.09, 29.27, 12.53, 12.73, 19.42, 17.49, 22.02, 18.03, 15.0, 12.08, 0.0, 32.65, 34.53, 22.2, 23.43, 35.47, 24.17, 5.39, 21.59, 18.11, 26.83, 30.27, 15.56, 11.7, 24.99, 16.57, 13.9, 28.71, 13.9], [31.11, 44.2, 24.74, 40.22, 36.77, 17.46, 39.66, 25.06, 30.08, 30.81, 26.08, 21.02, 42.45, 38.6, 36.06, 24.74, 29.97, 23.32, 32.25, 27.51, 52.2, 29.43, 29.97, 17.0, 50.22, 39.0, 26.08, 5.83, 22.8, 24.52, 35.17, 42.19, 52.84, 6.32, 3.0, 39.56, 29.12, 41.19, 28.16, 25.32, 39.0, 20.0, 25.71, 15.62, 39.2, 21.19, 17.69, 37.74, 32.65, 0.0, 33.62, 10.63, 9.22, 6.32, 35.01, 35.51, 26.31, 20.25, 9.06, 22.85, 34.93, 23.26, 33.59, 24.05, 34.96, 8.86, 34.96], [36.14, 40.2, 20.25, 36.06, 3.16, 16.64, 35.06, 39.82, 3.61, 31.58, 51.09, 12.65, 44.05, 44.72, 3.16, 44.65, 4.0, 11.05, 9.06, 22.56, 45.35, 8.25, 4.0, 19.1, 43.17, 28.44, 15.81, 33.29, 21.02, 10.63, 22.2, 14.21, 41.79, 34.67, 32.57, 6.08, 5.83, 19.72, 49.65, 51.66, 28.44, 29.15, 45.49, 32.65, 18.79, 40.8, 30.81, 46.32, 34.53, 33.62, 0.0, 31.89, 30.61, 29.83, 12.65, 32.02, 47.43, 40.0, 37.2, 10.77, 48.1, 25.08, 10.79, 42.03, 23.14, 24.83, 23.14], [20.52, 33.84, 17.12, 30.02, 34.83, 15.62, 29.53, 14.87, 28.32, 20.59, 20.12, 20.81, 31.83, 28.02, 33.6, 16.03, 29.0, 23.85, 27.73, 19.03, 41.88, 25.55, 29.0, 12.81, 39.96, 29.83, 19.92, 5.0, 15.13, 21.4, 27.02, 37.0, 42.95, 5.39, 13.04, 37.2, 26.4, 34.23, 20.4, 20.25, 29.83, 9.85, 17.03, 5.0, 32.25, 12.0, 7.21, 27.29, 22.2, 10.63, 31.89, 0.0, 2.0, 14.87, 29.41, 25.5, 18.25, 11.0, 6.08, 22.02, 25.0, 14.14, 28.5, 14.58, 26.58, 10.61, 26.58], [21.93, 35.0, 17.0, 31.06, 33.6, 14.14, 30.53, 16.76, 27.02, 21.63, 21.93, 19.21, 33.3, 29.68, 32.45, 18.03, 27.59, 22.2, 26.93, 19.24, 43.01, 24.6, 27.59, 11.66, 41.05, 30.36, 19.42, 4.12, 15.0, 20.25, 27.17, 36.4, 43.83, 5.0, 11.4, 36.06, 25.24, 34.06, 22.36, 21.95, 30.36, 10.82, 19.03, 6.71, 32.06, 14.0, 8.49, 29.07, 23.43, 9.22, 30.61, 2.0, 0.0, 13.0, 28.86, 26.42, 20.22, 13.0, 6.71, 20.52, 26.93, 14.56, 27.83, 16.57, 26.8, 8.63, 26.8], [34.41, 46.67, 25.06, 42.45, 32.98, 15.13, 41.77, 29.73, 26.48, 33.24, 32.25, 17.26, 45.8, 42.54, 32.56, 30.27, 25.96, 18.97, 30.07, 28.3, 54.49, 27.02, 25.96, 16.16, 52.4, 39.96, 25.3, 11.05, 23.32, 22.02, 35.34, 40.05, 54.41, 12.0, 3.61, 35.9, 26.08, 40.26, 34.01, 31.58, 39.96, 22.8, 31.26, 19.7, 38.33, 26.48, 21.1, 42.05, 35.47, 6.32, 29.83, 14.87, 13.0, 0.0, 33.38, 37.54, 32.06, 25.5, 15.03, 19.24, 39.85, 24.84, 31.69, 29.23, 35.33, 7.38, 35.33], [26.42, 28.0, 13.04, 24.08, 13.04, 18.25, 23.09, 32.53, 12.21, 21.47, 45.8, 17.89, 32.56, 34.18, 11.05, 38.29, 14.42, 18.6, 4.24, 13.45, 32.76, 7.21, 14.42, 18.03, 30.59, 16.03, 9.49, 32.56, 14.76, 11.7, 10.05, 7.62, 29.15, 33.73, 35.06, 13.15, 9.9, 7.81, 43.19, 46.87, 16.03, 23.02, 38.95, 28.18, 6.4, 35.0, 25.55, 36.25, 24.17, 35.01, 12.65, 29.41, 28.86, 33.38, 0.0, 20.62, 41.11, 34.41, 35.44, 16.12, 39.12, 17.8, 2.12, 35.42, 11.1, 26.54, 11.1], [8.54, 9.43, 14.32, 5.0, 33.24, 26.42, 4.24, 18.25, 30.07, 5.1, 32.76, 30.08, 12.04, 13.89, 31.26, 24.52, 32.14, 32.57, 23.09, 10.77, 16.97, 24.02, 32.14, 23.02, 14.87, 7.21, 17.46, 30.41, 15.26, 24.74, 10.77, 25.94, 17.46, 30.87, 37.2, 33.73, 27.07, 18.6, 28.46, 34.53, 7.21, 15.65, 24.74, 21.19, 17.49, 23.02, 18.38, 16.4, 5.39, 35.51, 32.02, 25.5, 26.42, 37.54, 20.62, 0.0, 26.93, 23.0, 30.68, 29.41, 20.62, 12.73, 21.78, 21.78, 9.66, 30.41, 9.66], [18.44, 31.02, 28.28, 29.15, 50.0, 32.7, 29.27, 8.94, 44.1, 22.47, 6.0, 38.08, 25.5, 19.65, 48.41, 2.83, 45.28, 41.23, 41.04, 27.8, 38.33, 39.82, 45.28, 29.07, 37.12, 33.84, 32.56, 21.02, 26.91, 36.89, 34.48, 48.41, 42.0, 20.1, 29.27, 51.86, 41.62, 43.05, 2.24, 8.06, 33.84, 18.44, 2.24, 15.23, 41.34, 6.71, 16.64, 17.09, 21.59, 26.31, 47.43, 18.25, 20.22, 32.06, 41.11, 26.93, 0.0, 7.62, 17.26, 38.91, 11.66, 23.35, 41.02, 5.7, 33.56, 28.85, 33.56], [15.3, 29.12, 21.4, 26.31, 42.64, 25.08, 26.17, 5.83, 36.62, 18.03, 11.4, 30.46, 25.06, 20.0, 41.11, 5.1, 37.74, 33.62, 33.97, 21.47, 37.0, 32.56, 37.74, 21.47, 35.44, 29.27, 25.5, 14.56, 19.85, 29.41, 28.79, 41.88, 39.62, 13.93, 23.09, 44.6, 34.21, 37.16, 9.85, 12.53, 29.27, 11.4, 6.08, 7.62, 35.34, 1.0, 9.22, 18.38, 18.11, 20.25, 40.0, 11.0, 13.0, 25.5, 34.41, 23.0, 7.62, 0.0, 11.66, 31.3, 14.76, 16.64, 34.12, 3.81, 27.99, 21.55, 27.99], [24.7, 38.47, 23.19, 34.93, 40.22, 20.62, 34.54, 17.03, 33.6, 25.63, 17.26, 25.46, 35.61, 31.11, 39.12, 15.81, 34.06, 28.32, 33.62, 25.0, 46.53, 31.3, 34.06, 18.36, 44.72, 35.51, 25.96, 4.47, 21.21, 26.93, 33.0, 43.01, 48.1, 3.16, 12.04, 42.72, 31.91, 40.31, 19.1, 16.76, 35.51, 15.3, 16.76, 9.49, 38.33, 12.53, 12.37, 29.83, 26.83, 9.06, 37.2, 6.08, 6.71, 15.03, 35.44, 30.68, 17.26, 11.66, 0.0, 26.91, 26.42, 20.02, 34.47, 15.44, 32.52, 13.73, 32.52], [31.02, 38.63, 15.3, 34.18, 13.93, 6.4, 33.24, 32.28, 7.28, 27.29, 41.88, 2.0, 40.79, 40.05, 13.34, 36.25, 7.21, 3.16, 12.08, 18.68, 45.18, 8.94, 7.21, 9.85, 42.94, 28.3, 12.08, 22.8, 15.03, 5.0, 22.2, 21.59, 43.01, 24.21, 21.84, 16.76, 7.07, 23.85, 41.15, 42.2, 28.3, 21.59, 37.16, 23.71, 22.2, 32.2, 22.47, 41.01, 30.27, 22.85, 10.77, 22.02, 20.52, 19.24, 16.12, 29.41, 38.91, 31.3, 26.91, 0.0, 41.59, 19.0, 14.09, 33.89, 22.74, 14.09, 22.74], [12.81, 21.59, 27.86, 21.02, 50.16, 36.12, 21.47, 10.2, 45.22, 17.8, 17.09, 41.3, 15.03, 9.06, 48.33, 11.31, 46.84, 44.41, 40.25, 25.94, 28.02, 39.92, 46.84, 32.14, 27.17, 27.8, 32.31, 29.15, 27.2, 38.33, 30.48, 45.61, 32.56, 28.64, 37.7, 51.43, 42.38, 38.9, 11.7, 19.31, 27.8, 20.1, 10.63, 20.4, 37.54, 13.89, 20.02, 6.0, 15.56, 34.93, 48.1, 25.0, 26.93, 39.85, 39.12, 20.62, 11.66, 14.76, 26.42, 41.59, 0.0, 23.09, 39.63, 10.98, 29.4, 34.94, 29.4], [12.04, 22.02, 5.0, 17.69, 27.29, 14.56, 16.97, 15.0, 22.14, 8.94, 28.02, 19.1, 22.47, 21.1, 25.55, 20.52, 23.77, 22.02, 17.8, 5.1, 29.7, 17.0, 23.77, 10.77, 27.59, 15.81, 9.43, 18.68, 4.12, 15.3, 13.04, 25.24, 29.68, 19.42, 24.7, 28.84, 19.31, 20.88, 25.46, 29.15, 15.81, 5.39, 21.21, 11.18, 18.97, 17.2, 8.25, 22.02, 11.7, 23.26, 25.08, 14.14, 14.56, 24.84, 17.8, 12.73, 23.35, 16.64, 20.02, 19.0, 23.09, 0.0, 17.68, 17.68, 12.5, 17.68, 12.5], [27.06, 29.54, 12.75, 25.5, 11.51, 16.57, 24.51, 32.6, 10.12, 22.19, 45.52, 15.89, 33.8, 35.11, 9.51, 38.19, 12.35, 16.51, 2.12, 13.73, 34.56, 5.15, 12.35, 16.69, 32.38, 17.68, 8.75, 31.41, 14.3, 9.82, 11.51, 8.63, 31.12, 32.63, 33.5, 12.02, 7.78, 9.92, 43.13, 46.5, 17.68, 22.73, 38.89, 27.61, 8.51, 34.76, 25.11, 37.05, 24.99, 33.59, 10.79, 28.5, 27.83, 31.69, 2.12, 21.78, 41.02, 34.12, 34.47, 14.09, 39.63, 17.68, 0.0, 35.36, 12.5, 25.0, 12.5], [13.51, 26.88, 22.64, 24.51, 44.53, 27.83, 24.51, 3.54, 38.76, 17.1, 11.07, 33.2, 22.19, 16.81, 42.9, 2.92, 40.03, 36.37, 35.42, 22.1, 34.56, 34.3, 40.03, 24.05, 33.14, 28.5, 26.95, 18.34, 21.32, 31.57, 28.85, 42.71, 37.66, 17.73, 26.88, 46.31, 36.2, 37.4, 7.78, 12.75, 28.5, 12.9, 3.54, 10.61, 35.67, 2.92, 11.42, 14.92, 16.57, 24.05, 42.03, 14.58, 16.57, 29.23, 35.42, 21.78, 5.7, 3.81, 15.44, 33.89, 10.98, 17.68, 35.36, 0.0, 27.95, 25.0, 27.95], [16.62, 17.07, 10.31, 13.01, 24.01, 21.64, 12.01, 24.62, 21.71, 11.67, 38.94, 23.9, 21.48, 23.48, 22.01, 30.86, 23.9, 25.81, 14.08, 7.57, 22.66, 15.66, 23.9, 19.29, 20.43, 5.59, 10.97, 30.91, 12.18, 17.76, 1.12, 16.38, 20.3, 31.75, 35.93, 24.25, 18.82, 9.6, 35.42, 40.39, 5.59, 17.61, 31.32, 23.58, 8.14, 28.32, 20.6, 25.81, 13.9, 34.96, 23.14, 26.58, 26.8, 35.33, 11.1, 9.66, 33.56, 27.99, 32.52, 22.74, 29.4, 12.5, 12.5, 27.95, 0.0, 27.95, 0.0], [27.97, 39.65, 17.68, 35.36, 27.97, 8.63, 34.65, 24.75, 21.27, 26.32, 30.37, 12.35, 39.27, 36.5, 27.21, 26.62, 21.27, 14.92, 23.55, 20.94, 47.38, 20.65, 21.27, 8.86, 45.26, 32.6, 18.07, 9.3, 15.95, 15.7, 27.97, 33.53, 47.1, 10.7, 8.51, 30.73, 20.26, 33.14, 30.99, 30.21, 32.6, 16.32, 27.61, 14.58, 31.18, 22.55, 15.18, 36.37, 28.71, 8.86, 24.83, 10.61, 8.63, 7.38, 26.54, 30.41, 28.85, 21.55, 13.73, 14.09, 34.94, 17.68, 25.0, 25.0, 27.95, 0.0, 27.95], [16.62, 17.07, 10.31, 13.01, 24.01, 21.64, 12.01, 24.62, 21.71, 11.67, 38.94, 23.9, 21.48, 23.48, 22.01, 30.86, 23.9, 25.81, 14.08, 7.57, 22.66, 15.66, 23.9, 19.29, 20.43, 5.59, 10.97, 30.91, 12.18, 17.76, 1.12, 16.38, 20.3, 31.75, 35.93, 24.25, 18.82, 9.6, 35.42, 40.39, 5.59, 17.61, 31.32, 23.58, 8.14, 28.32, 20.6, 25.81, 13.9, 34.96, 23.14, 26.58, 26.8, 35.33, 11.1, 9.66, 33.56, 27.99, 32.52, 22.74, 29.4, 12.5, 12.5, 27.95, 0.0, 27.95, 0.0]]
[20, 20, 20, 20, 20, 20]
5
[[0.0, 651.0], [0.0, 33.0], [331.0, 409.0], [0.0, 59.0], [305.0, 414.0], [98.0, 203.0], [38.0, 100.0], [185.0, 358.0], [58.0, 120.0], [0.0, 68.0], [405.0, 534.0], [97.0, 188.0], [250.0, 379.0], [247.0, 418.0], [74.0, 192.0], [213.0, 307.0], [33.0, 94.0], [41.0, 199.0], [298.0, 455.0], [77.0, 194.0], [222.0, 371.0], [5.0, 101.0], [54.0, 115.0], [391.0, 492.0], [14.0, 47.0], [448.0, 540.0], [150.0, 224.0], [389.0, 541.0], [115.0, 170.0], [121.0, 156.0], [0.0, 79.0], [313.0, 443.0], [0.0, 93.0], [151.0, 252.0], [520.0, 594.0], [63.0, 130.0], [56.0, 177.0], [553.0, 625.0], [153.0, 256.0], [164.0, 264.0], [0.0, 93.0], [126.0, 219.0], [127.0, 284.0], [112.0, 248.0], [0.0, 124.0], [186.0, 231.0], [196.0, 252.0], [273.0, 313.0], [184.0, 302.0], [412.0, 454.0], [8.0, 163.0], [146.0, 197.0], [123.0, 242.0], [354.0, 521.0], [0.0, 154.0], [0.0, 79.0], [194.0, 315.0], [207.0, 318.0], [100.0, 256.0], [34.0, 187.0], [537.0, 601.0], [0.0, 651.0], [0.0, 651.0], [0.0, 651.0], [0.0, 651.0], [0.0, 651.0], [0.0, 651.0]]
[[24.0, 37.0], [11.0, 42.0], [22.0, 21.0], [13.0, 38.0], [12.0, 1.0], [29.0, 11.0], [13.0, 37.0], [34.0, 37.0], [18.0, 4.0], [21.0, 33.0], [48.0, 41.0], [27.0, 6.0], [17.0, 46.0], [23.0, 46.0], [12.0, 3.0], [40.0, 39.0], [19.0, 2.0], [26.0, 3.0], [14.0, 11.0], [20.0, 24.0], [4.0, 46.0], [17.0, 10.0], [19.0, 2.0], [29.0, 15.0], [5.0, 44.0], [10.0, 30.0], [20.0, 17.0], [43.0, 20.0], [24.0, 21.0], [22.0, 10.0], [12.0, 24.0], [4.0, 11.0], [0.0, 41.0], [44.0, 21.0], [46.0, 12.0], [9.0, 1.0], [18.0, 7.0], [5.0, 19.0], [43.0, 43.0], [50.0, 40.0], [10.0, 30.0], [30.0, 27.0], [40.0, 40.0], [36.0, 27.0], [7.0, 19.0], [39.0, 35.0], [33.0, 27.0], [26.0, 47.0], [21.0, 36.0], [46.0, 15.0], [15.0, 2.0], [39.0, 23.0], [39.0, 21.0], [44.0, 9.0], [11.0, 14.0], [16.0, 34.0], [42.0, 41.0], [39.0, 34.0], [45.0, 24.0], [25.0, 6.0], [32.0, 47.0], [25.0, 25.0], [12.5, 12.5], [37.5, 37.5], [12.5, 25.0], [37.5, 12.5], [12.5, 25.0]]
[[0.0, 0.0], [0.0, 0.0], [0.0, 0.0], [0.0, 0.0], [0.0, 0.0], [0.0, 0.0], [0.0, 0.0], [0.0, 0.0], [0.0, 0.0], [0.0, 0.0], [0.0, 0.0], [0.0, 0.0], [0.0, 0.0], [0.0, 0.0], [0.0, 0.0], [0.0, 0.0], [0.0, 0.0], [0.0, 0.0], [0.0, 0.0], [0.0, 0.0], [0.0, 0.0], [0.0, 0.0], [0.0, 0.0], [0.0, 0.0], [0.0, 0.0], [0.0, 0.0], [0.0, 0.0], [0.0, 0.0], [0.0, 0.0], [0.0, 0.0], [0.0, 0.0], [0.0, 0.0], [0.0, 0.0], [0.0, 0.0], [0.0, 0.0], [0.0, 0.0], [0.0, 0.0], [0.0, 0.0], [0.0, 0.0], [0.0, 0.0], [0.0, 0.0], [0.0, 0.0], [0.0, 0.0], [0.0, 0.0], [0.0, 0.0], [0.0, 0.0], [0.0, 0.0], [0.0, 0.0], [0.0, 0.0], [0.0, 0.0], [0.0, 0.0], [0.0, 0.0], [0.0, 0.0], [0.0, 0.0], [0.0, 0.0], [0.0, 0.0], [0.0, 0.0], [0.0, 0.0], [0.0, 0.0], [0.0, 0.0], [0.0, 0.0], [0.0, 0.0], [0.0, 0.0], [0.0, 0.0], [0.0, 0.0], [0.0, 0.0], [0.0, 0.0]]
^demand; service time^
!! n60w100.003    99.93 650
