60
[[0.0, 11.18, 30.0, 10.44, 15.81, 20.0, 5.0, 14.87, 28.16, 10.2, 36.36, 37.64, 6.08, 9.9, 11.05, 14.0, 24.6, 9.22, 23.35, 15.62, 28.02, 26.25, 21.93, 28.43, 30.68, 7.28, 22.2, 35.51, 28.84, 43.42, 23.71, 17.89, 20.0, 5.1, 8.6, 22.09, 33.0, 20.62, 4.12, 34.21, 32.2, 29.55, 12.37, 21.93, 26.57, 24.04, 22.47, 20.4, 6.32, 25.94, 31.26, 11.4, 16.64, 18.03, 7.28, 30.61, 8.49, 20.62, 19.1, 18.44, 14.87, 11.4, 22.19, 19.81, 22.61, 6.52, 22.61], [11.18, 0.0, 20.62, 1.41, 25.0, 28.79, 8.25, 25.96, 17.03, 15.0, 26.25, 28.43, 5.1, 20.12, 13.45, 19.42, 20.0, 10.3, 22.14, 14.04, 21.63, 17.49, 31.62, 21.19, 21.63, 18.0, 12.08, 29.12, 19.1, 33.97, 29.07, 14.32, 30.41, 6.08, 10.82, 11.0, 22.09, 18.11, 7.62, 24.84, 24.08, 18.87, 19.8, 14.56, 30.48, 13.0, 19.24, 19.31, 12.04, 18.44, 32.65, 15.26, 23.32, 20.0, 10.3, 23.41, 9.43, 9.49, 29.15, 28.65, 13.42, 5.39, 12.9, 22.73, 11.63, 16.32, 11.63], [30.0, 20.62, 0.0, 20.52, 38.08, 40.45, 25.24, 44.42, 15.52, 35.61, 7.07, 7.81, 24.76, 39.82, 24.04, 40.0, 13.6, 30.81, 20.62, 33.11, 34.01, 4.12, 51.74, 7.21, 28.44, 34.89, 21.1, 13.0, 2.0, 13.45, 35.13, 16.12, 50.0, 25.5, 31.4, 16.12, 20.12, 35.74, 27.59, 4.24, 32.39, 6.71, 40.36, 9.22, 33.73, 11.05, 16.28, 20.1, 32.56, 30.02, 30.87, 35.81, 33.24, 25.0, 24.6, 7.81, 30.0, 13.6, 49.04, 48.41, 19.42, 18.6, 23.63, 27.54, 11.28, 36.17, 11.28], [10.44, 1.41, 20.52, 0.0, 23.77, 27.51, 7.07, 25.3, 18.0, 15.26, 26.4, 28.32, 4.47, 19.72, 12.04, 19.72, 19.03, 10.77, 20.88, 15.0, 23.02, 17.2, 31.4, 20.62, 23.02, 17.03, 13.42, 28.46, 19.1, 33.94, 27.66, 13.15, 30.02, 5.39, 11.18, 12.04, 23.19, 19.24, 7.21, 24.76, 25.5, 19.24, 19.85, 13.93, 29.07, 13.6, 18.11, 18.03, 12.04, 19.85, 31.3, 15.65, 21.95, 18.6, 8.94, 22.85, 9.85, 10.2, 28.84, 28.3, 12.08, 4.12, 14.3, 21.32, 12.18, 15.95, 12.18], [15.81, 25.0, 38.08, 23.77, 0.0, 4.24, 16.76, 14.04, 41.44, 24.21, 45.12, 44.6, 20.62, 17.09, 14.14, 26.42, 27.29, 24.84, 22.02, 31.14, 43.83, 33.96, 25.08, 33.62, 46.1, 9.22, 37.0, 38.28, 37.66, 50.33, 12.17, 22.14, 21.21, 19.7, 24.08, 35.69, 46.87, 36.07, 19.72, 41.76, 47.89, 40.11, 23.26, 28.86, 16.49, 36.06, 24.19, 20.25, 21.21, 41.68, 23.77, 25.61, 6.4, 15.0, 15.13, 35.34, 24.21, 33.24, 22.02, 21.02, 18.68, 22.09, 37.42, 14.16, 34.56, 17.33, 34.56], [20.0, 28.79, 40.45, 27.51, 4.24, 0.0, 20.62, 17.12, 44.91, 28.43, 47.52, 46.57, 24.6, 21.02, 17.03, 30.53, 28.79, 29.07, 22.83, 35.38, 48.01, 36.35, 28.02, 35.44, 50.09, 13.45, 40.85, 39.36, 40.2, 52.2, 10.3, 24.33, 24.0, 23.71, 28.32, 39.29, 50.45, 40.31, 23.85, 43.93, 51.97, 43.0, 27.29, 31.26, 14.76, 39.32, 25.63, 21.54, 25.46, 45.79, 22.47, 29.83, 7.28, 16.16, 18.68, 37.0, 28.43, 36.67, 25.08, 24.08, 21.1, 25.5, 41.38, 14.58, 37.83, 21.51, 37.83], [5.0, 8.25, 25.24, 7.07, 16.76, 20.62, 0.0, 19.24, 25.02, 14.04, 31.76, 32.8, 4.24, 14.87, 7.28, 18.25, 19.7, 11.4, 19.03, 17.46, 28.28, 21.4, 26.91, 23.43, 29.53, 10.2, 20.25, 30.53, 24.19, 38.6, 22.02, 13.0, 24.84, 3.61, 11.18, 19.1, 30.27, 22.36, 5.1, 29.41, 31.62, 25.3, 17.09, 16.97, 24.19, 20.22, 17.72, 16.03, 10.05, 25.61, 27.89, 15.0, 15.62, 14.56, 3.16, 25.61, 10.44, 17.03, 24.04, 23.35, 10.2, 6.71, 20.8, 16.81, 18.74, 11.51, 18.74], [14.87, 25.96, 44.42, 25.3, 14.04, 17.12, 19.24, 0.0, 42.76, 16.76, 51.0, 51.87, 20.88, 7.28, 21.93, 16.64, 36.8, 20.1, 33.29, 25.0, 38.6, 40.5, 11.05, 41.87, 43.29, 9.9, 36.06, 48.1, 43.42, 57.69, 26.17, 30.41, 7.28, 19.92, 19.1, 36.67, 47.27, 29.15, 18.44, 48.55, 43.93, 44.38, 13.04, 35.81, 30.41, 38.9, 34.06, 30.81, 16.03, 37.66, 37.36, 18.03, 19.65, 26.42, 20.0, 43.93, 20.02, 35.44, 8.0, 7.0, 26.87, 25.94, 35.5, 26.66, 37.47, 10.51, 37.47], [28.16, 17.03, 15.52, 18.0, 41.44, 44.91, 25.02, 42.76, 0.0, 29.07, 16.28, 21.02, 22.09, 36.4, 28.16, 32.76, 25.5, 24.17, 31.24, 23.43, 19.65, 16.12, 47.01, 21.47, 13.04, 35.01, 8.49, 28.46, 13.6, 24.74, 42.95, 23.85, 46.49, 23.09, 25.08, 6.08, 5.83, 24.21, 24.33, 18.03, 17.03, 9.06, 34.44, 18.38, 43.05, 6.4, 26.91, 29.41, 27.51, 15.81, 42.52, 28.65, 38.6, 32.65, 26.31, 22.85, 23.77, 8.25, 44.94, 44.6, 25.5, 19.42, 10.7, 35.56, 7.63, 32.63, 7.63], [10.2, 15.0, 35.61, 15.26, 24.21, 28.43, 14.04, 16.76, 29.07, 0.0, 41.01, 43.42, 11.7, 9.49, 21.02, 4.47, 33.24, 5.0, 33.06, 8.25, 21.84, 32.45, 18.03, 35.78, 27.0, 15.0, 21.19, 43.46, 34.06, 48.92, 33.62, 26.68, 18.11, 11.4, 4.24, 23.32, 32.57, 12.53, 9.22, 39.82, 27.29, 33.3, 5.39, 29.07, 36.69, 27.02, 31.58, 30.07, 4.0, 21.1, 41.44, 1.41, 26.4, 28.16, 17.0, 38.01, 5.66, 23.43, 16.28, 16.12, 24.19, 18.38, 20.01, 30.01, 25.87, 7.11, 25.87], [36.36, 26.25, 7.07, 26.4, 45.12, 47.52, 31.76, 51.0, 16.28, 41.01, 0.0, 5.39, 30.81, 46.04, 31.05, 45.28, 20.22, 36.07, 27.29, 37.44, 35.9, 11.18, 57.8, 13.34, 29.07, 41.63, 23.77, 16.28, 7.62, 8.54, 42.05, 23.19, 56.3, 31.62, 36.77, 19.24, 19.1, 39.36, 33.6, 4.47, 33.06, 8.06, 46.01, 16.28, 40.45, 14.42, 23.09, 27.02, 38.29, 32.02, 37.0, 41.04, 40.31, 32.02, 31.38, 13.0, 35.36, 17.8, 55.22, 54.64, 26.48, 25.06, 26.28, 34.5, 15.31, 42.31, 15.31], [37.64, 28.43, 7.81, 28.32, 44.6, 46.57, 32.8, 51.87, 21.02, 43.42, 5.39, 0.0, 32.53, 47.51, 30.87, 47.8, 18.11, 38.6, 25.02, 40.71, 40.45, 11.4, 59.46, 11.18, 34.0, 42.19, 27.89, 11.66, 9.43, 5.83, 40.11, 22.47, 57.63, 33.24, 39.2, 23.09, 24.33, 43.08, 35.36, 3.61, 38.0, 12.17, 48.17, 16.12, 38.01, 18.03, 21.21, 25.32, 40.36, 36.5, 33.73, 43.6, 39.29, 30.59, 31.91, 10.0, 37.8, 21.02, 56.73, 56.08, 26.0, 26.25, 30.44, 32.81, 18.58, 43.89, 18.58], [6.08, 5.1, 24.76, 4.47, 20.62, 24.6, 4.24, 20.88, 22.09, 11.7, 30.81, 32.53, 0.0, 15.26, 11.18, 16.16, 21.59, 8.0, 22.09, 13.6, 24.04, 21.26, 27.02, 24.19, 25.5, 13.04, 16.49, 31.78, 23.43, 38.21, 26.25, 15.13, 25.55, 1.0, 8.06, 16.03, 27.02, 18.38, 2.83, 29.0, 27.46, 23.71, 15.81, 17.49, 28.3, 18.03, 20.1, 19.1, 8.06, 21.4, 31.62, 12.37, 19.85, 18.38, 7.21, 26.42, 7.0, 14.56, 24.41, 23.85, 13.04, 6.71, 16.81, 20.8, 16.62, 11.51, 16.62], [9.9, 20.12, 39.82, 19.72, 17.09, 21.02, 14.87, 7.28, 36.4, 9.49, 46.04, 47.51, 15.26, 0.0, 19.7, 9.9, 34.13, 13.0, 31.95, 17.72, 31.32, 36.12, 12.04, 38.29, 36.12, 9.0, 29.27, 45.22, 38.6, 53.26, 28.28, 27.46, 10.3, 14.42, 12.0, 30.36, 40.61, 21.93, 12.53, 44.05, 36.67, 38.95, 6.4, 31.83, 32.06, 33.11, 31.76, 29.15, 9.06, 30.41, 38.12, 10.77, 21.1, 25.71, 16.64, 40.46, 13.04, 29.55, 9.22, 8.6, 24.19, 21.26, 28.54, 26.73, 31.75, 3.81, 31.75], [11.05, 13.45, 24.04, 12.04, 14.14, 17.03, 7.28, 21.93, 28.16, 21.02, 31.05, 30.87, 11.18, 19.7, 0.0, 25.02, 14.87, 18.68, 12.37, 24.7, 34.83, 19.92, 31.38, 20.25, 35.0, 12.04, 25.24, 26.17, 23.54, 36.67, 15.62, 8.6, 28.6, 10.77, 18.44, 22.85, 33.84, 29.55, 12.37, 27.86, 37.54, 26.02, 23.35, 14.87, 17.2, 22.36, 12.21, 9.49, 17.03, 31.83, 20.62, 22.09, 10.44, 7.28, 4.12, 22.2, 17.72, 19.92, 28.3, 27.46, 5.0, 8.94, 26.32, 9.62, 20.89, 17.1, 20.89], [14.0, 19.42, 40.0, 19.72, 26.42, 30.53, 18.25, 16.64, 32.76, 4.47, 45.28, 47.8, 16.16, 9.9, 25.02, 0.0, 37.64, 9.22, 37.22, 10.2, 23.09, 36.89, 15.13, 40.25, 29.27, 17.46, 24.6, 47.93, 38.42, 53.26, 36.69, 31.05, 16.12, 15.81, 8.6, 27.2, 35.85, 13.15, 13.6, 44.2, 29.0, 37.48, 3.61, 33.54, 40.02, 31.14, 35.9, 34.23, 8.25, 23.09, 45.18, 4.24, 29.41, 32.02, 21.1, 42.49, 10.0, 27.59, 14.04, 14.14, 28.44, 22.85, 23.12, 33.68, 30.05, 9.19, 30.05], [24.6, 20.0, 13.6, 19.03, 27.29, 28.79, 19.7, 36.8, 25.5, 33.24, 20.22, 18.11, 21.59, 34.13, 14.87, 37.64, 0.0, 29.43, 7.07, 34.01, 39.85, 10.3, 46.04, 7.0, 36.72, 26.91, 27.31, 11.31, 14.32, 23.54, 22.02, 6.71, 43.42, 21.84, 29.61, 22.83, 31.11, 38.05, 24.04, 16.03, 40.25, 18.87, 36.77, 7.21, 20.22, 19.21, 3.16, 7.28, 29.41, 36.06, 17.49, 33.96, 21.54, 12.65, 17.49, 8.25, 28.44, 19.24, 43.01, 42.2, 10.0, 15.13, 29.44, 14.71, 18.31, 31.09, 18.31], [9.22, 10.3, 30.81, 10.77, 24.84, 29.07, 11.4, 20.1, 24.17, 5.0, 36.07, 38.6, 8.0, 13.0, 18.68, 9.22, 29.43, 0.0, 30.07, 6.4, 19.24, 27.78, 22.85, 31.38, 23.19, 15.81, 16.49, 39.22, 29.21, 44.05, 32.76, 23.09, 22.56, 8.06, 1.0, 18.36, 27.89, 11.4, 6.32, 35.0, 24.04, 28.32, 10.3, 24.7, 35.34, 22.02, 28.07, 27.07, 4.12, 17.72, 39.29, 5.0, 25.81, 25.96, 14.56, 33.62, 1.0, 18.44, 20.88, 20.62, 21.02, 14.32, 15.57, 28.15, 20.89, 9.62, 20.89], [23.35, 22.14, 20.62, 20.88, 22.02, 22.83, 19.03, 33.29, 31.24, 33.06, 27.29, 25.02, 22.09, 31.95, 12.37, 37.22, 7.07, 30.07, 0.0, 35.51, 43.38, 17.09, 43.38, 14.04, 41.4, 23.71, 31.62, 16.55, 21.19, 30.27, 15.13, 8.06, 40.31, 22.02, 30.02, 27.66, 37.01, 40.02, 24.0, 23.09, 44.65, 25.5, 35.69, 13.04, 13.15, 24.84, 4.47, 3.0, 29.07, 39.82, 11.31, 34.01, 15.81, 7.07, 16.12, 15.03, 29.07, 24.08, 40.25, 39.36, 9.06, 16.76, 33.44, 8.28, 23.71, 29.47, 23.71], [15.62, 14.04, 33.11, 15.0, 31.14, 35.38, 17.46, 25.0, 23.43, 8.25, 37.44, 40.71, 13.6, 17.72, 24.7, 10.2, 34.01, 6.4, 35.51, 0.0, 13.6, 30.68, 25.32, 34.93, 19.1, 22.02, 15.0, 42.95, 31.3, 45.79, 39.12, 28.07, 26.0, 13.93, 7.07, 18.44, 25.94, 5.0, 12.53, 37.12, 19.1, 29.41, 13.0, 28.44, 41.59, 23.02, 33.06, 32.56, 10.0, 13.0, 45.22, 7.07, 32.2, 31.95, 20.62, 37.11, 7.21, 19.72, 24.02, 24.0, 26.48, 19.03, 13.21, 34.27, 22.21, 14.98, 22.21], [28.02, 21.63, 34.01, 23.02, 43.83, 48.01, 28.28, 38.6, 19.65, 21.84, 35.9, 40.45, 24.04, 31.32, 34.83, 23.09, 39.85, 19.24, 43.38, 13.6, 0.0, 33.14, 38.0, 38.33, 8.49, 34.99, 13.04, 46.17, 32.02, 44.38, 50.25, 35.34, 39.2, 24.76, 20.12, 18.03, 18.87, 10.0, 24.21, 37.22, 6.32, 28.28, 26.31, 32.98, 52.01, 23.0, 39.92, 40.71, 23.26, 4.0, 54.2, 20.62, 43.86, 41.62, 31.14, 40.2, 19.72, 21.21, 37.12, 37.22, 34.99, 26.93, 10.61, 44.3, 23.05, 28.5, 23.05], [26.25, 17.49, 4.12, 17.2, 33.96, 36.35, 21.4, 40.5, 16.12, 32.45, 11.18, 11.4, 21.26, 36.12, 19.92, 36.89, 10.3, 27.78, 17.09, 30.68, 33.14, 0.0, 48.1, 5.39, 28.46, 30.89, 20.1, 13.04, 4.12, 17.2, 31.26, 12.04, 46.23, 21.93, 28.3, 15.13, 21.4, 33.73, 24.08, 8.06, 32.28, 8.6, 37.01, 5.1, 30.08, 10.44, 12.65, 16.28, 29.21, 29.15, 27.78, 32.76, 29.15, 21.02, 20.59, 7.07, 26.93, 12.0, 45.34, 44.69, 15.3, 14.87, 22.55, 23.63, 10.11, 32.53, 10.11], [21.93, 31.62, 51.74, 31.4, 25.08, 28.02, 26.91, 11.05, 47.01, 18.03, 57.8, 59.46, 27.02, 12.04, 31.38, 15.13, 46.04, 22.85, 43.38, 25.32, 38.0, 48.1, 0.0, 50.33, 44.41, 19.7, 39.22, 57.2, 50.45, 65.19, 37.22, 39.41, 4.12, 26.25, 21.93, 41.15, 50.6, 28.0, 24.21, 55.97, 44.05, 50.48, 12.65, 43.86, 41.44, 44.42, 43.57, 40.71, 19.72, 38.21, 48.27, 18.68, 30.59, 36.77, 28.6, 52.5, 23.26, 40.82, 3.16, 4.12, 36.06, 33.24, 37.98, 37.32, 43.14, 15.57, 43.14], [28.43, 21.19, 7.21, 20.62, 33.62, 35.44, 23.43, 41.87, 21.47, 35.78, 13.34, 11.18, 24.19, 38.29, 20.25, 40.25, 7.0, 31.38, 14.04, 34.93, 38.33, 5.39, 50.33, 0.0, 33.84, 32.02, 25.32, 8.06, 8.49, 16.76, 29.02, 11.66, 48.08, 24.7, 31.78, 20.4, 26.63, 38.33, 26.93, 9.06, 37.64, 13.45, 39.96, 6.71, 27.17, 15.81, 10.05, 14.14, 32.25, 34.37, 23.77, 36.25, 28.16, 19.42, 21.93, 2.24, 30.46, 17.12, 47.42, 46.69, 15.26, 17.49, 27.72, 21.64, 15.4, 34.91, 15.4], [30.68, 21.63, 28.44, 23.02, 46.1, 50.09, 29.53, 43.29, 13.04, 27.0, 29.07, 34.0, 25.5, 36.12, 35.0, 29.27, 36.72, 23.19, 41.4, 19.1, 8.49, 28.46, 44.41, 33.84, 0.0, 37.95, 9.9, 41.23, 26.48, 37.34, 50.61, 33.42, 45.04, 26.4, 24.19, 13.89, 10.77, 17.09, 26.57, 31.06, 4.0, 22.09, 32.06, 29.53, 51.66, 18.03, 37.44, 39.05, 27.29, 6.32, 52.63, 26.02, 44.94, 41.04, 31.91, 35.44, 23.35, 17.49, 43.1, 43.05, 33.94, 26.25, 8.75, 43.89, 18.58, 32.81, 18.58], [7.28, 18.0, 34.89, 17.03, 9.22, 13.45, 10.2, 9.9, 35.01, 15.0, 41.63, 42.19, 13.04, 9.0, 12.04, 17.46, 26.91, 15.81, 23.71, 22.02, 34.99, 30.89, 19.7, 32.02, 37.95, 0.0, 29.43, 38.21, 34.01, 48.02, 19.42, 20.52, 16.64, 12.04, 15.0, 29.0, 40.05, 26.91, 11.4, 38.95, 39.4, 35.44, 14.56, 26.08, 23.09, 30.41, 24.21, 21.1, 12.04, 33.11, 29.15, 16.4, 12.17, 17.09, 10.3, 34.06, 15.26, 27.17, 16.55, 15.65, 16.97, 16.76, 29.47, 17.85, 28.94, 8.28, 28.94], [22.2, 12.08, 21.1, 13.42, 37.0, 40.85, 20.25, 36.06, 8.49, 21.19, 23.77, 27.89, 16.49, 29.27, 25.24, 24.6, 27.31, 16.49, 31.62, 15.0, 13.04, 20.1, 39.22, 25.32, 9.9, 29.43, 0.0, 33.14, 19.1, 32.31, 40.8, 23.6, 39.05, 17.46, 17.46, 5.0, 11.4, 15.81, 18.11, 24.52, 13.04, 15.81, 26.57, 20.25, 41.77, 10.05, 27.78, 29.21, 20.22, 9.06, 42.8, 20.62, 35.36, 31.14, 22.36, 27.17, 16.28, 8.25, 37.36, 37.11, 24.04, 16.4, 2.55, 34.01, 10.01, 25.62, 10.01], [35.51, 29.12, 13.0, 28.46, 38.28, 39.36, 30.53, 48.1, 28.46, 43.46, 16.28, 11.66, 31.78, 45.22, 26.17, 47.93, 11.31, 39.22, 16.55, 42.95, 46.17, 13.04, 57.2, 8.06, 41.23, 38.21, 33.14, 0.0, 14.87, 15.3, 31.32, 17.8, 54.67, 32.2, 39.56, 28.16, 33.11, 46.39, 34.44, 12.04, 45.12, 19.7, 47.41, 14.56, 28.44, 23.35, 14.21, 18.03, 39.81, 42.19, 23.02, 44.01, 32.25, 23.32, 28.6, 6.0, 38.28, 25.02, 54.2, 53.41, 21.26, 25.08, 35.59, 24.83, 23.14, 42.03, 23.14], [28.84, 19.1, 2.0, 19.1, 37.66, 40.2, 24.19, 43.42, 13.6, 34.06, 7.62, 9.43, 23.43, 38.6, 23.54, 38.42, 14.32, 29.21, 21.19, 31.3, 32.02, 4.12, 50.45, 8.49, 26.48, 34.01, 19.1, 14.87, 0.0, 14.87, 35.36, 16.0, 48.83, 24.21, 29.83, 14.14, 18.36, 33.84, 26.25, 5.83, 30.41, 5.0, 38.9, 9.0, 34.21, 9.06, 16.76, 20.4, 31.11, 28.02, 31.76, 34.21, 33.06, 25.08, 23.77, 9.43, 28.43, 11.7, 47.8, 47.2, 19.1, 17.49, 21.64, 27.72, 9.34, 34.91, 9.34], [43.42, 33.97, 13.45, 33.94, 50.33, 52.2, 38.6, 57.69, 24.74, 48.92, 8.54, 5.83, 38.21, 53.26, 36.67, 53.26, 23.54, 44.05, 30.27, 45.79, 44.38, 17.2, 65.19, 16.76, 37.34, 48.02, 32.31, 15.3, 14.87, 0.0, 45.4, 28.23, 63.41, 38.95, 44.69, 27.73, 27.02, 47.85, 41.04, 9.22, 41.3, 16.55, 53.76, 21.95, 43.05, 22.83, 26.68, 30.81, 45.97, 40.52, 38.21, 49.04, 44.92, 36.14, 37.74, 15.3, 43.28, 26.08, 62.48, 61.85, 31.78, 32.02, 34.82, 38.24, 23.58, 49.62, 23.58], [23.71, 29.07, 35.13, 27.66, 12.17, 10.3, 22.02, 26.17, 42.95, 33.62, 42.05, 40.11, 26.25, 28.28, 15.62, 36.69, 22.02, 32.76, 15.13, 39.12, 50.25, 31.26, 37.22, 29.02, 50.61, 19.42, 40.8, 31.32, 35.36, 45.4, 0.0, 19.65, 33.38, 25.61, 32.25, 38.08, 48.75, 44.1, 26.63, 38.0, 53.15, 39.05, 33.96, 26.48, 4.47, 36.77, 19.0, 15.03, 29.97, 47.38, 12.21, 34.93, 7.28, 10.44, 19.1, 30.15, 31.91, 34.89, 34.13, 33.14, 17.46, 24.41, 41.93, 7.65, 35.39, 27.54, 35.39], [17.89, 14.32, 16.12, 13.15, 22.14, 24.33, 13.0, 30.41, 23.85, 26.68, 23.19, 22.47, 15.13, 27.46, 8.6, 31.05, 6.71, 23.09, 8.06, 28.07, 35.34, 12.04, 39.41, 11.66, 33.42, 20.52, 23.6, 17.8, 16.0, 28.23, 19.65, 0.0, 36.88, 15.3, 23.19, 19.8, 29.68, 32.39, 17.46, 19.65, 36.62, 19.42, 30.08, 7.0, 19.24, 17.49, 5.0, 5.66, 22.8, 31.76, 19.21, 27.46, 17.12, 9.22, 10.82, 13.6, 22.09, 16.28, 36.4, 35.61, 3.61, 9.06, 25.39, 12.02, 16.22, 24.38, 16.22], [20.0, 30.41, 50.0, 30.02, 21.21, 24.0, 24.84, 7.28, 46.49, 18.11, 56.3, 57.63, 25.55, 10.3, 28.6, 16.12, 43.42, 22.56, 40.31, 26.0, 39.2, 46.23, 4.12, 48.08, 45.04, 16.64, 39.05, 54.67, 48.83, 63.41, 33.38, 36.88, 0.0, 24.7, 21.59, 40.5, 50.45, 29.27, 22.83, 54.2, 45.04, 49.24, 13.0, 41.77, 37.66, 43.38, 40.8, 37.74, 18.97, 39.0, 44.64, 19.03, 26.93, 33.54, 26.17, 50.21, 22.8, 39.81, 2.24, 2.0, 33.42, 31.4, 38.06, 33.89, 42.04, 14.09, 42.04], [5.1, 6.08, 25.5, 5.39, 19.7, 23.71, 3.61, 19.92, 23.09, 11.4, 31.62, 33.24, 1.0, 14.42, 10.77, 15.81, 21.84, 8.06, 22.02, 13.93, 24.76, 21.93, 26.25, 24.7, 26.4, 12.04, 17.46, 32.2, 24.21, 38.95, 25.61, 15.3, 24.7, 0.0, 8.0, 17.03, 28.02, 18.79, 2.24, 29.73, 28.3, 24.6, 15.26, 18.03, 27.78, 18.97, 20.22, 19.03, 7.62, 22.2, 31.32, 12.17, 19.1, 18.03, 6.71, 26.93, 7.07, 15.52, 23.6, 23.02, 13.0, 7.21, 17.73, 20.36, 17.56, 10.7, 17.56], [8.6, 10.82, 31.4, 11.18, 24.08, 28.32, 11.18, 19.1, 25.08, 4.24, 36.77, 39.2, 8.06, 12.0, 18.44, 8.6, 29.61, 1.0, 30.02, 7.07, 20.12, 28.3, 21.93, 31.78, 24.19, 15.0, 17.46, 39.56, 29.83, 44.69, 32.25, 23.19, 21.59, 8.0, 0.0, 19.24, 28.86, 12.04, 6.08, 35.61, 25.0, 29.07, 9.43, 25.08, 34.93, 22.8, 28.16, 27.02, 3.16, 18.68, 39.05, 4.47, 25.24, 25.71, 14.32, 34.01, 1.41, 19.21, 19.92, 19.65, 21.0, 14.56, 16.57, 27.83, 21.64, 8.63, 21.64], [22.09, 11.0, 16.12, 12.04, 35.69, 39.29, 19.1, 36.67, 6.08, 23.32, 19.24, 23.09, 16.03, 30.36, 22.85, 27.2, 22.83, 18.36, 27.66, 18.44, 18.03, 15.13, 41.15, 20.4, 13.89, 29.0, 5.0, 28.16, 14.14, 27.73, 38.08, 19.8, 40.5, 17.03, 19.24, 0.0, 11.18, 20.12, 18.25, 19.65, 17.46, 11.18, 28.65, 15.65, 38.6, 5.1, 23.6, 25.46, 21.54, 14.04, 38.95, 23.02, 33.24, 28.02, 20.62, 22.2, 17.89, 3.61, 39.0, 38.63, 20.81, 13.93, 7.52, 30.93, 5.02, 26.58, 5.02], [33.0, 22.09, 20.12, 23.19, 46.87, 50.45, 30.27, 47.27, 5.83, 32.57, 19.1, 24.33, 27.02, 40.61, 33.84, 35.85, 31.11, 27.89, 37.01, 25.94, 18.87, 21.4, 50.6, 26.63, 10.77, 40.05, 11.4, 33.11, 18.36, 27.02, 48.75, 29.68, 50.45, 28.02, 28.86, 11.18, 0.0, 25.61, 29.02, 21.84, 14.56, 13.42, 37.95, 24.08, 48.88, 12.21, 32.65, 35.23, 31.58, 15.62, 48.27, 31.95, 44.27, 38.47, 31.78, 27.78, 27.66, 13.93, 48.76, 48.51, 31.3, 25.0, 12.75, 41.38, 13.46, 36.91, 13.46], [20.62, 18.11, 35.74, 19.24, 36.07, 40.31, 22.36, 29.15, 24.21, 12.53, 39.36, 43.08, 18.38, 21.93, 29.55, 13.15, 38.05, 11.4, 40.02, 5.0, 10.0, 33.73, 28.0, 38.33, 17.09, 26.91, 15.81, 46.39, 33.84, 47.85, 44.1, 32.39, 29.27, 18.79, 12.04, 20.12, 25.61, 0.0, 17.49, 39.56, 16.12, 31.3, 16.49, 32.06, 46.53, 25.08, 37.34, 37.11, 14.87, 10.77, 49.98, 11.18, 37.2, 36.77, 25.5, 40.45, 12.21, 22.14, 27.17, 27.29, 31.05, 23.35, 13.51, 39.15, 24.52, 19.56, 24.52], [4.12, 7.62, 27.59, 7.21, 19.72, 23.85, 5.1, 18.44, 24.33, 9.22, 33.6, 35.36, 2.83, 12.53, 12.37, 13.6, 24.04, 6.32, 24.0, 12.53, 24.21, 24.08, 24.21, 26.93, 26.57, 11.4, 18.11, 34.44, 26.25, 41.04, 26.63, 17.46, 22.83, 2.24, 6.08, 18.25, 29.02, 17.49, 0.0, 31.83, 28.18, 26.42, 13.04, 20.25, 29.07, 20.62, 22.36, 21.0, 5.39, 21.95, 32.98, 10.05, 19.85, 19.65, 8.25, 29.15, 5.39, 17.09, 21.63, 21.1, 15.03, 9.43, 18.07, 21.83, 19.24, 8.75, 19.24], [34.21, 24.84, 4.24, 24.76, 41.76, 43.93, 29.41, 48.55, 18.03, 39.82, 4.47, 3.61, 29.0, 44.05, 27.86, 44.2, 16.03, 35.0, 23.09, 37.12, 37.22, 8.06, 55.97, 9.06, 31.06, 38.95, 24.52, 12.04, 5.83, 9.22, 38.0, 19.65, 54.2, 29.73, 35.61, 19.65, 21.84, 39.56, 31.83, 0.0, 35.06, 9.0, 44.6, 13.0, 36.22, 14.56, 19.0, 23.02, 36.8, 33.24, 32.57, 40.0, 36.67, 28.16, 28.65, 8.54, 34.21, 17.46, 53.26, 52.63, 23.09, 22.8, 27.06, 30.54, 15.04, 40.4, 15.04], [32.2, 24.08, 32.39, 25.5, 47.89, 51.97, 31.62, 43.93, 17.03, 27.29, 33.06, 38.0, 27.46, 36.67, 37.54, 29.0, 40.25, 24.04, 44.65, 19.1, 6.32, 32.28, 44.05, 37.64, 4.0, 39.4, 13.04, 45.12, 30.41, 41.3, 53.15, 36.62, 45.04, 28.3, 25.0, 17.46, 14.56, 16.12, 28.18, 35.06, 0.0, 26.08, 32.06, 33.11, 54.45, 21.84, 40.82, 42.2, 28.16, 6.32, 55.8, 26.17, 47.2, 43.86, 34.21, 39.29, 24.35, 21.02, 43.01, 43.05, 36.88, 29.0, 11.34, 46.67, 22.3, 33.59, 22.3], [29.55, 18.87, 6.71, 19.24, 40.11, 43.0, 25.3, 44.38, 9.06, 33.3, 8.06, 12.17, 23.71, 38.95, 26.02, 37.48, 18.87, 28.32, 25.5, 29.41, 28.28, 8.6, 50.48, 13.45, 22.09, 35.44, 15.81, 19.7, 5.0, 16.55, 39.05, 19.42, 49.24, 24.6, 29.07, 11.18, 13.42, 31.3, 26.42, 9.0, 26.08, 0.0, 38.42, 12.65, 38.28, 6.4, 21.02, 24.35, 30.81, 24.33, 36.36, 33.24, 36.06, 28.64, 25.5, 14.42, 27.66, 9.9, 48.02, 47.51, 22.09, 18.68, 18.34, 31.41, 7.43, 35.16, 7.43], [12.37, 19.8, 40.36, 19.85, 23.26, 27.29, 17.09, 13.04, 34.44, 5.39, 46.01, 48.17, 15.81, 6.4, 23.35, 3.61, 36.77, 10.3, 35.69, 13.0, 26.31, 37.01, 12.65, 39.96, 32.06, 14.56, 26.57, 47.41, 38.9, 53.76, 33.96, 30.08, 13.0, 15.26, 9.43, 28.65, 37.95, 16.49, 13.04, 44.6, 32.06, 38.42, 0.0, 33.29, 37.48, 32.2, 34.79, 32.76, 7.81, 26.0, 43.01, 6.08, 26.68, 30.07, 19.65, 42.19, 10.82, 28.6, 11.05, 11.0, 27.2, 22.47, 25.35, 31.5, 31.0, 6.52, 31.0], [21.93, 14.56, 9.22, 13.93, 28.86, 31.26, 16.97, 35.81, 18.38, 29.07, 16.28, 16.12, 17.49, 31.83, 14.87, 33.54, 7.21, 24.7, 13.04, 28.44, 32.98, 5.1, 43.86, 6.71, 29.53, 26.08, 20.25, 14.56, 9.0, 21.95, 26.48, 7.0, 41.77, 18.03, 25.08, 15.65, 24.08, 32.06, 20.25, 13.0, 33.11, 12.65, 33.29, 0.0, 25.63, 12.04, 8.6, 11.7, 25.55, 29.12, 24.21, 29.55, 24.08, 16.12, 15.81, 8.94, 23.77, 12.08, 41.01, 40.31, 10.2, 10.82, 22.46, 18.83, 11.1, 28.36, 11.1], [26.57, 30.48, 33.73, 29.07, 16.49, 14.76, 24.19, 30.41, 43.05, 36.69, 40.45, 38.01, 28.3, 32.06, 17.2, 40.02, 20.22, 35.34, 13.15, 41.59, 52.01, 30.08, 41.44, 27.17, 51.66, 23.09, 41.77, 28.44, 34.21, 43.05, 4.47, 19.24, 37.66, 27.78, 34.93, 38.6, 48.88, 46.53, 29.07, 36.22, 54.45, 38.28, 37.48, 25.63, 0.0, 36.72, 17.46, 13.93, 32.89, 48.92, 7.81, 37.95, 11.0, 10.63, 21.1, 28.02, 34.44, 35.23, 38.33, 37.34, 17.8, 25.46, 43.13, 7.78, 35.42, 30.99, 35.42], [24.04, 13.0, 11.05, 13.6, 36.06, 39.32, 20.22, 38.9, 6.4, 27.02, 14.42, 18.03, 18.03, 33.11, 22.36, 31.14, 19.21, 22.02, 24.84, 23.02, 23.0, 10.44, 44.42, 15.81, 18.03, 30.41, 10.05, 23.35, 9.06, 22.83, 36.77, 17.49, 43.38, 18.97, 22.8, 5.1, 12.21, 25.08, 20.62, 14.56, 21.84, 6.4, 32.2, 12.04, 36.72, 0.0, 20.52, 23.02, 24.7, 19.0, 36.12, 26.91, 32.76, 26.4, 21.0, 17.46, 21.4, 3.61, 42.06, 41.59, 19.31, 14.0, 12.59, 29.3, 1.5, 29.3, 1.5], [22.47, 19.24, 16.28, 18.11, 24.19, 25.63, 17.72, 34.06, 26.91, 31.58, 23.09, 21.21, 20.1, 31.76, 12.21, 35.9, 3.16, 28.07, 4.47, 33.06, 39.92, 12.65, 43.57, 10.05, 37.44, 24.21, 27.78, 14.21, 16.76, 26.68, 19.0, 5.0, 40.8, 20.22, 28.16, 23.6, 32.65, 37.34, 22.36, 19.0, 40.82, 21.02, 34.79, 8.6, 17.46, 20.52, 0.0, 4.12, 27.66, 36.25, 15.62, 32.39, 18.38, 9.49, 15.23, 11.4, 27.07, 20.0, 40.5, 39.66, 7.62, 14.04, 29.74, 11.6, 19.45, 28.89, 19.45], [20.4, 19.31, 20.1, 18.03, 20.25, 21.54, 16.03, 30.81, 29.41, 30.07, 27.02, 25.32, 19.1, 29.15, 9.49, 34.23, 7.28, 27.07, 3.0, 32.56, 40.71, 16.28, 40.71, 14.14, 39.05, 21.1, 29.21, 18.03, 20.4, 30.81, 15.03, 5.66, 37.74, 19.03, 27.02, 25.46, 35.23, 37.11, 21.0, 23.02, 42.2, 24.35, 32.76, 11.7, 13.93, 23.02, 4.12, 0.0, 26.08, 37.22, 13.6, 31.02, 14.32, 5.39, 13.15, 15.52, 26.08, 21.93, 37.59, 36.72, 6.08, 13.93, 30.93, 7.52, 21.8, 26.58, 21.8], [6.32, 12.04, 32.56, 12.04, 21.21, 25.46, 10.05, 16.03, 27.51, 4.0, 38.29, 40.36, 8.06, 9.06, 17.03, 8.25, 29.41, 4.12, 29.07, 10.0, 23.26, 29.21, 19.72, 32.25, 27.29, 12.04, 20.22, 39.81, 31.11, 45.97, 29.97, 22.8, 18.97, 7.62, 3.16, 21.54, 31.58, 14.87, 5.39, 36.8, 28.16, 30.81, 7.81, 25.55, 32.89, 24.7, 27.66, 26.08, 0.0, 21.84, 37.48, 5.1, 22.83, 24.19, 13.0, 34.48, 4.0, 21.1, 17.46, 17.09, 20.22, 14.76, 19.51, 26.09, 23.44, 5.52, 23.44], [25.94, 18.44, 30.02, 19.85, 41.68, 45.79, 25.61, 37.66, 15.81, 21.1, 32.02, 36.5, 21.4, 30.41, 31.83, 23.09, 36.06, 17.72, 39.82, 13.0, 4.0, 29.15, 38.21, 34.37, 6.32, 33.11, 9.06, 42.19, 28.02, 40.52, 47.38, 31.76, 39.0, 22.2, 18.68, 14.04, 15.62, 10.77, 21.95, 33.24, 6.32, 24.33, 26.0, 29.12, 48.92, 19.0, 36.25, 37.22, 21.84, 0.0, 50.77, 20.02, 41.23, 38.42, 28.32, 36.22, 18.03, 17.26, 37.01, 37.0, 31.62, 23.6, 6.67, 41.16, 19.06, 27.29, 19.06], [31.26, 32.65, 30.87, 31.3, 23.77, 22.47, 27.89, 37.36, 42.52, 41.44, 37.0, 33.73, 31.62, 38.12, 20.62, 45.18, 17.49, 39.29, 11.31, 45.22, 54.2, 27.78, 48.27, 23.77, 52.63, 29.15, 42.8, 23.02, 31.76, 38.21, 12.21, 19.21, 44.64, 31.32, 39.05, 38.95, 48.27, 49.98, 32.98, 32.57, 55.8, 36.36, 43.01, 24.21, 7.81, 36.12, 15.62, 13.6, 37.48, 50.77, 0.0, 42.58, 17.72, 13.34, 24.74, 24.04, 38.33, 35.38, 45.12, 44.15, 19.24, 27.29, 44.53, 11.51, 35.02, 36.5, 35.02], [11.4, 15.26, 35.81, 15.65, 25.61, 29.83, 15.0, 18.03, 28.65, 1.41, 41.04, 43.6, 12.37, 10.77, 22.09, 4.24, 33.96, 5.0, 34.01, 7.07, 20.62, 32.76, 18.68, 36.25, 26.02, 16.4, 20.62, 44.01, 34.21, 49.04, 34.93, 27.46, 19.03, 12.17, 4.47, 23.02, 31.95, 11.18, 10.05, 40.0, 26.17, 33.24, 6.08, 29.55, 37.95, 26.91, 32.39, 31.02, 5.1, 20.02, 42.58, 0.0, 27.73, 29.27, 18.03, 38.48, 5.83, 23.35, 17.12, 17.03, 25.08, 18.97, 19.3, 31.18, 25.81, 8.51, 25.81], [16.64, 23.32, 33.24, 21.95, 6.4, 7.28, 15.62, 19.65, 38.6, 26.4, 40.31, 39.29, 19.85, 21.1, 10.44, 29.41, 21.54, 25.81, 15.81, 32.2, 43.86, 29.15, 30.59, 28.16, 44.94, 12.17, 35.36, 32.25, 33.06, 44.92, 7.28, 17.12, 26.93, 19.1, 25.24, 33.24, 44.27, 37.2, 19.85, 36.67, 47.2, 36.06, 26.68, 24.08, 11.0, 32.76, 18.38, 14.32, 22.83, 41.23, 17.72, 27.73, 0.0, 8.94, 13.04, 29.73, 25.0, 30.36, 27.46, 26.48, 14.0, 19.31, 36.2, 7.78, 31.29, 20.26, 31.29], [18.03, 20.0, 25.0, 18.6, 15.0, 16.16, 14.56, 26.42, 32.65, 28.16, 32.02, 30.59, 18.38, 25.71, 7.28, 32.02, 12.65, 25.96, 7.07, 31.95, 41.62, 21.02, 36.77, 19.42, 41.04, 17.09, 31.14, 23.32, 25.08, 36.14, 10.44, 9.22, 33.54, 18.03, 25.71, 28.02, 38.47, 36.77, 19.65, 28.16, 43.86, 28.64, 30.07, 16.12, 10.63, 26.4, 9.49, 5.39, 24.19, 38.42, 13.34, 29.27, 8.94, 0.0, 11.4, 20.88, 25.0, 24.7, 33.62, 32.7, 7.21, 14.87, 32.53, 2.92, 25.04, 23.63, 25.04], [7.28, 10.3, 24.6, 8.94, 15.13, 18.68, 3.16, 20.0, 26.31, 17.0, 31.38, 31.91, 7.21, 16.64, 4.12, 21.1, 17.49, 14.56, 16.12, 20.62, 31.14, 20.59, 28.6, 21.93, 31.91, 10.3, 22.36, 28.6, 23.77, 37.74, 19.1, 10.82, 26.17, 6.71, 14.32, 20.62, 31.78, 25.5, 8.25, 28.65, 34.21, 25.5, 19.65, 15.81, 21.1, 21.0, 15.23, 13.15, 13.0, 28.32, 24.74, 18.03, 13.04, 11.4, 0.0, 24.04, 13.6, 18.11, 25.61, 24.84, 7.62, 7.0, 23.16, 13.66, 19.5, 13.66, 19.5], [30.61, 23.41, 7.81, 22.85, 35.34, 37.0, 25.61, 43.93, 22.85, 38.01, 13.0, 10.0, 26.42, 40.46, 22.2, 42.49, 8.25, 33.62, 15.03, 37.11, 40.2, 7.07, 52.5, 2.24, 35.44, 34.06, 27.17, 6.0, 9.43, 15.3, 30.15, 13.6, 50.21, 26.93, 34.01, 22.2, 27.78, 40.45, 29.15, 8.54, 39.29, 14.42, 42.19, 8.94, 28.02, 17.46, 11.4, 15.52, 34.48, 36.22, 24.04, 38.48, 29.73, 20.88, 24.04, 0.0, 32.7, 19.03, 49.58, 48.84, 17.2, 19.72, 29.61, 22.95, 17.18, 37.1, 17.18], [8.49, 9.43, 30.0, 9.85, 24.21, 28.43, 10.44, 20.02, 23.77, 5.66, 35.36, 37.8, 7.0, 13.04, 17.72, 10.0, 28.44, 1.0, 29.07, 7.21, 19.72, 26.93, 23.26, 30.46, 23.35, 15.26, 16.28, 38.28, 28.43, 43.28, 31.91, 22.09, 22.8, 7.07, 1.41, 17.89, 27.66, 12.21, 5.39, 34.21, 24.35, 27.66, 10.82, 23.77, 34.44, 21.4, 27.07, 26.08, 4.0, 18.03, 38.33, 5.83, 25.0, 25.0, 13.6, 32.7, 0.0, 17.8, 21.19, 20.88, 20.02, 13.34, 15.51, 27.21, 20.23, 9.51, 20.23], [20.62, 9.49, 13.6, 10.2, 33.24, 36.67, 17.03, 35.44, 8.25, 23.43, 17.8, 21.02, 14.56, 29.55, 19.92, 27.59, 19.24, 18.44, 24.08, 19.72, 21.21, 12.0, 40.82, 17.12, 17.49, 27.17, 8.25, 25.02, 11.7, 26.08, 34.89, 16.28, 39.81, 15.52, 19.21, 3.61, 13.93, 22.14, 17.09, 17.46, 21.02, 9.9, 28.6, 12.08, 35.23, 3.61, 20.0, 21.93, 21.1, 17.26, 35.38, 23.35, 30.36, 24.7, 18.11, 19.03, 17.8, 0.0, 38.47, 38.01, 17.49, 11.18, 10.61, 27.61, 2.5, 25.74, 2.5], [19.1, 29.15, 49.04, 28.84, 22.02, 25.08, 24.04, 8.0, 44.94, 16.28, 55.22, 56.73, 24.41, 9.22, 28.3, 14.04, 43.01, 20.88, 40.25, 24.02, 37.12, 45.34, 3.16, 47.42, 43.1, 16.55, 37.36, 54.2, 47.8, 62.48, 34.13, 36.4, 2.24, 23.6, 19.92, 39.0, 48.76, 27.17, 21.63, 53.26, 43.01, 48.02, 11.05, 41.01, 38.33, 42.06, 40.5, 37.59, 17.46, 37.01, 45.12, 17.12, 27.46, 33.62, 25.61, 49.58, 21.19, 38.47, 0.0, 1.0, 33.02, 30.48, 36.28, 34.15, 40.75, 12.9, 40.75], [18.44, 28.65, 48.41, 28.3, 21.02, 24.08, 23.35, 7.0, 44.6, 16.12, 54.64, 56.08, 23.85, 8.6, 27.46, 14.14, 42.2, 20.62, 39.36, 24.0, 37.22, 44.69, 4.12, 46.69, 43.05, 15.65, 37.11, 53.41, 47.2, 61.85, 33.14, 35.61, 2.0, 23.02, 19.65, 38.63, 48.51, 27.29, 21.1, 52.63, 43.05, 47.51, 11.0, 40.31, 37.34, 41.59, 39.66, 36.72, 17.09, 37.0, 44.15, 17.03, 26.48, 32.7, 24.84, 48.84, 20.88, 38.01, 1.0, 0.0, 32.2, 29.83, 36.09, 33.2, 40.26, 12.35, 40.26], [14.87, 13.42, 19.42, 12.08, 18.68, 21.1, 10.2, 26.87, 25.5, 24.19, 26.48, 26.0, 13.04, 24.19, 5.0, 28.44, 10.0, 21.02, 9.06, 26.48, 34.99, 15.3, 36.06, 15.26, 33.94, 16.97, 24.04, 21.26, 19.1, 31.78, 17.46, 3.61, 33.42, 13.0, 21.0, 20.81, 31.3, 31.05, 15.03, 23.09, 36.88, 22.09, 27.2, 10.2, 17.8, 19.31, 7.62, 6.08, 20.22, 31.62, 19.24, 25.08, 14.0, 7.21, 7.62, 17.2, 20.02, 17.49, 33.02, 32.2, 0.0, 8.06, 25.54, 10.12, 17.92, 21.27, 17.92], [11.4, 5.39, 18.6, 4.12, 22.09, 25.5, 6.71, 25.94, 19.42, 18.38, 25.06, 26.25, 6.71, 21.26, 8.94, 22.85, 15.13, 14.32, 16.76, 19.03, 26.93, 14.87, 33.24, 17.49, 26.25, 16.76, 16.4, 25.08, 17.49, 32.02, 24.41, 9.06, 31.4, 7.21, 14.56, 13.93, 25.0, 23.35, 9.43, 22.8, 29.0, 18.68, 22.47, 10.82, 25.46, 14.0, 14.04, 13.93, 14.76, 23.6, 27.29, 18.97, 19.31, 14.87, 7.0, 19.72, 13.34, 11.18, 30.48, 29.83, 8.06, 0.0, 17.68, 17.68, 12.5, 17.68, 12.5], [22.19, 12.9, 23.63, 14.3, 37.42, 41.38, 20.8, 35.5, 10.7, 20.01, 26.28, 30.44, 16.81, 28.54, 26.32, 23.12, 29.44, 15.57, 33.44, 13.21, 10.61, 22.55, 37.98, 27.72, 8.75, 29.47, 2.55, 35.59, 21.64, 34.82, 41.93, 25.39, 38.06, 17.73, 16.57, 7.52, 12.75, 13.51, 18.07, 27.06, 11.34, 18.34, 25.35, 22.46, 43.13, 12.59, 29.74, 30.93, 19.51, 6.67, 44.53, 19.3, 36.2, 32.53, 23.16, 29.61, 15.51, 10.61, 36.28, 36.09, 25.54, 17.68, 0.0, 35.36, 12.5, 25.0, 12.5], [19.81, 22.73, 27.54, 21.32, 14.16, 14.58, 16.81, 26.66, 35.56, 30.01, 34.5, 32.81, 20.8, 26.73, 9.62, 33.68, 14.71, 28.15, 8.28, 34.27, 44.3, 23.63, 37.32, 21.64, 43.89, 17.85, 34.01, 24.83, 27.72, 38.24, 7.65, 12.02, 33.89, 20.36, 27.83, 30.93, 41.38, 39.15, 21.83, 30.54, 46.67, 31.41, 31.5, 18.83, 7.78, 29.3, 11.6, 7.52, 26.09, 41.16, 11.51, 31.18, 7.78, 2.92, 13.66, 22.95, 27.21, 27.61, 34.15, 33.2, 10.12, 17.68, 35.36, 0.0, 27.95, 25.0, 27.95], [22.61, 11.63, 11.28, 12.18, 34.56, 37.83, 18.74, 37.47, 7.63, 25.87, 15.31, 18.58, 16.62, 31.75, 20.89, 30.05, 18.31, 20.89, 23.71, 22.21, 23.05, 10.11, 43.14, 15.4, 18.58, 28.94, 10.01, 23.14, 9.34, 23.58, 35.39, 16.22, 42.04, 17.56, 21.64, 5.02, 13.46, 24.52, 19.24, 15.04, 22.3, 7.43, 31.0, 11.1, 35.42, 1.5, 19.45, 21.8, 23.44, 19.06, 35.02, 25.81, 31.29, 25.04, 19.5, 17.18, 20.23, 2.5, 40.75, 40.26, 17.92, 12.5, 12.5, 27.95, 0.0, 27.95, 0.0], [6.52, 16.32, 36.17, 15.95, 17.33, 21.51, 11.51, 10.51, 32.63, 7.11, 42.31, 43.89, 11.51, 3.81, 17.1, 9.19, 31.09, 9.62, 29.47, 14.98, 28.5, 32.53, 15.57, 34.91, 32.81, 8.28, 25.62, 42.03, 34.91, 49.62, 27.54, 24.38, 14.09, 10.7, 8.63, 26.58, 36.91, 19.56, 8.75, 40.4, 33.59, 35.16, 6.52, 28.36, 30.99, 29.3, 28.89, 26.58, 5.52, 27.29, 36.5, 8.51, 20.26, 23.63, 13.66, 37.1, 9.51, 25.74, 12.9, 12.35, 21.27, 17.68, 25.0, 25.0, 27.95, 0.0, 27.95], [22.61, 11.63, 11.28, 12.18, 34.56, 37.83, 18.74, 37.47, 7.63, 25.87, 15.31, 18.58, 16.62, 31.75, 20.89, 30.05, 18.31, 20.89, 23.71, 22.21, 23.05, 10.11, 43.14, 15.4, 18.58, 28.94, 10.01, 23.14, 9.34, 23.58, 35.39, 16.22, 42.04, 17.56, 21.64, 5.02, 13.46, 24.52, 19.24, 15.04, 22.3, 7.43, 31.0, 11.1, 35.42, 1.5, 19.45, 21.8, 23.44, 19.06, 35.02, 25.81, 31.29, 25.04, 19.5, 17.18, 20.23, 2.5, 40.75, 40.26, 17.92, 12.5, 12.5, 27.95, 0.0, 27.95, 0.0]]
[20, 20, 20, 20, 20, 20]
5
[[0.0, 601.0], [371.0, 376.0], [227.0, 248.0], [333.0, 365.0], [118.0, 141.0], [148.0, 160.0], [0.0, 23.0], [68.0, 101.0], [327.0, 338.0], [16.0, 36.0], [237.0, 260.0], [258.0, 261.0], [0.0, 27.0], [105.0, 131.0], [473.0, 509.0], [7.0, 43.0], [207.0, 237.0], [26.0, 47.0], [193.0, 215.0], [23.0, 48.0], [401.0, 421.0], [222.0, 248.0], [73.0, 85.0], [211.0, 227.0], [395.0, 410.0], [107.0, 112.0], [318.0, 334.0], [263.0, 284.0], [234.0, 245.0], [251.0, 278.0], [180.0, 199.0], [200.0, 214.0], [71.0, 90.0], [350.0, 361.0], [30.0, 51.0], [314.0, 340.0], [435.0, 444.0], [405.0, 420.0], [4.0, 31.0], [273.0, 300.0], [525.0, 541.0], [238.0, 257.0], [52.0, 77.0], [291.0, 308.0], [156.0, 180.0], [309.0, 322.0], [185.0, 203.0], [195.0, 213.0], [11.0, 18.0], [387.0, 405.0], [164.0, 177.0], [24.0, 38.0], [140.0, 146.0], [559.0, 583.0], [360.0, 368.0], [452.0, 481.0], [32.0, 41.0], [327.0, 360.0], [67.0, 70.0], [79.0, 104.0], [552.0, 583.0], [0.0, 601.0], [0.0, 601.0], [0.0, 601.0], [0.0, 601.0], [0.0, 601.0], [0.0, 601.0]]
[[34.0, 18.0], [23.0, 20.0], [10.0, 36.0], [24.0, 21.0], [47.0, 27.0], [50.0, 30.0], [31.0, 22.0], [48.0, 13.0], [6.0, 21.0], [32.0, 8.0], [3.0, 37.0], [5.0, 42.0], [28.0, 19.0], [41.0, 11.0], [33.0, 29.0], [34.0, 4.0], [23.0, 40.0], [28.0, 11.0], [30.0, 41.0], [24.0, 6.0], [11.0, 2.0], [14.0, 35.0], [49.0, 2.0], [16.0, 40.0], [5.0, 8.0], [41.0, 20.0], [12.0, 15.0], [15.0, 48.0], [10.0, 34.0], [0.0, 45.0], [45.0, 39.0], [26.0, 34.0], [50.0, 6.0], [29.0, 19.0], [29.0, 11.0], [12.0, 20.0], [1.0, 18.0], [21.0, 2.0], [30.0, 17.0], [7.0, 39.0], [5.0, 4.0], [7.0, 30.0], [37.0, 6.0], [19.0, 34.0], [43.0, 43.0], [11.0, 25.0], [26.0, 39.0], [30.0, 38.0], [32.0, 12.0], [11.0, 6.0], [38.0, 49.0], [31.0, 7.0], [43.0, 32.0], [35.0, 36.0], [32.0, 25.0], [15.0, 42.0], [28.0, 12.0], [14.0, 23.0], [48.0, 5.0], [48.0, 6.0], [29.0, 32.0], [25.0, 25.0], [12.5, 12.5], [37.5, 37.5], [12.5, 25.0], [37.5, 12.5], [12.5, 25.0]]
[[0.0, 0.0], [0.0, 0.0], [0.0, 0.0], [0.0, 0.0], [0.0, 0.0], [0.0, 0.0], [0.0, 0.0], [0.0, 0.0], [0.0, 0.0], [0.0, 0.0], [0.0, 0.0], [0.0, 0.0], [0.0, 0.0], [0.0, 0.0], [0.0, 0.0], [0.0, 0.0], [0.0, 0.0], [0.0, 0.0], [0.0, 0.0], [0.0, 0.0], [0.0, 0.0], [0.0, 0.0], [0.0, 0.0], [0.0, 0.0], [0.0, 0.0], [0.0, 0.0], [0.0, 0.0], [0.0, 0.0], [0.0, 0.0], [0.0, 0.0], [0.0, 0.0], [0.0, 0.0], [0.0, 0.0], [0.0, 0.0], [0.0, 0.0], [0.0, 0.0], [0.0, 0.0], [0.0, 0.0], [0.0, 0.0], [0.0, 0.0], [0.0, 0.0], [0.0, 0.0], [0.0, 0.0], [0.0, 0.0], [0.0, 0.0], [0.0, 0.0], [0.0, 0.0], [0.0, 0.0], [0.0, 0.0], [0.0, 0.0], [0.0, 0.0], [0.0, 0.0], [0.0, 0.0], [0.0, 0.0], [0.0, 0.0], [0.0, 0.0], [0.0, 0.0], [0.0, 0.0], [0.0, 0.0], [0.0, 0.0], [0.0, 0.0], [0.0, 0.0], [0.0, 0.0], [0.0, 0.0], [0.0, 0.0], [0.0, 0.0], [0.0, 0.0]]
^demand; service time^
!! n60w20.001    19.27 590
