60
[[0.0, 15.03, 40.26, 41.0, 9.85, 15.03, 24.33, 23.85, 18.03, 23.85, 30.87, 23.0, 44.28, 21.63, 17.49, 29.15, 30.48, 47.42, 17.89, 8.25, 43.83, 20.52, 18.97, 31.78, 40.31, 18.97, 26.02, 10.2, 17.46, 24.08, 18.03, 32.39, 14.87, 8.49, 39.81, 13.15, 21.54, 20.4, 26.25, 27.17, 42.58, 42.95, 29.15, 33.38, 15.03, 31.76, 31.3, 17.46, 36.5, 28.64, 29.0, 13.93, 19.72, 29.21, 33.62, 35.13, 28.46, 46.1, 39.05, 28.46, 40.72, 18.68, 31.41, 18.34, 19.5, 35.16, 19.5], [15.03, 0.0, 40.31, 44.6, 7.81, 30.0, 27.31, 21.1, 31.95, 14.87, 40.31, 8.06, 41.19, 13.34, 28.84, 39.7, 22.47, 56.22, 32.28, 23.19, 53.15, 33.12, 28.32, 38.83, 45.62, 21.02, 11.18, 17.03, 32.14, 19.03, 32.39, 34.48, 13.0, 21.59, 37.05, 2.24, 10.3, 5.83, 38.28, 30.46, 43.74, 40.11, 39.7, 35.44, 30.07, 41.73, 29.02, 32.14, 42.54, 17.03, 14.04, 6.32, 18.68, 24.19, 42.52, 40.25, 36.88, 54.82, 39.46, 15.62, 38.05, 21.47, 38.71, 6.96, 29.45, 31.6, 29.45], [40.26, 40.31, 0.0, 10.2, 35.01, 47.17, 16.16, 19.24, 38.29, 27.86, 25.5, 41.11, 9.06, 28.16, 30.61, 28.65, 23.02, 30.27, 40.46, 41.15, 30.0, 33.94, 26.4, 18.79, 15.03, 21.38, 41.23, 30.08, 50.77, 21.84, 52.48, 8.6, 28.0, 47.76, 7.62, 41.11, 32.57, 44.15, 33.02, 13.89, 4.24, 8.0, 28.65, 7.81, 45.49, 27.31, 11.7, 50.77, 16.28, 31.38, 43.38, 34.13, 22.0, 17.89, 24.35, 13.6, 22.47, 29.15, 1.41, 34.48, 7.28, 21.59, 19.46, 34.33, 27.34, 11.34, 27.34], [41.0, 44.6, 10.2, 0.0, 38.08, 44.6, 17.46, 24.7, 34.44, 34.41, 18.38, 47.01, 19.03, 34.13, 27.51, 21.93, 31.14, 20.1, 36.67, 39.81, 20.1, 29.53, 23.77, 12.21, 5.1, 23.77, 47.71, 31.06, 48.1, 28.02, 49.98, 10.3, 31.62, 47.38, 17.72, 44.92, 38.59, 49.24, 27.02, 14.32, 7.07, 18.11, 21.93, 9.43, 42.72, 19.85, 19.1, 48.1, 7.81, 38.95, 50.22, 38.28, 26.0, 25.46, 16.4, 6.71, 16.64, 19.03, 9.49, 41.87, 17.46, 23.54, 12.9, 39.58, 24.19, 20.41, 24.19], [9.85, 7.81, 35.01, 38.08, 0.0, 24.52, 20.62, 16.49, 24.74, 14.21, 32.56, 14.56, 37.36, 12.04, 21.1, 31.89, 21.26, 48.6, 25.32, 17.12, 45.45, 25.5, 20.52, 31.38, 38.63, 14.32, 17.26, 9.22, 27.2, 15.65, 27.86, 28.28, 7.07, 18.03, 32.98, 7.21, 11.7, 13.6, 30.53, 23.77, 38.05, 36.14, 31.89, 29.27, 24.19, 33.94, 24.52, 27.2, 35.34, 18.79, 20.4, 4.12, 13.04, 21.02, 34.83, 33.24, 29.21, 47.2, 34.0, 18.68, 33.96, 14.56, 31.22, 8.63, 21.64, 27.83, 21.64], [15.03, 30.0, 47.17, 44.6, 24.52, 0.0, 31.4, 35.0, 11.0, 37.7, 29.07, 38.01, 53.26, 35.47, 17.09, 26.0, 43.42, 44.28, 9.06, 7.62, 40.31, 16.03, 21.02, 32.98, 42.2, 28.32, 41.05, 20.25, 3.61, 36.36, 5.39, 38.59, 27.73, 10.3, 48.92, 28.02, 36.14, 35.13, 21.1, 33.29, 48.3, 51.86, 26.0, 39.45, 2.0, 29.0, 41.01, 3.61, 38.08, 43.01, 44.01, 28.64, 30.81, 40.8, 32.06, 37.95, 28.64, 43.19, 45.79, 43.17, 49.68, 27.59, 32.38, 33.14, 20.43, 45.26, 20.43], [24.33, 27.31, 16.16, 17.46, 20.62, 31.4, 0.0, 9.85, 23.6, 19.42, 17.46, 30.61, 21.93, 18.44, 15.81, 19.03, 19.42, 30.61, 25.61, 25.06, 28.3, 20.12, 11.66, 13.04, 18.36, 6.32, 31.83, 14.14, 35.0, 13.42, 36.62, 8.06, 14.32, 31.62, 17.69, 27.51, 22.63, 32.25, 21.38, 3.16, 18.25, 20.52, 19.03, 9.06, 29.83, 19.42, 10.77, 35.0, 15.62, 25.06, 34.66, 21.02, 9.22, 14.04, 18.38, 13.04, 13.34, 29.21, 14.87, 27.46, 18.38, 6.08, 13.21, 22.9, 12.97, 14.98, 12.97], [23.85, 21.1, 19.24, 24.7, 16.49, 35.0, 9.85, 0.0, 29.73, 9.9, 27.2, 22.36, 20.88, 9.43, 22.56, 28.44, 10.0, 40.22, 31.38, 27.66, 38.08, 27.46, 19.1, 22.83, 26.91, 7.28, 23.02, 14.87, 38.42, 3.61, 39.7, 14.42, 9.49, 32.2, 16.49, 22.0, 13.89, 25.0, 30.0, 12.21, 22.8, 19.65, 28.44, 15.26, 33.84, 29.12, 8.06, 38.42, 24.84, 15.26, 25.61, 15.0, 4.24, 5.83, 28.23, 21.93, 23.09, 38.83, 18.44, 17.8, 17.46, 8.25, 23.03, 15.18, 20.6, 11.42, 20.6], [18.03, 31.95, 38.29, 34.44, 24.74, 11.0, 23.6, 29.73, 0.0, 35.13, 18.11, 39.29, 45.34, 33.06, 7.81, 15.0, 39.29, 33.38, 2.24, 10.63, 29.43, 5.1, 12.04, 22.47, 31.62, 22.47, 41.98, 17.0, 14.14, 32.02, 16.12, 29.73, 25.02, 18.36, 41.23, 30.46, 35.06, 37.7, 10.2, 24.76, 38.83, 43.93, 15.0, 30.48, 9.0, 18.0, 34.13, 14.14, 27.51, 41.05, 45.12, 28.44, 25.96, 35.47, 21.1, 27.73, 18.03, 32.25, 36.88, 42.01, 41.87, 21.54, 21.83, 32.81, 10.97, 38.43, 10.97], [23.85, 14.87, 27.86, 34.41, 14.21, 37.7, 19.42, 9.9, 35.13, 0.0, 36.25, 13.34, 27.02, 2.24, 29.07, 37.0, 7.62, 50.0, 36.35, 30.08, 47.71, 34.06, 26.48, 32.45, 36.8, 14.87, 13.42, 18.25, 40.72, 6.4, 41.59, 24.21, 10.2, 32.2, 23.19, 16.55, 5.0, 17.0, 37.66, 22.02, 31.78, 26.08, 37.0, 25.0, 37.0, 38.08, 16.16, 40.72, 34.71, 6.08, 15.81, 10.63, 10.77, 10.2, 37.59, 31.83, 32.2, 48.6, 27.31, 8.06, 24.19, 15.81, 32.6, 7.91, 27.95, 17.68, 27.95], [30.87, 40.31, 25.5, 18.38, 32.56, 29.07, 17.46, 27.2, 18.11, 36.25, 0.0, 45.61, 34.18, 34.89, 13.6, 3.61, 36.88, 16.55, 20.22, 26.48, 13.04, 13.04, 12.21, 6.71, 14.42, 21.47, 47.43, 23.43, 32.25, 30.68, 34.23, 18.44, 28.6, 34.71, 31.05, 39.7, 38.59, 45.97, 8.94, 16.03, 24.41, 32.89, 3.61, 18.68, 27.07, 2.0, 27.0, 32.25, 10.63, 42.15, 50.48, 34.71, 25.5, 31.4, 3.0, 12.21, 4.12, 15.23, 24.17, 44.28, 31.32, 20.59, 6.04, 37.9, 11.41, 30.6, 11.41], [23.0, 8.06, 41.11, 47.01, 14.56, 38.01, 30.61, 22.36, 39.29, 13.34, 45.61, 0.0, 40.2, 13.0, 35.34, 45.49, 20.0, 60.81, 39.81, 31.06, 58.05, 39.92, 34.13, 43.14, 48.83, 24.76, 3.16, 23.26, 40.2, 19.31, 40.45, 36.72, 17.03, 29.61, 36.5, 10.2, 8.54, 5.0, 44.72, 33.6, 44.94, 39.32, 45.49, 37.59, 38.01, 47.2, 29.41, 40.2, 46.23, 12.37, 6.0, 11.18, 21.4, 23.54, 47.51, 43.6, 41.87, 59.4, 40.5, 9.85, 37.48, 25.46, 43.13, 7.78, 35.42, 30.99, 35.42], [44.28, 41.19, 9.06, 19.03, 37.36, 53.26, 21.93, 20.88, 45.34, 27.02, 34.18, 40.2, 0.0, 28.02, 37.54, 37.16, 20.4, 39.12, 47.42, 46.62, 39.01, 41.4, 33.3, 27.51, 24.0, 25.55, 39.62, 34.48, 56.85, 22.2, 58.41, 16.12, 30.36, 52.35, 4.47, 42.43, 32.02, 44.01, 41.18, 20.62, 12.17, 1.41, 37.16, 15.65, 51.74, 36.06, 13.0, 56.85, 25.32, 28.86, 41.23, 35.51, 24.7, 17.03, 33.24, 22.56, 30.87, 38.05, 10.2, 32.02, 3.61, 26.08, 28.15, 34.53, 34.44, 9.62, 34.44], [21.63, 13.34, 28.16, 34.13, 12.04, 35.47, 18.44, 9.43, 33.06, 2.24, 34.89, 13.0, 28.02, 0.0, 27.17, 35.47, 9.43, 49.04, 34.23, 27.86, 46.62, 32.14, 24.74, 31.4, 36.24, 13.42, 13.6, 16.12, 38.48, 6.32, 39.36, 23.85, 8.06, 30.0, 24.02, 14.87, 4.47, 16.12, 35.9, 21.21, 31.95, 27.0, 35.47, 24.7, 34.79, 36.67, 16.49, 38.48, 33.94, 8.0, 16.28, 8.6, 9.43, 11.0, 36.36, 31.14, 30.89, 47.63, 27.51, 9.49, 25.02, 14.32, 31.5, 6.52, 26.2, 18.51, 26.2], [17.49, 28.84, 30.61, 27.51, 21.1, 17.09, 15.81, 22.56, 7.81, 29.07, 13.6, 35.34, 37.54, 27.17, 0.0, 11.66, 32.39, 30.08, 9.9, 13.04, 26.4, 5.0, 4.24, 16.12, 25.32, 15.3, 37.7, 12.08, 20.62, 25.18, 22.47, 22.02, 19.42, 21.21, 33.42, 27.8, 29.83, 34.67, 9.43, 16.97, 31.38, 36.12, 11.66, 22.8, 15.23, 14.32, 26.42, 20.62, 21.21, 35.13, 40.85, 24.17, 19.1, 28.16, 16.49, 20.88, 12.0, 28.79, 29.21, 36.5, 34.06, 14.32, 15.57, 28.15, 3.35, 30.7, 3.35], [29.15, 39.7, 28.65, 21.93, 31.89, 26.0, 19.03, 28.44, 15.0, 37.0, 3.61, 45.49, 37.16, 35.47, 11.66, 0.0, 38.33, 18.68, 17.03, 24.04, 14.87, 10.05, 11.4, 10.0, 18.03, 22.14, 47.51, 22.67, 29.07, 31.78, 31.06, 21.19, 28.65, 32.28, 33.84, 38.9, 38.91, 45.45, 5.39, 18.11, 27.8, 35.85, 0.0, 21.54, 24.0, 3.0, 29.15, 29.07, 14.21, 43.01, 50.61, 34.41, 26.25, 33.06, 6.32, 15.62, 6.32, 17.46, 27.29, 44.94, 34.18, 21.19, 9.3, 37.9, 10.26, 32.96, 10.26], [30.48, 22.47, 23.02, 31.14, 21.26, 43.42, 19.42, 10.0, 39.29, 7.62, 36.88, 20.0, 20.4, 9.43, 32.39, 38.33, 0.0, 48.76, 40.8, 35.85, 47.01, 37.34, 29.07, 31.95, 34.41, 17.12, 19.24, 23.26, 46.65, 7.28, 47.71, 21.63, 15.81, 38.95, 17.09, 24.17, 12.37, 24.19, 40.0, 21.19, 27.2, 19.65, 38.33, 22.2, 42.49, 38.83, 12.04, 46.65, 33.12, 8.54, 20.88, 18.03, 13.34, 5.83, 37.64, 30.02, 32.76, 47.41, 22.8, 11.7, 18.03, 18.11, 32.26, 15.51, 30.57, 11.85, 30.57], [47.42, 56.22, 30.27, 20.1, 48.6, 44.28, 30.61, 40.22, 33.38, 50.0, 16.55, 60.81, 39.12, 49.04, 30.08, 18.68, 48.76, 0.0, 35.23, 42.72, 4.0, 28.64, 28.65, 17.69, 15.3, 36.07, 62.29, 39.66, 47.1, 43.83, 49.09, 27.31, 43.86, 50.96, 37.66, 55.8, 53.15, 61.72, 23.19, 28.02, 27.02, 38.21, 18.68, 26.93, 42.3, 15.81, 37.16, 47.1, 15.65, 55.47, 65.19, 50.33, 39.7, 42.94, 13.89, 18.79, 19.42, 1.41, 29.43, 58.01, 37.48, 35.36, 17.68, 53.03, 27.95, 39.53, 27.95], [17.89, 32.28, 40.46, 36.67, 25.32, 9.06, 25.61, 31.38, 2.24, 36.35, 20.22, 39.81, 47.42, 34.23, 9.9, 17.03, 40.8, 35.23, 0.0, 10.0, 31.26, 7.28, 14.14, 24.7, 33.84, 24.17, 42.58, 18.11, 12.04, 33.53, 14.04, 31.89, 26.17, 17.2, 43.28, 30.68, 36.0, 37.95, 12.04, 26.87, 41.05, 46.01, 17.03, 32.65, 7.07, 20.02, 36.06, 12.04, 29.73, 42.19, 45.71, 29.15, 27.51, 37.16, 23.19, 29.97, 20.25, 34.13, 39.05, 43.01, 43.93, 23.26, 24.05, 33.59, 13.12, 40.35, 13.12], [8.25, 23.19, 41.15, 39.81, 17.12, 7.62, 25.06, 27.66, 10.63, 30.08, 26.48, 31.06, 46.62, 27.86, 13.04, 24.04, 35.85, 42.72, 10.0, 0.0, 38.9, 14.32, 16.12, 29.02, 38.12, 21.26, 34.01, 12.81, 10.82, 28.84, 12.04, 32.7, 20.12, 8.25, 42.2, 21.38, 28.64, 28.64, 20.12, 27.31, 42.72, 45.22, 24.04, 33.62, 7.07, 26.93, 34.06, 10.82, 34.06, 35.44, 37.05, 21.21, 23.43, 33.42, 29.43, 33.38, 25.02, 41.48, 39.81, 35.69, 43.01, 20.62, 28.5, 25.74, 16.01, 38.24, 16.01], [43.83, 53.15, 30.0, 20.1, 45.45, 40.31, 28.3, 38.08, 29.43, 47.71, 13.04, 58.05, 39.01, 46.62, 26.4, 14.87, 47.01, 4.0, 31.26, 38.9, 0.0, 24.74, 25.24, 15.26, 15.03, 33.42, 59.67, 36.4, 43.1, 41.68, 45.1, 25.96, 41.04, 47.13, 37.12, 52.63, 50.61, 58.73, 19.24, 25.94, 27.17, 38.0, 14.87, 25.71, 38.33, 12.08, 35.74, 43.1, 14.32, 53.34, 62.63, 47.38, 37.2, 41.23, 10.63, 17.46, 16.28, 3.16, 29.02, 55.76, 37.05, 32.65, 15.12, 50.28, 24.44, 38.45, 24.44], [20.52, 33.12, 33.94, 29.53, 25.5, 16.03, 20.12, 27.46, 5.1, 34.06, 13.04, 39.92, 41.4, 32.14, 5.0, 10.05, 37.34, 28.64, 7.28, 14.32, 24.74, 0.0, 8.54, 17.46, 26.57, 20.22, 42.38, 16.76, 19.24, 30.15, 21.21, 25.5, 24.33, 22.47, 37.44, 31.91, 34.71, 38.95, 5.83, 20.81, 34.21, 40.0, 10.05, 26.17, 14.04, 13.04, 30.87, 19.24, 22.47, 40.11, 45.54, 28.79, 24.08, 32.98, 16.03, 22.83, 13.0, 27.46, 32.53, 41.44, 38.01, 19.24, 16.81, 32.9, 7.16, 35.11, 7.16], [18.97, 28.32, 26.4, 23.77, 20.52, 21.02, 11.66, 19.1, 12.04, 26.48, 12.21, 34.13, 33.3, 24.74, 4.24, 11.4, 29.07, 28.65, 14.14, 16.12, 25.24, 8.54, 0.0, 13.04, 22.02, 12.0, 36.24, 11.31, 24.6, 22.0, 26.4, 17.8, 17.46, 24.0, 29.21, 27.59, 27.86, 34.06, 11.18, 12.73, 27.29, 31.89, 11.4, 18.6, 19.24, 13.45, 22.36, 24.6, 18.0, 32.56, 39.36, 23.02, 16.03, 24.52, 14.76, 17.26, 9.49, 27.29, 25.0, 34.21, 29.83, 11.0, 12.59, 26.62, 1.5, 26.62, 1.5], [31.78, 38.83, 18.79, 12.21, 31.38, 32.98, 13.04, 22.83, 22.47, 32.45, 6.71, 43.14, 27.51, 31.4, 16.12, 10.0, 31.95, 17.69, 24.7, 29.02, 15.26, 17.46, 13.04, 0.0, 9.22, 18.38, 44.6, 22.85, 36.4, 26.42, 38.33, 12.04, 26.25, 37.01, 24.52, 38.59, 35.47, 44.2, 14.87, 10.77, 17.8, 26.25, 10.0, 12.17, 31.05, 8.54, 21.21, 36.4, 5.1, 38.08, 47.51, 32.8, 22.02, 26.25, 6.0, 5.66, 4.47, 16.28, 17.46, 40.5, 24.74, 17.69, 0.71, 35.36, 13.01, 24.51, 13.01], [40.31, 45.62, 15.03, 5.1, 38.63, 42.2, 18.36, 26.91, 31.62, 36.8, 14.42, 48.83, 24.0, 36.24, 25.32, 18.03, 34.41, 15.3, 33.84, 38.12, 15.03, 26.57, 22.02, 9.22, 0.0, 24.6, 49.82, 30.81, 45.61, 30.41, 47.54, 12.81, 32.65, 46.01, 22.36, 45.69, 40.61, 50.61, 23.32, 15.26, 12.17, 23.02, 18.03, 12.21, 40.26, 15.62, 22.47, 45.61, 4.12, 41.77, 52.5, 39.36, 27.46, 28.6, 12.04, 5.39, 13.6, 14.14, 14.14, 44.55, 22.2, 24.17, 9.82, 41.19, 22.14, 24.42, 22.14], [18.97, 21.02, 21.38, 23.77, 14.32, 28.32, 6.32, 7.28, 22.47, 14.87, 21.47, 24.76, 25.55, 13.42, 15.3, 22.14, 17.12, 36.07, 24.17, 21.26, 33.42, 20.22, 12.0, 18.38, 24.6, 0.0, 26.25, 8.94, 31.83, 10.0, 33.24, 14.04, 8.06, 26.83, 21.1, 21.19, 17.2, 26.08, 23.09, 9.49, 24.02, 24.19, 22.14, 15.03, 27.02, 23.26, 12.81, 31.83, 21.63, 20.88, 29.21, 14.76, 4.12, 13.0, 23.02, 19.24, 17.49, 34.66, 20.22, 22.85, 21.95, 1.0, 18.4, 16.99, 13.5, 16.99, 13.5], [26.02, 11.18, 41.23, 47.71, 17.26, 41.05, 31.83, 23.02, 41.98, 13.42, 47.43, 3.16, 39.62, 13.6, 37.7, 47.51, 19.24, 62.29, 42.58, 34.01, 59.67, 42.38, 36.24, 44.6, 49.82, 26.25, 0.0, 25.63, 43.29, 19.72, 43.57, 37.44, 18.87, 32.76, 36.14, 13.34, 9.22, 7.81, 47.01, 34.71, 45.19, 38.83, 47.51, 38.28, 41.0, 49.09, 29.55, 43.29, 47.42, 11.0, 3.16, 13.6, 22.63, 23.41, 49.2, 44.69, 43.6, 60.88, 40.72, 8.06, 37.11, 27.02, 44.64, 9.62, 37.57, 30.7, 37.57], [10.2, 17.03, 30.08, 31.06, 9.22, 20.25, 14.14, 14.87, 17.0, 18.25, 23.43, 23.26, 34.48, 16.12, 12.08, 22.67, 23.26, 39.66, 18.11, 12.81, 36.4, 16.76, 11.31, 22.85, 30.81, 8.94, 25.63, 0.0, 23.6, 16.12, 24.84, 22.2, 8.06, 17.89, 30.02, 16.28, 18.11, 22.8, 21.47, 17.03, 32.39, 33.12, 22.67, 23.19, 19.24, 24.76, 21.63, 23.6, 27.2, 24.08, 28.79, 12.08, 10.63, 20.62, 25.81, 25.5, 20.25, 38.28, 28.86, 25.02, 30.89, 8.54, 22.59, 16.14, 12.42, 25.7, 12.42], [17.46, 32.14, 50.77, 48.1, 27.2, 3.61, 35.0, 38.42, 14.14, 40.72, 32.25, 40.2, 56.85, 38.48, 20.62, 29.07, 46.65, 47.1, 12.04, 10.82, 43.1, 19.24, 24.6, 36.4, 45.61, 31.83, 43.29, 23.6, 0.0, 39.66, 2.0, 42.19, 30.89, 11.18, 52.5, 30.07, 38.9, 37.0, 24.0, 36.89, 51.88, 55.44, 29.07, 43.05, 5.39, 32.06, 44.55, 0.0, 41.48, 45.88, 46.17, 31.32, 34.21, 44.2, 35.23, 41.44, 32.02, 46.04, 49.4, 45.88, 53.26, 31.11, 35.78, 35.78, 23.96, 48.79, 23.96], [24.08, 19.03, 21.84, 28.02, 15.65, 36.36, 13.42, 3.61, 32.02, 6.4, 30.68, 19.31, 22.2, 6.32, 25.18, 31.78, 7.28, 43.83, 33.53, 28.84, 41.68, 30.15, 22.0, 26.42, 30.41, 10.0, 19.72, 16.12, 39.66, 0.0, 40.8, 17.8, 9.22, 32.56, 18.03, 20.22, 10.77, 22.36, 33.06, 15.81, 25.63, 21.1, 31.78, 18.6, 35.36, 32.57, 10.2, 39.66, 28.43, 11.66, 22.2, 13.34, 6.08, 5.39, 31.78, 25.5, 26.57, 42.44, 21.19, 14.21, 19.03, 11.0, 26.62, 12.59, 23.5, 12.59, 23.5], [18.03, 32.39, 52.48, 49.98, 27.86, 5.39, 36.62, 39.7, 16.12, 41.59, 34.23, 40.45, 58.41, 39.36, 22.47, 31.06, 47.71, 49.09, 14.04, 12.04, 45.1, 21.21, 26.4, 38.33, 47.54, 33.24, 43.57, 24.84, 2.0, 40.8, 0.0, 43.91, 31.91, 11.0, 54.04, 30.27, 39.56, 37.05, 26.0, 38.59, 53.67, 57.01, 31.06, 44.78, 7.28, 34.06, 46.01, 2.0, 43.42, 46.62, 46.39, 31.95, 35.47, 45.45, 37.22, 43.32, 33.96, 48.04, 51.11, 46.49, 54.82, 32.56, 37.72, 36.37, 25.81, 50.22, 25.81], [32.39, 34.48, 8.6, 10.3, 28.28, 38.59, 8.06, 14.42, 29.73, 24.21, 18.44, 36.72, 16.12, 23.85, 22.02, 21.19, 21.63, 27.31, 31.89, 32.7, 25.96, 25.5, 17.8, 12.04, 12.81, 14.04, 37.44, 22.2, 42.19, 17.8, 43.91, 0.0, 21.59, 39.56, 12.65, 34.93, 28.3, 39.0, 25.06, 5.39, 10.2, 14.76, 21.19, 1.0, 36.89, 20.4, 9.85, 42.19, 11.7, 29.0, 40.0, 28.16, 15.81, 15.81, 18.03, 8.54, 14.87, 26.0, 7.21, 31.83, 13.0, 14.0, 12.59, 29.3, 18.77, 12.59, 18.77], [14.87, 13.0, 28.0, 31.62, 7.07, 27.73, 14.32, 9.49, 25.02, 10.2, 28.6, 17.03, 30.36, 8.06, 19.42, 28.65, 15.81, 43.86, 26.17, 20.12, 41.04, 24.33, 17.46, 26.25, 32.65, 8.06, 18.87, 8.06, 30.89, 9.22, 31.91, 21.59, 0.0, 23.35, 25.96, 13.34, 10.44, 18.03, 28.46, 17.46, 31.14, 29.12, 28.65, 22.56, 26.93, 30.23, 17.46, 30.89, 29.68, 16.03, 21.95, 6.71, 6.0, 14.42, 30.48, 27.29, 24.84, 42.45, 27.02, 17.12, 26.93, 8.6, 26.2, 9.3, 18.85, 20.89, 18.85], [8.49, 21.59, 47.76, 47.38, 18.03, 10.3, 31.62, 32.2, 18.36, 32.2, 34.71, 29.61, 52.35, 30.0, 21.21, 32.28, 38.95, 50.96, 17.2, 8.25, 47.13, 22.47, 24.0, 37.01, 46.01, 26.83, 32.76, 17.89, 11.18, 32.56, 11.0, 39.56, 23.35, 0.0, 47.89, 19.42, 29.53, 26.08, 28.23, 34.21, 49.73, 51.0, 32.28, 40.52, 11.4, 35.17, 39.45, 11.18, 42.0, 36.72, 35.51, 21.95, 28.02, 37.64, 37.66, 41.11, 33.14, 49.73, 46.49, 36.25, 48.76, 26.4, 36.53, 26.16, 24.05, 43.41, 24.05], [39.81, 37.05, 7.62, 17.72, 32.98, 48.92, 17.69, 16.49, 41.23, 23.19, 31.05, 36.5, 4.47, 24.02, 33.42, 33.84, 17.09, 37.66, 43.28, 42.2, 37.12, 37.44, 29.21, 24.52, 22.36, 21.1, 36.14, 30.02, 52.5, 18.03, 54.04, 12.65, 25.96, 47.89, 0.0, 38.21, 28.16, 40.11, 37.58, 16.64, 11.66, 3.16, 33.84, 12.37, 47.42, 32.98, 8.54, 52.5, 23.0, 25.63, 37.95, 31.26, 20.25, 13.04, 30.41, 20.02, 27.51, 36.5, 8.25, 28.79, 1.0, 21.63, 25.11, 30.5, 30.4, 5.52, 30.4], [13.15, 2.24, 41.11, 44.92, 7.21, 28.02, 27.51, 22.0, 30.46, 16.55, 39.7, 10.2, 42.43, 14.87, 27.8, 38.9, 24.17, 55.8, 30.68, 21.38, 52.63, 31.91, 27.59, 38.59, 45.69, 21.19, 13.34, 16.28, 30.07, 20.22, 30.27, 34.93, 13.34, 19.42, 38.21, 0.0, 12.21, 7.28, 37.2, 30.68, 44.41, 41.3, 38.9, 35.9, 28.16, 41.04, 30.02, 30.07, 42.49, 19.1, 16.12, 7.0, 19.24, 25.5, 42.01, 40.31, 36.4, 54.41, 40.2, 17.8, 39.2, 21.54, 38.43, 8.75, 28.64, 32.81, 28.64], [21.54, 10.3, 32.57, 38.59, 11.7, 36.14, 22.63, 13.89, 35.06, 5.0, 38.59, 8.54, 32.02, 4.47, 29.83, 38.91, 12.37, 53.15, 36.0, 28.64, 50.61, 34.71, 27.86, 35.47, 40.61, 17.2, 9.22, 18.11, 38.9, 10.77, 39.56, 28.3, 10.44, 29.53, 28.16, 12.21, 0.0, 12.0, 38.9, 25.5, 36.4, 31.06, 38.91, 29.15, 35.69, 40.31, 20.88, 38.9, 38.21, 7.21, 12.04, 7.62, 13.45, 15.13, 40.22, 35.47, 34.67, 51.74, 31.95, 7.07, 29.15, 18.03, 35.53, 3.54, 29.26, 22.64, 29.26], [20.4, 5.83, 44.15, 49.24, 13.6, 35.13, 32.25, 25.0, 37.7, 17.0, 45.97, 5.0, 44.01, 16.12, 34.67, 45.45, 24.19, 61.72, 37.95, 28.64, 58.73, 38.95, 34.06, 44.2, 50.61, 26.08, 7.81, 22.8, 37.0, 22.36, 37.05, 39.0, 18.03, 26.08, 40.11, 7.28, 12.0, 0.0, 44.1, 35.36, 47.8, 43.05, 45.45, 39.92, 35.36, 47.42, 32.56, 37.0, 47.71, 17.09, 9.85, 11.4, 23.26, 27.07, 48.1, 45.28, 42.45, 60.31, 43.42, 14.76, 41.11, 26.63, 44.12, 9.82, 35.22, 34.59, 35.22], [26.25, 38.28, 33.02, 27.02, 30.53, 21.1, 21.38, 30.0, 10.2, 37.66, 8.94, 44.72, 41.18, 35.9, 9.43, 5.39, 40.0, 23.19, 12.04, 20.12, 19.24, 5.83, 11.18, 14.87, 23.32, 23.09, 47.01, 21.47, 24.0, 33.06, 26.0, 25.06, 28.46, 28.23, 37.58, 37.2, 38.9, 44.1, 0.0, 21.19, 32.56, 39.82, 5.39, 25.55, 19.1, 8.25, 32.02, 24.0, 19.42, 43.74, 50.16, 33.54, 27.17, 35.13, 11.7, 20.52, 10.63, 22.09, 31.62, 45.35, 38.01, 22.09, 14.16, 37.42, 9.71, 36.06, 9.71], [27.17, 30.46, 13.89, 14.32, 23.77, 33.29, 3.16, 12.21, 24.76, 22.02, 16.03, 33.6, 20.62, 21.21, 16.97, 18.11, 21.19, 28.02, 26.87, 27.31, 25.94, 20.81, 12.73, 10.77, 15.26, 9.49, 34.71, 17.03, 36.89, 15.81, 38.59, 5.39, 17.46, 34.21, 16.64, 30.68, 25.5, 35.36, 21.19, 0.0, 15.52, 19.21, 18.11, 6.32, 31.62, 18.03, 11.05, 36.89, 12.73, 27.46, 37.48, 24.17, 12.21, 15.52, 16.49, 10.0, 12.0, 26.63, 12.53, 30.0, 17.2, 9.22, 11.07, 25.93, 13.83, 14.92, 13.83], [42.58, 43.74, 4.24, 7.07, 38.05, 48.3, 18.25, 22.8, 38.83, 31.78, 24.41, 44.94, 12.17, 31.95, 31.38, 27.8, 27.2, 27.02, 41.05, 42.72, 27.17, 34.21, 27.29, 17.8, 12.17, 24.02, 45.19, 32.39, 51.88, 25.63, 53.67, 10.2, 31.14, 49.73, 11.66, 44.41, 36.4, 47.8, 32.56, 15.52, 0.0, 11.4, 27.8, 9.22, 46.53, 26.08, 15.65, 51.88, 14.32, 35.51, 47.41, 37.48, 25.18, 21.95, 22.83, 12.21, 21.93, 26.0, 4.47, 38.59, 11.18, 24.08, 18.51, 37.98, 28.04, 15.57, 28.04], [42.95, 40.11, 8.0, 18.11, 36.14, 51.86, 20.52, 19.65, 43.93, 26.08, 32.89, 39.32, 1.41, 27.0, 36.12, 35.85, 19.65, 38.21, 46.01, 45.22, 38.0, 40.0, 31.89, 26.25, 23.02, 24.19, 38.83, 33.12, 55.44, 21.1, 57.01, 14.76, 29.12, 51.0, 3.16, 41.3, 31.06, 43.05, 39.82, 19.21, 11.4, 0.0, 35.85, 14.32, 50.33, 34.79, 11.7, 55.44, 24.19, 28.16, 40.52, 34.37, 23.41, 16.0, 32.02, 21.38, 29.55, 37.12, 9.06, 31.32, 2.24, 24.7, 26.88, 33.5, 33.03, 8.51, 33.03], [29.15, 39.7, 28.65, 21.93, 31.89, 26.0, 19.03, 28.44, 15.0, 37.0, 3.61, 45.49, 37.16, 35.47, 11.66, 0.0, 38.33, 18.68, 17.03, 24.04, 14.87, 10.05, 11.4, 10.0, 18.03, 22.14, 47.51, 22.67, 29.07, 31.78, 31.06, 21.19, 28.65, 32.28, 33.84, 38.9, 38.91, 45.45, 5.39, 18.11, 27.8, 35.85, 0.0, 21.54, 24.0, 3.0, 29.15, 29.07, 14.21, 43.01, 50.61, 34.41, 26.25, 33.06, 6.32, 15.62, 6.32, 17.46, 27.29, 44.94, 34.18, 21.19, 9.3, 37.9, 10.26, 32.96, 10.26], [33.38, 35.44, 7.81, 9.43, 29.27, 39.45, 9.06, 15.26, 30.48, 25.0, 18.68, 37.59, 15.65, 24.7, 22.8, 21.54, 22.2, 26.93, 32.65, 33.62, 25.71, 26.17, 18.6, 12.17, 12.21, 15.03, 38.28, 23.19, 43.05, 18.6, 44.78, 1.0, 22.56, 40.52, 12.37, 35.9, 29.15, 39.92, 25.55, 6.32, 9.22, 14.32, 21.54, 0.0, 37.74, 20.62, 10.3, 43.05, 11.4, 29.7, 40.8, 29.12, 16.76, 16.4, 18.11, 8.25, 15.23, 25.63, 6.4, 32.56, 12.65, 15.0, 12.75, 30.21, 19.53, 12.75, 19.53], [15.03, 30.07, 45.49, 42.72, 24.19, 2.0, 29.83, 33.84, 9.0, 37.0, 27.07, 38.01, 51.74, 34.79, 15.23, 24.0, 42.49, 42.3, 7.07, 7.07, 38.33, 14.04, 19.24, 31.05, 40.26, 27.02, 41.0, 19.24, 5.39, 35.36, 7.28, 36.89, 26.93, 11.4, 47.42, 28.16, 35.69, 35.36, 19.1, 31.62, 46.53, 50.33, 24.0, 37.74, 0.0, 27.0, 39.62, 5.39, 36.14, 42.45, 44.01, 28.28, 29.68, 39.66, 30.07, 36.06, 26.68, 41.19, 44.1, 42.76, 48.17, 26.25, 30.44, 32.81, 18.58, 43.89, 18.58], [31.76, 41.73, 27.31, 19.85, 33.94, 29.0, 19.42, 29.12, 18.0, 38.08, 2.0, 47.2, 36.06, 36.67, 14.32, 3.0, 38.83, 15.81, 20.02, 26.93, 12.08, 13.04, 13.45, 8.54, 15.62, 23.26, 49.09, 24.76, 32.06, 32.57, 34.06, 20.4, 30.23, 35.17, 32.98, 41.04, 40.31, 47.42, 8.25, 18.03, 26.08, 34.79, 3.0, 20.62, 27.0, 0.0, 29.0, 32.06, 12.04, 44.01, 52.15, 36.24, 27.31, 33.38, 3.61, 13.89, 6.08, 14.56, 26.0, 46.1, 33.24, 22.36, 7.91, 39.53, 12.5, 32.6, 12.5], [31.3, 29.02, 11.7, 19.1, 24.52, 41.01, 10.77, 8.06, 34.13, 16.16, 27.0, 29.41, 13.0, 16.49, 26.42, 29.15, 12.04, 37.16, 36.06, 34.06, 35.74, 30.87, 22.36, 21.21, 22.47, 12.81, 29.55, 21.63, 44.55, 10.2, 46.01, 9.85, 17.46, 39.45, 8.54, 30.02, 20.88, 32.56, 32.02, 11.05, 15.65, 11.7, 29.15, 10.3, 39.62, 29.0, 0.0, 44.55, 21.54, 20.0, 31.76, 23.02, 11.7, 6.4, 27.17, 18.38, 23.02, 35.85, 11.18, 23.02, 9.49, 13.45, 21.64, 22.77, 23.71, 4.3, 23.71], [17.46, 32.14, 50.77, 48.1, 27.2, 3.61, 35.0, 38.42, 14.14, 40.72, 32.25, 40.2, 56.85, 38.48, 20.62, 29.07, 46.65, 47.1, 12.04, 10.82, 43.1, 19.24, 24.6, 36.4, 45.61, 31.83, 43.29, 23.6, 0.0, 39.66, 2.0, 42.19, 30.89, 11.18, 52.5, 30.07, 38.9, 37.0, 24.0, 36.89, 51.88, 55.44, 29.07, 43.05, 5.39, 32.06, 44.55, 0.0, 41.48, 45.88, 46.17, 31.32, 34.21, 44.2, 35.23, 41.44, 32.02, 46.04, 49.4, 45.88, 53.26, 31.11, 35.78, 35.78, 23.96, 48.79, 23.96], [36.5, 42.54, 16.28, 7.81, 35.34, 38.08, 15.62, 24.84, 27.51, 34.71, 10.63, 46.23, 25.32, 33.94, 21.21, 14.21, 33.12, 15.65, 29.73, 34.06, 14.32, 22.47, 18.0, 5.1, 4.12, 21.63, 47.42, 27.2, 41.48, 28.43, 43.42, 11.7, 29.68, 42.0, 23.0, 42.49, 38.21, 47.71, 19.42, 12.73, 14.32, 24.19, 14.21, 11.4, 36.14, 12.04, 21.54, 41.48, 0.0, 40.0, 50.21, 36.36, 24.84, 27.29, 8.6, 3.16, 9.49, 14.32, 15.13, 42.64, 23.02, 21.1, 5.7, 38.5, 18.06, 24.14, 18.06], [28.64, 17.03, 31.38, 38.95, 18.79, 43.01, 25.06, 15.26, 41.05, 6.08, 42.15, 12.37, 28.86, 8.0, 35.13, 43.01, 8.54, 55.47, 42.19, 35.44, 53.34, 40.11, 32.56, 38.08, 41.77, 20.88, 11.0, 24.08, 45.88, 11.66, 46.62, 29.0, 16.03, 36.72, 25.63, 19.1, 7.21, 17.09, 43.74, 27.46, 35.51, 28.16, 43.01, 29.7, 42.45, 44.01, 20.0, 45.88, 40.0, 0.0, 12.37, 14.76, 16.76, 13.6, 43.38, 37.01, 38.08, 54.08, 31.06, 3.16, 26.57, 21.84, 38.27, 10.7, 34.03, 20.36, 34.03], [29.0, 14.04, 43.38, 50.22, 20.4, 44.01, 34.66, 25.61, 45.12, 15.81, 50.48, 6.0, 41.23, 16.28, 40.85, 50.61, 20.88, 65.19, 45.71, 37.05, 62.63, 45.54, 39.36, 47.51, 52.5, 29.21, 3.16, 28.79, 46.17, 22.2, 46.39, 40.0, 21.95, 35.51, 37.95, 16.12, 12.04, 9.85, 50.16, 37.48, 47.41, 40.52, 50.61, 40.8, 44.01, 52.15, 31.76, 46.17, 50.21, 12.37, 0.0, 16.76, 25.5, 25.5, 52.2, 47.42, 46.62, 63.78, 42.94, 9.22, 38.9, 30.0, 47.57, 12.75, 40.7, 32.6, 40.7], [13.93, 6.32, 34.13, 38.28, 4.12, 28.64, 21.02, 15.0, 28.44, 10.63, 34.71, 11.18, 35.51, 8.6, 24.17, 34.41, 18.03, 50.33, 29.15, 21.21, 47.38, 28.79, 23.02, 32.8, 39.36, 14.76, 13.6, 12.08, 31.32, 13.34, 31.95, 28.16, 6.71, 21.95, 31.26, 7.0, 7.62, 11.4, 33.54, 24.17, 37.48, 34.37, 34.41, 29.12, 28.28, 36.24, 23.02, 31.32, 36.36, 14.76, 16.76, 0.0, 12.37, 18.68, 36.77, 34.0, 31.11, 48.92, 33.24, 14.56, 32.25, 15.26, 32.72, 4.53, 24.27, 25.89, 24.27], [19.72, 18.68, 22.0, 26.0, 13.04, 30.81, 9.22, 4.24, 25.96, 10.77, 25.5, 21.4, 24.7, 9.43, 19.1, 26.25, 13.34, 39.7, 27.51, 23.43, 37.2, 24.08, 16.03, 22.02, 27.46, 4.12, 22.63, 10.63, 34.21, 6.08, 35.47, 15.81, 6.0, 28.02, 20.25, 19.24, 13.45, 23.26, 27.17, 12.21, 25.18, 23.41, 26.25, 16.76, 29.68, 27.31, 11.7, 34.21, 24.84, 16.76, 25.5, 12.37, 0.0, 10.0, 26.93, 22.2, 21.47, 38.29, 21.02, 18.79, 21.19, 5.1, 22.1, 13.73, 17.53, 15.44, 17.53], [29.21, 24.19, 17.89, 25.46, 21.02, 40.8, 14.04, 5.83, 35.47, 10.2, 31.4, 23.54, 17.03, 11.0, 28.16, 33.06, 5.83, 42.94, 37.16, 33.42, 41.23, 32.98, 24.52, 26.25, 28.6, 13.0, 23.41, 20.62, 44.2, 5.39, 45.45, 15.81, 14.42, 37.64, 13.04, 25.5, 15.13, 27.07, 35.13, 15.52, 21.95, 16.0, 33.06, 16.4, 39.66, 33.38, 6.4, 44.2, 27.29, 13.6, 25.5, 18.68, 10.0, 0.0, 32.02, 24.19, 27.29, 41.59, 17.49, 16.64, 14.04, 13.93, 26.58, 17.51, 25.99, 7.52, 25.99], [33.62, 42.52, 24.35, 16.4, 34.83, 32.06, 18.38, 28.23, 21.1, 37.59, 3.0, 47.51, 33.24, 36.36, 16.49, 6.32, 37.64, 13.89, 23.19, 29.43, 10.63, 16.03, 14.76, 6.0, 12.04, 23.02, 49.2, 25.81, 35.23, 31.78, 37.22, 18.03, 30.48, 37.66, 30.41, 42.01, 40.22, 48.1, 11.7, 16.49, 22.83, 32.02, 6.32, 18.11, 30.07, 3.61, 27.17, 35.23, 8.6, 43.38, 52.2, 36.77, 26.93, 32.02, 0.0, 10.77, 5.66, 12.53, 23.09, 45.65, 30.59, 22.2, 5.52, 39.76, 14.12, 30.5, 14.12], [35.13, 40.25, 13.6, 6.71, 33.24, 37.95, 13.04, 21.93, 27.73, 31.83, 12.21, 43.6, 22.56, 31.14, 20.88, 15.62, 30.02, 18.79, 29.97, 33.38, 17.46, 22.83, 17.26, 5.66, 5.39, 19.24, 44.69, 25.5, 41.44, 25.5, 43.32, 8.54, 27.29, 41.11, 20.02, 40.31, 35.47, 45.28, 20.52, 10.0, 12.21, 21.38, 15.62, 8.25, 36.06, 13.89, 18.38, 41.44, 3.16, 37.01, 47.42, 34.0, 22.2, 24.19, 10.77, 0.0, 10.0, 17.46, 12.37, 39.7, 20.1, 18.79, 6.36, 35.92, 17.59, 20.99, 17.59], [28.46, 36.88, 22.47, 16.64, 29.21, 28.64, 13.34, 23.09, 18.03, 32.2, 4.12, 41.87, 30.87, 30.89, 12.0, 6.32, 32.76, 19.42, 20.25, 25.02, 16.28, 13.0, 9.49, 4.47, 13.6, 17.49, 43.6, 20.25, 32.02, 26.57, 33.96, 14.87, 24.84, 33.14, 27.51, 36.4, 34.67, 42.45, 10.63, 12.0, 21.93, 29.55, 6.32, 15.23, 26.68, 6.08, 23.02, 32.02, 9.49, 38.08, 46.62, 31.11, 21.47, 27.29, 5.66, 10.0, 0.0, 18.03, 21.1, 40.25, 27.86, 16.64, 3.81, 34.12, 9.12, 26.73, 9.12], [46.1, 54.82, 29.15, 19.03, 47.2, 43.19, 29.21, 38.83, 32.25, 48.6, 15.23, 59.4, 38.05, 47.63, 28.79, 17.46, 47.41, 1.41, 34.13, 41.48, 3.16, 27.46, 27.29, 16.28, 14.14, 34.66, 60.88, 38.28, 46.04, 42.44, 48.04, 26.0, 42.45, 49.73, 36.5, 54.41, 51.74, 60.31, 22.09, 26.63, 26.0, 37.12, 17.46, 25.63, 41.19, 14.56, 35.85, 46.04, 14.32, 54.08, 63.78, 48.92, 38.29, 41.59, 12.53, 17.46, 18.03, 0.0, 28.28, 56.61, 36.35, 33.94, 16.26, 51.62, 26.61, 38.27, 26.61], [39.05, 39.46, 1.41, 9.49, 34.0, 45.79, 14.87, 18.44, 36.88, 27.31, 24.17, 40.5, 10.2, 27.51, 29.21, 27.29, 22.8, 29.43, 39.05, 39.81, 29.02, 32.53, 25.0, 17.46, 14.14, 20.22, 40.72, 28.86, 49.4, 21.19, 51.11, 7.21, 27.02, 46.49, 8.25, 40.2, 31.95, 43.42, 31.62, 12.53, 4.47, 9.06, 27.29, 6.4, 44.1, 26.0, 11.18, 49.4, 15.13, 31.06, 42.94, 33.24, 21.02, 17.49, 23.09, 12.37, 21.1, 28.28, 0.0, 34.13, 8.06, 20.4, 18.12, 33.59, 25.93, 11.34, 25.93], [28.46, 15.62, 34.48, 41.87, 18.68, 43.17, 27.46, 17.8, 42.01, 8.06, 44.28, 9.85, 32.02, 9.49, 36.5, 44.94, 11.7, 58.01, 43.01, 35.69, 55.76, 41.44, 34.21, 40.5, 44.55, 22.85, 8.06, 25.02, 45.88, 14.21, 46.49, 31.83, 17.12, 36.25, 28.79, 17.8, 7.07, 14.76, 45.35, 30.0, 38.59, 31.32, 44.94, 32.56, 42.76, 46.1, 23.02, 45.88, 42.64, 3.16, 9.22, 14.56, 18.79, 16.64, 45.65, 39.7, 40.25, 56.61, 34.13, 0.0, 29.73, 23.77, 40.65, 10.12, 35.65, 23.51, 35.65], [40.72, 38.05, 7.28, 17.46, 33.96, 49.68, 18.38, 17.46, 41.87, 24.19, 31.32, 37.48, 3.61, 25.02, 34.06, 34.18, 18.03, 37.48, 43.93, 43.01, 37.05, 38.01, 29.83, 24.74, 22.2, 21.95, 37.11, 30.89, 53.26, 19.03, 54.82, 13.0, 26.93, 48.76, 1.0, 39.2, 29.15, 41.11, 38.01, 17.2, 11.18, 2.24, 34.18, 12.65, 48.17, 33.24, 9.49, 53.26, 23.02, 26.57, 38.9, 32.25, 21.19, 14.04, 30.59, 20.1, 27.86, 36.35, 8.06, 29.73, 0.0, 22.47, 25.35, 31.5, 31.0, 6.52, 31.0], [18.68, 21.47, 21.59, 23.54, 14.56, 27.59, 6.08, 8.25, 21.54, 15.81, 20.59, 25.46, 26.08, 14.32, 14.32, 21.19, 18.11, 35.36, 23.26, 20.62, 32.65, 19.24, 11.0, 17.69, 24.17, 1.0, 27.02, 8.54, 31.11, 11.0, 32.56, 14.0, 8.6, 26.4, 21.63, 21.54, 18.03, 26.63, 22.09, 9.22, 24.08, 24.7, 21.19, 15.0, 26.25, 22.36, 13.45, 31.11, 21.1, 21.84, 30.0, 15.26, 5.1, 13.93, 22.2, 18.79, 16.64, 33.94, 20.4, 23.77, 22.47, 0.0, 17.68, 17.68, 12.5, 17.68, 12.5], [31.41, 38.71, 19.46, 12.9, 31.22, 32.38, 13.21, 23.03, 21.83, 32.6, 6.04, 43.13, 28.15, 31.5, 15.57, 9.3, 32.26, 17.68, 24.05, 28.5, 15.12, 16.81, 12.59, 0.71, 9.82, 18.4, 44.64, 22.59, 35.78, 26.62, 37.72, 12.59, 26.2, 36.53, 25.11, 38.43, 35.53, 44.12, 14.16, 11.07, 18.51, 26.88, 9.3, 12.75, 30.44, 7.91, 21.64, 35.78, 5.7, 38.27, 47.57, 32.72, 22.1, 26.58, 5.52, 6.36, 3.81, 16.26, 18.12, 40.65, 25.35, 17.68, 0.0, 35.36, 12.5, 25.0, 12.5], [18.34, 6.96, 34.33, 39.58, 8.63, 33.14, 22.9, 15.18, 32.81, 7.91, 37.9, 7.78, 34.53, 6.52, 28.15, 37.9, 15.51, 53.03, 33.59, 25.74, 50.28, 32.9, 26.62, 35.36, 41.19, 16.99, 9.62, 16.14, 35.78, 12.59, 36.37, 29.3, 9.3, 26.16, 30.5, 8.75, 3.54, 9.82, 37.42, 25.93, 37.98, 33.5, 37.9, 30.21, 32.81, 39.53, 22.77, 35.78, 38.5, 10.7, 12.75, 4.53, 13.73, 17.51, 39.76, 35.92, 34.12, 51.62, 33.59, 10.12, 31.5, 17.68, 35.36, 0.0, 27.95, 25.0, 27.95], [19.5, 29.45, 27.34, 24.19, 21.64, 20.43, 12.97, 20.6, 10.97, 27.95, 11.41, 35.42, 34.44, 26.2, 3.35, 10.26, 30.57, 27.95, 13.12, 16.01, 24.44, 7.16, 1.5, 13.01, 22.14, 13.5, 37.57, 12.42, 23.96, 23.5, 25.81, 18.77, 18.85, 24.05, 30.4, 28.64, 29.26, 35.22, 9.71, 13.83, 28.04, 33.03, 10.26, 19.53, 18.58, 12.5, 23.71, 23.96, 18.06, 34.03, 40.7, 24.27, 17.53, 25.99, 14.12, 17.59, 9.12, 26.61, 25.93, 35.65, 31.0, 12.5, 12.5, 27.95, 0.0, 27.95, 0.0], [35.16, 31.6, 11.34, 20.41, 27.83, 45.26, 14.98, 11.42, 38.43, 17.68, 30.6, 30.99, 9.62, 18.51, 30.7, 32.96, 11.85, 39.53, 40.35, 38.24, 38.45, 35.11, 26.62, 24.51, 24.42, 16.99, 30.7, 25.7, 48.79, 12.59, 50.22, 12.59, 20.89, 43.41, 5.52, 32.81, 22.64, 34.59, 36.06, 14.92, 15.57, 8.51, 32.96, 12.75, 43.89, 32.6, 4.3, 48.79, 24.14, 20.36, 32.6, 25.89, 15.44, 7.52, 30.5, 20.99, 26.73, 38.27, 11.34, 23.51, 6.52, 17.68, 25.0, 25.0, 27.95, 0.0, 27.95], [19.5, 29.45, 27.34, 24.19, 21.64, 20.43, 12.97, 20.6, 10.97, 27.95, 11.41, 35.42, 34.44, 26.2, 3.35, 10.26, 30.57, 27.95, 13.12, 16.01, 24.44, 7.16, 1.5, 13.01, 22.14, 13.5, 37.57, 12.42, 23.96, 23.5, 25.81, 18.77, 18.85, 24.05, 30.4, 28.64, 29.26, 35.22, 9.71, 13.83, 28.04, 33.03, 10.26, 19.53, 18.58, 12.5, 23.71, 23.96, 18.06, 34.03, 40.7, 24.27, 17.53, 25.99, 14.12, 17.59, 9.12, 26.61, 25.93, 35.65, 31.0, 12.5, 12.5, 27.95, 0.0, 27.95, 0.0]]
[20, 20, 20, 20, 20, 20]
5
[[0.0, 735.0], [353.0, 448.0], [213.0, 323.0], [104.0, 145.0], [553.0, 725.0], [0.0, 76.0], [77.0, 187.0], [291.0, 320.0], [7.0, 106.0], [241.0, 339.0], [84.0, 200.0], [271.0, 397.0], [221.0, 315.0], [294.0, 393.0], [30.0, 139.0], [117.0, 213.0], [377.0, 443.0], [447.0, 541.0], [12.0, 62.0], [46.0, 153.0], [435.0, 500.0], [40.0, 79.0], [116.0, 278.0], [162.0, 242.0], [117.0, 187.0], [2.0, 133.0], [366.0, 389.0], [76.0, 150.0], [0.0, 59.0], [130.0, 233.0], [0.0, 40.0], [94.0, 188.0], [324.0, 397.0], [0.0, 61.0], [166.0, 251.0], [266.0, 386.0], [279.0, 404.0], [301.0, 371.0], [396.0, 492.0], [78.0, 147.0], [213.0, 260.0], [239.0, 368.0], [127.0, 180.0], [191.0, 261.0], [0.0, 44.0], [100.0, 161.0], [201.0, 318.0], [494.0, 574.0], [127.0, 228.0], [282.0, 368.0], [262.0, 397.0], [283.0, 390.0], [167.0, 279.0], [212.0, 267.0], [138.0, 161.0], [83.0, 156.0], [76.0, 178.0], [544.0, 663.0], [352.0, 509.0], [275.0, 368.0], [567.0, 587.0], [0.0, 735.0], [0.0, 735.0], [0.0, 735.0], [0.0, 735.0], [0.0, 735.0], [0.0, 735.0]]
[[20.0, 43.0], [35.0, 44.0], [30.0, 4.0], [20.0, 2.0], [29.0, 39.0], [5.0, 44.0], [24.0, 19.0], [33.0, 23.0], [5.0, 33.0], [40.0, 30.0], [7.0, 15.0], [43.0, 43.0], [39.0, 3.0], [38.0, 31.0], [11.0, 28.0], [5.0, 18.0], [43.0, 23.0], [0.0, 0.0], [4.0, 35.0], [12.0, 41.0], [0.0, 4.0], [6.0, 28.0], [14.0, 25.0], [13.0, 12.0], [15.0, 3.0], [26.0, 25.0], [46.0, 42.0], [22.0, 33.0], [3.0, 47.0], [36.0, 25.0], [3.0, 49.0], [25.0, 11.0], [30.0, 32.0], [14.0, 49.0], [37.0, 7.0], [33.0, 45.0], [40.0, 35.0], [40.0, 47.0], [3.0, 23.0], [23.0, 16.0], [27.0, 1.0], [38.0, 4.0], [5.0, 18.0], [25.0, 10.0], [5.0, 42.0], [5.0, 15.0], [34.0, 15.0], [3.0, 47.0], [14.0, 7.0], [46.0, 31.0], [49.0, 43.0], [33.0, 38.0], [30.0, 26.0], [38.0, 20.0], [7.0, 12.0], [17.0, 8.0], [11.0, 16.0], [1.0, 1.0], [29.0, 5.0], [47.0, 34.0], [37.0, 6.0], [25.0, 25.0], [12.5, 12.5], [37.5, 37.5], [12.5, 25.0], [37.5, 12.5], [12.5, 25.0]]
[[0.0, 0.0], [0.0, 0.0], [0.0, 0.0], [0.0, 0.0], [0.0, 0.0], [0.0, 0.0], [0.0, 0.0], [0.0, 0.0], [0.0, 0.0], [0.0, 0.0], [0.0, 0.0], [0.0, 0.0], [0.0, 0.0], [0.0, 0.0], [0.0, 0.0], [0.0, 0.0], [0.0, 0.0], [0.0, 0.0], [0.0, 0.0], [0.0, 0.0], [0.0, 0.0], [0.0, 0.0], [0.0, 0.0], [0.0, 0.0], [0.0, 0.0], [0.0, 0.0], [0.0, 0.0], [0.0, 0.0], [0.0, 0.0], [0.0, 0.0], [0.0, 0.0], [0.0, 0.0], [0.0, 0.0], [0.0, 0.0], [0.0, 0.0], [0.0, 0.0], [0.0, 0.0], [0.0, 0.0], [0.0, 0.0], [0.0, 0.0], [0.0, 0.0], [0.0, 0.0], [0.0, 0.0], [0.0, 0.0], [0.0, 0.0], [0.0, 0.0], [0.0, 0.0], [0.0, 0.0], [0.0, 0.0], [0.0, 0.0], [0.0, 0.0], [0.0, 0.0], [0.0, 0.0], [0.0, 0.0], [0.0, 0.0], [0.0, 0.0], [0.0, 0.0], [0.0, 0.0], [0.0, 0.0], [0.0, 0.0], [0.0, 0.0], [0.0, 0.0], [0.0, 0.0], [0.0, 0.0], [0.0, 0.0], [0.0, 0.0], [0.0, 0.0]]
^demand; service time^
!! n60w100.002    86.83 661
