60
[[0.0, 51.4, 40.31, 43.97, 38.59, 41.0, 43.6, 31.95, 6.0, 44.72, 14.87, 36.12, 20.22, 8.6, 41.63, 30.36, 58.8, 32.06, 48.1, 25.0, 35.01, 46.75, 43.91, 41.88, 33.84, 6.4, 31.14, 21.54, 36.06, 27.02, 37.12, 38.01, 55.0, 21.38, 38.21, 28.86, 47.43, 17.49, 39.05, 39.32, 21.1, 34.41, 40.45, 23.09, 38.01, 17.49, 33.96, 34.0, 8.94, 11.18, 34.71, 6.71, 7.07, 41.77, 35.51, 45.22, 9.22, 42.0, 26.25, 49.41, 33.97, 25.61, 8.28, 43.23, 17.67, 32.69, 17.67], [51.4, 0.0, 13.15, 30.08, 21.1, 22.02, 7.81, 22.83, 48.02, 22.85, 49.04, 38.33, 45.35, 51.88, 14.32, 25.06, 13.15, 34.21, 8.94, 26.4, 32.56, 10.77, 20.25, 18.44, 21.93, 51.97, 44.0, 50.22, 29.15, 40.2, 24.08, 42.58, 15.26, 46.1, 15.3, 48.09, 29.53, 34.06, 32.76, 46.69, 38.59, 21.21, 25.02, 48.84, 13.45, 52.5, 24.35, 31.78, 43.57, 40.46, 17.0, 50.61, 56.6, 23.0, 22.02, 16.16, 44.78, 42.45, 49.37, 2.24, 17.89, 27.31, 44.25, 12.59, 34.31, 37.53, 34.31], [40.31, 13.15, 0.0, 19.85, 8.94, 23.32, 7.62, 18.11, 36.24, 13.6, 36.25, 25.96, 32.28, 39.66, 15.62, 20.02, 18.6, 31.26, 7.81, 16.12, 30.81, 6.71, 10.82, 7.81, 18.44, 40.0, 31.06, 37.11, 16.76, 27.07, 11.7, 30.36, 15.81, 32.98, 2.24, 35.01, 20.62, 23.85, 21.02, 34.48, 31.78, 8.06, 25.94, 35.69, 7.62, 39.56, 21.59, 29.61, 31.89, 30.0, 6.32, 38.6, 44.82, 24.7, 9.06, 8.25, 32.8, 30.87, 36.22, 12.0, 6.71, 15.0, 32.6, 3.54, 24.62, 24.75, 24.62], [43.97, 30.08, 19.85, 0.0, 11.4, 42.64, 27.2, 35.36, 38.28, 7.28, 33.29, 11.66, 27.2, 39.36, 35.36, 36.67, 26.08, 47.93, 21.19, 27.89, 48.3, 19.31, 9.85, 12.21, 36.36, 40.72, 19.42, 30.41, 8.06, 19.21, 9.85, 14.56, 20.1, 27.02, 19.1, 24.41, 3.61, 33.06, 5.66, 18.25, 44.72, 15.65, 45.0, 28.28, 26.91, 34.83, 39.45, 46.96, 35.17, 37.12, 23.02, 39.4, 45.62, 44.05, 13.42, 13.93, 34.79, 13.0, 27.02, 29.97, 22.47, 22.2, 35.78, 18.18, 34.63, 13.44, 34.63], [38.59, 21.1, 8.94, 11.4, 0.0, 31.24, 16.55, 24.17, 33.6, 7.0, 31.4, 17.26, 26.42, 36.07, 24.08, 25.63, 21.95, 37.0, 13.15, 18.0, 37.16, 11.18, 5.39, 3.61, 25.06, 36.88, 23.09, 30.87, 8.06, 19.92, 3.0, 21.59, 17.03, 26.83, 7.81, 27.46, 13.0, 24.52, 12.08, 25.71, 35.01, 5.0, 33.6, 29.15, 15.56, 34.13, 28.18, 35.85, 29.68, 29.73, 11.66, 35.47, 41.87, 32.65, 3.16, 7.21, 30.0, 21.93, 29.12, 20.4, 11.18, 13.6, 30.37, 8.51, 25.81, 16.51, 25.81], [41.0, 22.02, 23.32, 42.64, 31.24, 0.0, 17.72, 10.2, 40.11, 36.89, 45.28, 45.8, 44.38, 45.04, 8.25, 11.0, 35.01, 13.6, 26.93, 20.88, 11.18, 27.51, 34.13, 31.06, 8.25, 44.18, 48.3, 49.24, 37.54, 42.95, 33.24, 50.22, 35.69, 45.61, 23.6, 50.7, 43.83, 25.0, 42.45, 54.08, 21.95, 27.59, 3.0, 48.76, 15.81, 49.37, 7.07, 10.82, 36.01, 30.27, 19.8, 43.1, 47.68, 1.41, 29.7, 31.3, 38.0, 51.86, 50.6, 20.0, 20.52, 26.4, 36.53, 26.16, 24.05, 43.41, 24.05], [43.6, 7.81, 7.62, 27.2, 16.55, 17.72, 0.0, 15.81, 40.31, 20.52, 41.76, 33.53, 38.47, 44.28, 9.49, 18.03, 18.44, 28.16, 9.22, 18.6, 27.0, 9.85, 17.69, 15.0, 15.3, 44.29, 38.33, 43.42, 24.35, 34.01, 19.31, 37.95, 18.11, 39.32, 9.22, 42.05, 27.59, 26.25, 28.64, 42.06, 31.3, 15.13, 20.62, 42.19, 5.66, 45.35, 18.11, 26.02, 35.85, 32.65, 9.49, 42.94, 48.88, 18.97, 16.49, 14.21, 37.12, 38.48, 43.01, 5.83, 10.44, 19.92, 36.53, 9.19, 26.52, 32.16, 26.52], [31.95, 22.83, 18.11, 35.36, 24.17, 10.2, 15.81, 0.0, 30.41, 30.68, 35.13, 36.8, 34.21, 35.23, 10.0, 2.24, 34.21, 13.15, 24.19, 10.77, 13.0, 24.02, 28.16, 25.0, 2.0, 34.53, 38.59, 39.05, 29.21, 33.12, 25.55, 41.11, 33.14, 35.44, 17.46, 40.72, 37.16, 15.13, 34.21, 44.82, 15.81, 19.72, 11.18, 38.6, 11.05, 39.2, 4.24, 11.7, 26.17, 20.88, 12.65, 33.38, 38.33, 11.4, 21.95, 26.31, 28.07, 43.14, 40.5, 20.59, 13.0, 16.64, 26.73, 21.55, 14.43, 34.12, 14.43], [6.0, 48.02, 36.24, 38.28, 33.6, 40.11, 40.31, 30.41, 0.0, 39.45, 9.43, 30.15, 14.32, 5.1, 39.56, 29.15, 54.45, 32.98, 43.93, 21.93, 35.69, 42.45, 38.83, 37.01, 32.39, 4.12, 25.18, 16.12, 30.46, 21.02, 31.91, 32.02, 50.33, 15.52, 34.06, 23.09, 41.79, 15.3, 33.24, 33.38, 22.47, 29.73, 40.0, 17.46, 34.89, 12.73, 33.06, 34.53, 4.47, 10.05, 31.06, 3.0, 8.6, 41.05, 30.61, 40.46, 3.61, 36.0, 20.62, 46.14, 30.23, 21.26, 3.81, 38.92, 16.07, 26.73, 16.07], [44.72, 22.85, 13.6, 7.28, 7.0, 36.89, 20.52, 30.68, 39.45, 0.0, 36.07, 17.46, 30.48, 41.4, 29.21, 32.28, 19.42, 43.68, 13.93, 25.0, 43.66, 12.08, 2.83, 5.83, 31.38, 42.44, 24.7, 34.41, 10.0, 23.02, 7.62, 21.1, 13.6, 30.61, 13.42, 29.55, 7.07, 31.4, 11.18, 25.02, 42.01, 12.0, 39.45, 32.45, 21.1, 38.29, 34.54, 42.38, 35.78, 36.4, 18.03, 41.05, 47.43, 38.28, 10.05, 6.71, 35.85, 20.1, 31.76, 22.83, 17.72, 20.4, 36.45, 11.34, 32.75, 18.12, 32.75], [14.87, 49.04, 36.25, 33.29, 31.4, 45.28, 41.76, 35.13, 9.43, 36.07, 0.0, 23.41, 6.32, 7.0, 43.1, 34.37, 53.25, 40.31, 43.42, 25.02, 42.72, 41.68, 36.12, 35.0, 37.12, 9.06, 17.12, 6.71, 26.25, 14.32, 29.07, 24.33, 48.41, 7.07, 34.01, 14.14, 36.89, 20.62, 27.78, 25.0, 30.53, 28.65, 45.71, 8.25, 36.88, 4.12, 38.47, 41.44, 10.82, 17.49, 32.28, 8.25, 13.15, 46.39, 28.84, 38.6, 8.6, 28.44, 11.4, 47.43, 31.32, 21.84, 10.7, 38.27, 21.98, 20.36, 21.98], [36.12, 38.33, 25.96, 11.66, 17.26, 45.8, 33.53, 36.8, 30.15, 17.46, 23.41, 0.0, 17.09, 30.08, 39.82, 37.48, 36.88, 47.8, 30.02, 27.02, 48.92, 28.02, 19.1, 20.02, 38.29, 31.78, 7.81, 19.42, 9.22, 9.22, 14.32, 4.47, 31.05, 16.55, 24.35, 12.81, 15.0, 29.55, 6.32, 8.54, 42.05, 18.79, 47.63, 17.2, 31.3, 24.19, 41.04, 47.51, 28.02, 31.78, 26.42, 30.59, 36.4, 47.2, 17.09, 23.02, 27.02, 6.71, 15.56, 37.66, 25.55, 20.62, 28.5, 25.74, 31.32, 3.54, 31.32], [20.22, 45.35, 32.28, 27.2, 26.42, 44.38, 38.47, 34.21, 14.32, 30.48, 6.32, 17.09, 0.0, 13.15, 41.11, 33.84, 48.37, 41.34, 39.0, 23.54, 43.42, 37.16, 30.81, 30.02, 36.14, 15.03, 11.0, 5.0, 20.52, 8.06, 23.85, 18.11, 43.27, 1.41, 30.08, 8.94, 30.81, 21.1, 21.63, 19.1, 32.56, 24.35, 45.22, 4.47, 34.06, 7.81, 37.95, 42.06, 13.89, 19.85, 29.15, 14.0, 19.42, 45.61, 24.17, 33.62, 12.08, 22.2, 7.07, 43.93, 28.16, 19.0, 14.09, 33.89, 22.74, 14.09, 22.74], [8.6, 51.88, 39.66, 39.36, 36.07, 45.04, 44.28, 35.23, 5.1, 41.4, 7.0, 30.08, 13.15, 0.0, 44.15, 34.06, 57.49, 38.08, 47.2, 26.25, 40.79, 45.61, 41.11, 39.6, 37.22, 2.24, 24.08, 13.34, 31.91, 20.88, 34.06, 31.26, 53.04, 14.04, 37.44, 21.1, 42.94, 20.1, 34.01, 32.0, 27.51, 32.65, 45.01, 15.13, 39.0, 8.94, 38.01, 39.62, 9.06, 15.13, 34.89, 2.24, 6.32, 46.01, 33.24, 43.14, 7.28, 35.36, 18.25, 50.09, 34.0, 24.7, 8.51, 42.1, 21.01, 26.88, 21.01], [41.63, 14.32, 15.62, 35.36, 24.08, 8.25, 9.49, 10.0, 39.56, 29.21, 43.1, 39.82, 41.11, 44.15, 0.0, 12.04, 27.02, 19.92, 18.68, 18.11, 18.25, 19.31, 26.4, 23.43, 8.49, 43.68, 43.32, 46.1, 31.06, 38.33, 26.4, 44.29, 27.46, 42.19, 16.28, 46.32, 36.24, 24.35, 35.81, 48.3, 25.5, 21.1, 11.18, 45.28, 8.6, 47.04, 10.3, 17.46, 35.17, 30.46, 13.42, 42.45, 47.76, 9.49, 23.02, 23.32, 36.88, 45.49, 46.69, 12.17, 14.32, 22.2, 35.78, 18.18, 23.96, 37.82, 23.96], [30.36, 25.06, 20.02, 36.67, 25.63, 11.0, 18.03, 2.24, 29.15, 32.28, 34.37, 37.48, 33.84, 34.06, 12.04, 0.0, 36.4, 11.4, 26.31, 10.82, 11.66, 26.08, 29.83, 26.68, 3.61, 33.24, 38.83, 38.6, 30.23, 33.29, 26.83, 41.73, 35.23, 35.11, 19.24, 40.71, 38.63, 14.0, 35.23, 45.34, 13.6, 21.02, 11.4, 38.28, 13.15, 38.47, 4.12, 10.3, 25.02, 19.42, 14.32, 32.14, 36.88, 12.04, 23.26, 28.16, 27.0, 43.93, 40.31, 22.83, 14.56, 17.03, 25.54, 23.51, 13.09, 34.68, 13.09], [58.8, 13.15, 18.6, 26.08, 21.95, 35.01, 18.44, 34.21, 54.45, 19.42, 53.25, 36.88, 48.37, 57.49, 27.02, 36.4, 0.0, 46.53, 10.82, 34.67, 45.18, 12.04, 18.03, 18.36, 33.73, 58.05, 43.97, 52.77, 28.79, 41.63, 24.6, 40.45, 6.0, 48.76, 20.62, 48.7, 24.02, 42.44, 30.59, 44.28, 49.4, 24.84, 38.01, 50.99, 23.41, 56.08, 36.5, 44.28, 50.21, 48.6, 24.7, 56.64, 62.97, 36.06, 24.41, 14.76, 50.93, 39.05, 50.7, 15.03, 25.24, 33.24, 50.92, 15.57, 43.14, 37.32, 43.14], [32.06, 34.21, 31.26, 47.93, 37.0, 13.6, 28.16, 13.15, 32.98, 43.68, 40.31, 47.8, 41.34, 38.08, 19.92, 11.4, 46.53, 0.0, 37.01, 20.81, 3.16, 37.01, 41.23, 38.08, 13.0, 36.67, 48.1, 45.65, 41.18, 42.45, 38.08, 51.86, 46.01, 42.72, 30.59, 49.2, 49.98, 20.25, 46.14, 55.23, 11.0, 32.31, 11.31, 45.79, 24.02, 44.38, 10.05, 2.83, 29.73, 23.09, 25.71, 35.9, 39.12, 13.45, 34.54, 39.46, 31.95, 54.41, 48.26, 32.02, 25.96, 27.2, 30.04, 34.68, 18.61, 44.75, 18.61], [48.1, 8.94, 7.81, 21.19, 13.15, 26.93, 9.22, 24.19, 43.93, 13.93, 43.42, 30.02, 39.0, 47.2, 18.68, 26.31, 10.82, 37.01, 0.0, 23.85, 36.06, 2.0, 11.4, 10.0, 24.02, 47.63, 36.22, 43.66, 21.02, 32.98, 16.12, 34.13, 9.0, 39.56, 9.9, 40.61, 20.59, 31.62, 24.19, 38.21, 38.9, 14.76, 29.83, 42.06, 13.15, 46.52, 27.0, 35.01, 39.62, 37.8, 13.89, 46.23, 52.5, 28.16, 14.87, 7.28, 40.46, 33.73, 42.2, 9.22, 14.42, 22.67, 40.33, 5.15, 32.33, 29.61, 32.33], [25.0, 26.4, 16.12, 27.89, 18.0, 20.88, 18.6, 10.77, 21.93, 25.0, 25.02, 27.02, 23.54, 26.25, 18.11, 10.82, 34.67, 20.81, 23.85, 0.0, 21.93, 22.83, 23.09, 20.22, 12.65, 26.0, 28.02, 28.44, 20.62, 22.47, 18.25, 31.14, 31.78, 24.74, 14.32, 29.97, 30.41, 7.81, 25.5, 34.66, 17.03, 13.0, 21.93, 27.89, 13.04, 29.0, 14.76, 20.52, 17.46, 14.14, 10.0, 24.7, 30.41, 22.14, 15.03, 22.8, 18.97, 33.6, 29.73, 24.41, 9.43, 6.4, 18.12, 19.46, 8.5, 24.05, 8.5], [35.01, 32.56, 30.81, 48.3, 37.16, 11.18, 27.0, 13.0, 35.69, 43.66, 42.72, 48.92, 43.42, 40.79, 18.25, 11.66, 45.18, 3.16, 36.06, 21.93, 0.0, 36.22, 41.11, 37.95, 12.37, 39.46, 49.68, 47.85, 41.88, 44.05, 38.47, 53.08, 45.04, 44.78, 30.36, 51.04, 50.16, 22.36, 46.87, 56.57, 14.04, 32.65, 8.6, 47.89, 23.35, 46.82, 9.22, 1.41, 32.28, 25.71, 25.63, 38.64, 42.05, 10.82, 34.89, 39.05, 34.48, 55.44, 50.25, 30.41, 26.0, 28.32, 32.63, 34.12, 20.81, 45.98, 20.81], [46.75, 10.77, 6.71, 19.31, 11.18, 27.51, 9.85, 24.02, 42.45, 12.08, 41.68, 28.02, 37.16, 45.61, 19.31, 26.08, 12.04, 37.01, 2.0, 22.83, 36.22, 0.0, 9.49, 8.0, 24.02, 46.1, 34.23, 41.79, 19.03, 31.05, 14.14, 32.14, 9.22, 37.7, 8.6, 38.64, 18.87, 30.53, 22.2, 36.22, 38.33, 13.04, 30.36, 40.16, 13.0, 44.72, 27.07, 35.13, 38.18, 36.62, 13.0, 44.69, 50.99, 28.79, 13.0, 5.39, 38.95, 31.78, 40.26, 10.82, 13.42, 21.21, 38.89, 3.54, 31.32, 27.61, 31.32], [43.91, 20.25, 10.82, 9.85, 5.39, 34.13, 17.69, 28.16, 38.83, 2.83, 36.12, 19.1, 30.81, 41.11, 26.4, 29.83, 18.03, 41.23, 11.4, 23.09, 41.11, 9.49, 0.0, 3.16, 28.79, 42.01, 25.96, 34.99, 10.77, 23.71, 7.07, 23.0, 12.53, 31.06, 10.77, 30.68, 9.9, 29.83, 13.0, 27.02, 40.01, 10.2, 36.72, 33.12, 18.36, 38.6, 31.95, 39.85, 34.99, 35.11, 15.52, 40.61, 47.01, 35.51, 8.54, 4.12, 35.23, 22.36, 32.7, 20.12, 15.3, 18.97, 35.67, 8.51, 31.08, 19.3, 31.08], [41.88, 18.44, 7.81, 12.21, 3.61, 31.06, 15.0, 25.0, 37.01, 5.83, 35.0, 20.02, 30.02, 39.6, 23.43, 26.68, 18.36, 38.08, 10.0, 20.22, 37.95, 8.0, 3.16, 0.0, 25.63, 40.36, 26.31, 34.44, 11.05, 23.41, 6.32, 24.19, 13.45, 30.41, 7.62, 30.81, 12.81, 27.2, 14.32, 28.28, 37.05, 7.62, 33.62, 32.7, 15.26, 37.74, 28.79, 36.69, 33.02, 32.7, 12.37, 38.95, 45.34, 32.45, 6.4, 3.61, 33.42, 24.04, 32.57, 18.03, 12.17, 16.55, 33.71, 6.04, 28.38, 19.66, 28.38], [33.84, 21.93, 18.44, 36.36, 25.06, 8.25, 15.3, 2.0, 32.39, 31.38, 37.12, 38.29, 36.14, 37.22, 8.49, 3.61, 33.73, 13.0, 24.02, 12.65, 12.37, 24.02, 28.79, 25.63, 0.0, 36.5, 40.31, 41.0, 30.48, 34.89, 26.63, 42.64, 33.02, 37.36, 18.03, 42.54, 38.01, 17.12, 35.47, 46.4, 17.03, 20.81, 9.43, 40.52, 11.05, 41.19, 3.16, 11.18, 28.16, 22.8, 13.42, 35.36, 40.26, 9.49, 23.02, 26.68, 30.07, 44.55, 42.38, 19.7, 13.89, 18.36, 28.71, 21.78, 16.38, 35.7, 16.38], [6.4, 51.97, 40.0, 40.72, 36.88, 44.18, 44.29, 34.53, 4.12, 42.44, 9.06, 31.78, 15.03, 2.24, 43.68, 33.24, 58.05, 36.67, 47.63, 26.0, 39.46, 46.1, 42.01, 40.36, 36.5, 0.0, 26.02, 15.52, 33.12, 22.56, 35.0, 33.14, 53.76, 16.0, 37.8, 23.19, 44.28, 19.42, 35.47, 34.01, 25.96, 33.24, 44.01, 17.26, 38.91, 11.18, 37.12, 38.33, 8.54, 14.0, 34.99, 1.41, 5.0, 45.1, 33.97, 43.86, 7.21, 37.22, 20.4, 50.12, 34.13, 25.0, 7.91, 42.57, 20.16, 28.5, 20.16], [31.14, 44.0, 31.06, 19.42, 23.09, 48.3, 38.33, 38.59, 25.18, 24.7, 17.12, 7.81, 11.0, 24.08, 43.32, 38.83, 43.97, 48.1, 36.22, 28.02, 49.68, 34.23, 25.96, 26.31, 40.31, 26.02, 0.0, 12.08, 15.3, 5.66, 20.1, 7.28, 38.28, 10.05, 29.15, 5.0, 22.8, 28.43, 13.89, 8.25, 40.8, 23.19, 49.74, 9.85, 35.17, 17.09, 42.72, 48.27, 24.04, 29.07, 30.08, 25.0, 30.27, 49.65, 22.02, 29.61, 22.56, 11.4, 7.81, 43.05, 29.12, 21.95, 24.38, 31.54, 30.22, 6.67, 30.22], [21.54, 50.22, 37.11, 30.41, 30.87, 49.24, 43.42, 39.05, 16.12, 34.41, 6.71, 19.42, 5.0, 13.34, 46.1, 38.6, 52.77, 45.65, 43.66, 28.44, 47.85, 41.79, 34.99, 34.44, 41.0, 15.52, 12.08, 0.0, 24.41, 11.4, 28.18, 19.31, 47.51, 4.12, 34.93, 8.06, 33.97, 25.5, 24.76, 19.24, 36.4, 29.12, 50.0, 2.24, 39.05, 5.1, 42.72, 46.52, 16.97, 23.43, 34.13, 14.87, 19.03, 50.45, 28.79, 38.01, 14.87, 23.41, 5.0, 48.84, 33.14, 24.0, 16.99, 38.58, 27.06, 16.99, 27.06], [36.06, 29.15, 16.76, 8.06, 8.06, 37.54, 24.35, 29.21, 30.46, 10.0, 26.25, 9.22, 20.52, 31.91, 31.06, 30.23, 28.79, 41.18, 21.02, 20.62, 41.88, 19.03, 10.77, 11.05, 30.48, 33.12, 15.3, 24.41, 0.0, 13.04, 5.1, 13.6, 23.26, 20.62, 15.23, 19.92, 11.4, 25.18, 5.0, 17.72, 37.11, 10.0, 39.6, 22.47, 22.47, 28.32, 33.42, 40.5, 27.2, 29.07, 17.8, 31.76, 38.08, 38.95, 8.06, 14.32, 26.93, 14.42, 21.93, 28.44, 17.03, 14.56, 27.83, 16.57, 26.8, 8.63, 26.8], [27.02, 40.2, 27.07, 19.21, 19.92, 42.95, 34.01, 33.12, 21.02, 23.02, 14.32, 9.22, 8.06, 20.88, 38.33, 33.29, 41.63, 42.45, 32.98, 22.47, 44.05, 31.05, 23.71, 23.41, 34.89, 22.56, 5.66, 11.4, 13.04, 0.0, 17.09, 11.18, 36.24, 7.81, 25.02, 8.06, 22.8, 22.8, 13.6, 13.42, 35.23, 19.03, 44.29, 9.43, 30.41, 15.62, 37.22, 42.64, 19.24, 23.77, 25.32, 21.38, 27.2, 44.28, 18.25, 26.93, 18.03, 15.03, 9.22, 39.05, 24.33, 16.55, 19.66, 28.04, 24.6, 6.04, 24.6], [37.12, 24.08, 11.7, 9.85, 3.0, 33.24, 19.31, 25.55, 31.91, 7.62, 29.07, 14.32, 23.85, 34.06, 26.4, 26.83, 24.6, 38.08, 16.12, 18.25, 38.47, 14.14, 7.07, 6.32, 26.63, 35.0, 20.1, 28.18, 5.1, 17.09, 0.0, 18.68, 19.42, 24.19, 10.3, 24.52, 12.17, 24.08, 9.43, 22.8, 35.23, 5.83, 35.47, 26.4, 17.8, 31.62, 29.68, 37.12, 28.18, 28.86, 13.45, 33.6, 40.0, 34.66, 3.61, 9.85, 28.3, 19.24, 26.25, 23.35, 12.81, 13.04, 28.85, 11.51, 25.52, 13.51, 25.52], [38.01, 42.58, 30.36, 14.56, 21.59, 50.22, 37.95, 41.11, 32.02, 21.1, 24.33, 4.47, 18.11, 31.26, 44.29, 41.73, 40.45, 51.86, 34.13, 31.14, 53.08, 32.14, 23.0, 24.19, 42.64, 33.14, 7.28, 19.31, 13.6, 11.18, 18.68, 0.0, 34.53, 17.26, 28.79, 11.66, 17.46, 33.12, 10.0, 4.12, 45.65, 23.26, 52.01, 17.09, 35.78, 24.35, 45.34, 51.66, 30.41, 34.79, 30.89, 32.06, 37.48, 51.61, 21.54, 27.02, 29.15, 4.12, 14.76, 41.98, 30.02, 24.76, 30.83, 30.01, 34.92, 7.11, 34.92], [55.0, 15.26, 15.81, 20.1, 17.03, 35.69, 18.11, 33.14, 50.33, 13.6, 48.41, 31.05, 43.27, 53.04, 27.46, 35.23, 6.0, 46.01, 9.0, 31.78, 45.04, 9.22, 12.53, 13.45, 33.02, 53.76, 38.28, 47.51, 23.26, 36.24, 19.42, 34.53, 0.0, 43.57, 17.46, 43.08, 18.03, 39.36, 24.74, 38.33, 47.54, 20.62, 38.64, 45.65, 22.09, 51.04, 36.0, 44.01, 46.23, 45.28, 22.14, 52.35, 58.73, 36.88, 19.8, 9.9, 46.75, 33.06, 45.19, 16.55, 22.47, 29.41, 46.93, 12.35, 40.26, 31.66, 40.26], [21.38, 46.1, 32.98, 27.02, 26.83, 45.61, 39.32, 35.44, 15.52, 30.61, 7.07, 16.55, 1.41, 14.04, 42.19, 35.11, 48.76, 42.72, 39.56, 24.74, 44.78, 37.7, 31.06, 30.41, 37.36, 16.0, 10.05, 4.12, 20.62, 7.81, 24.19, 17.26, 43.57, 0.0, 30.81, 7.62, 30.61, 22.47, 21.4, 18.03, 33.97, 25.0, 46.49, 3.16, 35.01, 7.81, 39.22, 43.42, 15.26, 21.26, 30.07, 15.03, 20.22, 46.84, 24.7, 34.0, 13.42, 21.38, 5.66, 44.72, 29.07, 20.02, 15.44, 34.47, 24.13, 13.73, 24.13], [38.21, 15.3, 2.24, 19.1, 7.81, 23.6, 9.22, 17.46, 34.06, 13.42, 34.01, 24.35, 30.08, 37.44, 16.28, 19.24, 20.62, 30.59, 9.9, 14.32, 30.36, 8.6, 10.77, 7.62, 18.03, 37.8, 29.15, 34.93, 15.23, 25.02, 10.3, 28.79, 17.46, 30.81, 0.0, 33.0, 20.25, 21.95, 19.72, 32.89, 30.41, 6.0, 26.08, 33.54, 7.81, 37.34, 21.19, 29.12, 29.73, 28.02, 5.0, 36.4, 42.64, 25.0, 7.28, 9.0, 30.61, 29.53, 34.13, 14.04, 5.1, 12.81, 30.44, 5.15, 22.81, 22.95, 22.81], [28.86, 48.09, 35.01, 24.41, 27.46, 50.7, 42.05, 40.72, 23.09, 29.55, 14.14, 12.81, 8.94, 21.1, 46.32, 40.71, 48.7, 49.2, 40.61, 29.97, 51.04, 38.64, 30.68, 30.81, 42.54, 23.19, 5.0, 8.06, 19.92, 8.06, 24.52, 11.66, 43.08, 7.62, 33.0, 0.0, 27.8, 29.07, 18.87, 11.18, 41.04, 27.0, 51.89, 6.0, 38.47, 13.15, 44.72, 49.65, 22.83, 28.6, 33.38, 22.36, 27.0, 52.0, 26.08, 34.21, 21.02, 15.65, 3.16, 47.01, 32.39, 24.35, 23.03, 35.78, 30.81, 11.42, 30.81], [47.43, 29.53, 20.62, 3.61, 13.0, 43.83, 27.59, 37.16, 41.79, 7.07, 36.89, 15.0, 30.81, 42.94, 36.24, 38.63, 24.02, 49.98, 20.59, 30.41, 50.16, 18.87, 9.9, 12.81, 38.01, 44.28, 22.8, 33.97, 11.4, 22.8, 12.17, 17.46, 18.03, 30.61, 20.25, 27.8, 0.0, 36.0, 9.22, 20.88, 47.38, 17.72, 46.32, 31.83, 28.02, 38.42, 41.15, 48.85, 38.6, 40.31, 24.6, 42.95, 49.19, 45.22, 15.52, 13.6, 38.28, 15.3, 30.48, 29.68, 24.17, 25.02, 39.22, 18.4, 37.51, 16.99, 37.51], [17.49, 34.06, 23.85, 33.06, 24.52, 25.0, 26.25, 15.13, 15.3, 31.4, 20.62, 29.55, 21.1, 20.1, 24.35, 14.0, 42.44, 20.25, 31.62, 7.81, 22.36, 30.53, 29.83, 27.2, 17.12, 19.42, 28.43, 25.5, 25.18, 22.8, 24.08, 33.12, 39.36, 22.47, 21.95, 29.07, 36.0, 0.0, 29.61, 36.06, 12.53, 19.65, 25.18, 25.55, 20.62, 24.74, 18.03, 21.02, 11.05, 6.4, 17.8, 18.25, 23.41, 26.02, 21.38, 30.08, 13.0, 36.25, 28.02, 32.02, 17.2, 11.05, 11.6, 27.1, 1.8, 26.16, 1.8], [39.05, 32.76, 21.02, 5.66, 12.08, 42.45, 28.64, 34.21, 33.24, 11.18, 27.78, 6.32, 21.63, 34.01, 35.81, 35.23, 30.59, 46.14, 24.19, 25.5, 46.87, 22.2, 13.0, 14.32, 35.47, 35.47, 13.89, 24.76, 5.0, 13.6, 9.43, 10.0, 24.74, 21.4, 19.72, 18.87, 9.22, 29.61, 0.0, 14.04, 41.76, 14.87, 44.55, 22.63, 27.2, 29.21, 38.42, 45.49, 30.41, 33.02, 22.67, 34.18, 40.31, 43.86, 12.81, 17.03, 29.83, 9.85, 21.4, 32.28, 21.93, 19.31, 30.99, 20.26, 31.29, 7.78, 31.29], [39.32, 46.69, 34.48, 18.25, 25.71, 54.08, 42.06, 44.82, 33.38, 25.02, 25.0, 8.54, 19.1, 32.0, 48.3, 45.34, 44.28, 55.23, 38.21, 34.66, 56.57, 36.22, 27.02, 28.28, 46.4, 34.01, 8.25, 19.24, 17.72, 13.42, 22.8, 4.12, 38.33, 18.03, 32.89, 11.18, 20.88, 36.06, 14.04, 0.0, 48.55, 27.31, 55.8, 17.12, 39.81, 24.33, 49.04, 55.15, 32.28, 37.16, 34.89, 33.06, 38.05, 55.47, 25.63, 31.06, 30.81, 5.83, 14.32, 46.1, 34.0, 28.32, 32.63, 34.12, 37.86, 10.7, 37.86], [21.1, 38.59, 31.78, 44.72, 35.01, 21.95, 31.3, 15.81, 22.47, 42.01, 30.53, 42.05, 32.56, 27.51, 25.5, 13.6, 49.4, 11.0, 38.9, 17.03, 14.04, 38.33, 40.01, 37.05, 17.03, 25.96, 40.8, 36.4, 37.11, 35.23, 35.23, 45.65, 47.54, 33.97, 30.41, 41.04, 47.38, 12.53, 41.76, 48.55, 0.0, 30.02, 20.62, 36.88, 26.0, 34.48, 15.62, 13.15, 19.72, 13.04, 25.5, 25.3, 28.16, 22.36, 32.06, 39.32, 21.95, 48.75, 39.62, 36.36, 25.32, 22.56, 19.91, 35.31, 10.74, 38.68, 10.74], [34.41, 21.21, 8.06, 15.65, 5.0, 27.59, 15.13, 19.72, 29.73, 12.0, 28.65, 18.79, 24.35, 32.65, 21.1, 21.02, 24.84, 32.31, 14.76, 13.0, 32.65, 13.04, 10.2, 7.62, 20.81, 33.24, 23.19, 29.12, 10.0, 19.03, 5.83, 23.26, 20.62, 25.0, 6.0, 27.0, 17.72, 19.65, 14.87, 27.31, 30.02, 0.0, 29.73, 27.66, 12.53, 31.78, 23.85, 31.3, 25.61, 25.08, 7.81, 31.83, 38.18, 29.0, 2.24, 10.82, 26.17, 24.41, 28.16, 20.02, 7.07, 8.94, 26.32, 9.62, 20.89, 17.1, 20.89], [40.45, 25.02, 25.94, 45.0, 33.6, 3.0, 20.62, 11.18, 40.0, 39.45, 45.71, 47.63, 45.22, 45.01, 11.18, 11.4, 38.01, 11.31, 29.83, 21.93, 8.6, 30.36, 36.72, 33.62, 9.43, 44.01, 49.74, 50.0, 39.6, 44.29, 35.47, 52.01, 38.64, 46.49, 26.08, 51.89, 46.32, 25.18, 44.55, 55.8, 20.62, 29.73, 0.0, 49.65, 18.36, 49.82, 7.28, 8.49, 36.06, 30.02, 22.02, 43.0, 47.27, 2.24, 31.89, 34.01, 38.12, 53.81, 51.62, 23.0, 22.67, 27.78, 36.53, 28.89, 24.05, 45.11, 24.05], [23.09, 48.84, 35.69, 28.28, 29.15, 48.76, 42.19, 38.6, 17.46, 32.45, 8.25, 17.2, 4.47, 15.13, 45.28, 38.28, 50.99, 45.79, 42.06, 27.89, 47.89, 40.16, 33.12, 32.7, 40.52, 17.26, 9.85, 2.24, 22.47, 9.43, 26.4, 17.09, 45.65, 3.16, 33.54, 6.0, 31.83, 25.55, 22.63, 17.12, 36.88, 27.66, 49.65, 0.0, 38.0, 7.28, 42.38, 46.53, 17.8, 24.04, 33.02, 16.49, 21.0, 50.0, 27.2, 36.25, 15.81, 21.19, 3.16, 47.52, 32.02, 23.09, 17.9, 37.02, 27.19, 14.85, 27.19], [38.01, 13.45, 7.62, 26.91, 15.56, 15.81, 5.66, 11.05, 34.89, 21.1, 36.88, 31.3, 34.06, 39.0, 8.6, 13.15, 23.41, 24.02, 13.15, 13.04, 23.35, 13.0, 18.36, 15.26, 11.05, 38.91, 35.17, 39.05, 22.47, 30.41, 17.8, 35.78, 22.09, 35.01, 7.81, 38.47, 28.02, 20.62, 27.2, 39.81, 26.0, 12.53, 18.36, 38.0, 0.0, 40.61, 14.14, 22.2, 30.41, 27.02, 5.1, 37.58, 43.42, 17.2, 14.42, 15.81, 31.78, 36.89, 39.12, 11.4, 6.08, 15.13, 31.09, 10.79, 20.86, 29.44, 20.86], [17.49, 52.5, 39.56, 34.83, 34.13, 49.37, 45.35, 39.2, 12.73, 38.29, 4.12, 24.19, 7.81, 8.94, 47.04, 38.47, 56.08, 44.38, 46.52, 29.0, 46.82, 44.72, 38.6, 37.74, 41.19, 11.18, 17.09, 5.1, 28.32, 15.62, 31.62, 24.35, 51.04, 7.81, 37.34, 13.15, 38.42, 24.74, 29.21, 24.33, 34.48, 31.78, 49.82, 7.28, 40.61, 0.0, 42.58, 45.54, 14.76, 21.47, 35.9, 10.82, 14.14, 50.49, 31.76, 41.34, 12.53, 28.46, 10.05, 50.96, 34.93, 25.5, 14.58, 41.38, 26.1, 21.51, 26.1], [33.96, 24.35, 21.59, 39.45, 28.18, 7.07, 18.11, 4.24, 33.06, 34.54, 38.47, 41.04, 37.95, 38.01, 10.3, 4.12, 36.5, 10.05, 27.0, 14.76, 9.22, 27.07, 31.95, 28.79, 3.16, 37.12, 42.72, 42.72, 33.42, 37.22, 29.68, 45.34, 36.0, 39.22, 21.19, 44.72, 41.15, 18.03, 38.42, 49.04, 15.62, 23.85, 7.28, 42.38, 14.14, 42.58, 0.0, 8.06, 29.0, 23.19, 16.55, 36.06, 40.61, 8.0, 26.08, 29.83, 31.02, 47.38, 44.38, 22.14, 17.0, 20.81, 29.5, 24.91, 17.01, 38.35, 17.01], [34.0, 31.78, 29.61, 46.96, 35.85, 10.82, 26.02, 11.7, 34.53, 42.38, 41.44, 47.51, 42.06, 39.62, 17.46, 10.3, 44.28, 2.83, 35.01, 20.52, 1.41, 35.13, 39.85, 36.69, 11.18, 38.33, 48.27, 46.52, 40.5, 42.64, 37.12, 51.66, 44.01, 43.42, 29.12, 49.65, 48.85, 21.02, 45.49, 55.15, 13.15, 31.3, 8.49, 46.53, 22.2, 45.54, 8.06, 0.0, 31.05, 24.52, 24.35, 37.48, 41.01, 10.63, 33.54, 37.85, 33.24, 54.04, 48.88, 29.61, 24.7, 26.91, 31.41, 32.96, 19.5, 44.57, 19.5], [8.94, 43.57, 31.89, 35.17, 29.68, 36.01, 35.85, 26.17, 4.47, 35.78, 10.82, 28.02, 13.89, 9.06, 35.17, 25.02, 50.21, 29.73, 39.62, 17.46, 32.28, 38.18, 34.99, 33.02, 28.16, 8.54, 24.04, 16.97, 27.2, 19.24, 28.18, 30.41, 46.23, 15.26, 29.73, 22.83, 38.6, 11.05, 30.41, 32.28, 19.72, 25.61, 36.06, 17.8, 30.41, 14.76, 29.0, 31.05, 0.0, 6.71, 26.63, 7.28, 13.04, 37.0, 26.63, 36.4, 2.24, 34.23, 20.81, 41.68, 25.81, 16.97, 0.71, 34.65, 12.01, 24.51, 12.01], [11.18, 40.46, 30.0, 37.12, 29.73, 30.27, 32.65, 20.88, 10.05, 36.4, 17.49, 31.78, 19.85, 15.13, 30.46, 19.42, 48.6, 23.09, 37.8, 14.14, 25.71, 36.62, 35.11, 32.7, 22.8, 14.0, 29.07, 23.43, 29.07, 23.77, 28.86, 34.79, 45.28, 21.26, 28.02, 28.6, 40.31, 6.4, 33.02, 37.16, 13.04, 25.08, 30.02, 24.04, 27.02, 21.47, 23.19, 24.52, 6.71, 0.0, 24.08, 13.04, 17.46, 31.14, 26.57, 35.78, 8.94, 38.33, 26.91, 38.42, 23.43, 16.16, 6.96, 33.14, 6.5, 28.26, 6.5], [34.71, 17.0, 6.32, 23.02, 11.66, 19.8, 9.49, 12.65, 31.06, 18.03, 32.28, 26.42, 29.15, 34.89, 13.42, 14.32, 24.7, 25.71, 13.89, 10.0, 25.63, 13.0, 15.52, 12.37, 13.42, 34.99, 30.08, 34.13, 17.8, 25.32, 13.45, 30.89, 22.14, 30.07, 5.0, 33.38, 24.6, 17.8, 22.67, 34.89, 25.5, 7.81, 22.02, 33.02, 5.1, 35.9, 16.55, 24.35, 26.63, 24.08, 0.0, 33.62, 39.66, 21.21, 9.9, 14.0, 27.78, 32.2, 34.06, 15.23, 1.0, 10.44, 27.32, 9.82, 18.45, 24.42, 18.45], [6.71, 50.61, 38.6, 39.4, 35.47, 43.1, 42.94, 33.38, 3.0, 41.05, 8.25, 30.59, 14.0, 2.24, 42.45, 32.14, 56.64, 35.9, 46.23, 24.7, 38.64, 44.69, 40.61, 38.95, 35.36, 1.41, 25.0, 14.87, 31.76, 21.38, 33.6, 32.06, 52.35, 15.03, 36.4, 22.36, 42.95, 18.25, 34.18, 33.06, 25.3, 31.83, 43.0, 16.49, 37.58, 10.82, 36.06, 37.48, 7.28, 13.04, 33.62, 0.0, 6.4, 44.05, 32.56, 42.45, 5.83, 36.12, 19.65, 48.76, 32.76, 23.6, 6.67, 41.16, 19.06, 27.29, 19.06], [7.07, 56.6, 44.82, 45.62, 41.87, 47.68, 48.88, 38.33, 8.6, 47.43, 13.15, 36.4, 19.42, 6.32, 47.76, 36.88, 62.97, 39.12, 52.5, 30.41, 42.05, 50.99, 47.01, 45.34, 40.26, 5.0, 30.27, 19.03, 38.08, 27.2, 40.0, 37.48, 58.73, 20.22, 42.64, 27.0, 49.19, 23.41, 40.31, 38.05, 28.16, 38.18, 47.27, 21.0, 43.42, 14.14, 40.61, 41.01, 13.04, 17.46, 39.66, 6.4, 0.0, 48.51, 38.95, 48.84, 12.04, 41.59, 24.02, 54.71, 38.83, 29.83, 12.35, 47.46, 23.9, 33.2, 23.9], [41.77, 23.0, 24.7, 44.05, 32.65, 1.41, 18.97, 11.4, 41.05, 38.28, 46.39, 47.2, 45.61, 46.01, 9.49, 12.04, 36.06, 13.45, 28.16, 22.14, 10.82, 28.79, 35.51, 32.45, 9.49, 45.1, 49.65, 50.45, 38.95, 44.28, 34.66, 51.61, 36.88, 46.84, 25.0, 52.0, 45.22, 26.02, 43.86, 55.47, 22.36, 29.0, 2.24, 50.0, 17.2, 50.49, 8.0, 10.63, 37.0, 31.14, 21.21, 44.05, 48.51, 0.0, 31.11, 32.65, 39.01, 53.26, 51.87, 21.02, 21.93, 27.73, 37.5, 27.5, 25.0, 44.79, 25.0], [35.51, 22.02, 9.06, 13.42, 3.16, 29.7, 16.49, 21.95, 30.61, 10.05, 28.84, 17.09, 24.17, 33.24, 23.02, 23.26, 24.41, 34.54, 14.87, 15.03, 34.89, 13.0, 8.54, 6.4, 23.02, 33.97, 22.02, 28.79, 8.06, 18.25, 3.61, 21.54, 19.8, 24.7, 7.28, 26.08, 15.52, 21.38, 12.81, 25.63, 32.06, 2.24, 31.89, 27.2, 14.42, 31.76, 26.08, 33.54, 26.63, 26.57, 9.9, 32.56, 38.95, 31.11, 0.0, 9.9, 27.02, 22.47, 27.46, 21.02, 9.22, 10.44, 27.32, 9.82, 22.7, 15.7, 22.7], [45.22, 16.16, 8.25, 13.93, 7.21, 31.3, 14.21, 26.31, 40.46, 6.71, 38.6, 23.02, 33.62, 43.14, 23.32, 28.16, 14.76, 39.46, 7.28, 22.8, 39.05, 5.39, 4.12, 3.61, 26.68, 43.86, 29.61, 38.01, 14.32, 26.93, 9.85, 27.02, 9.9, 34.0, 9.0, 34.21, 13.6, 30.08, 17.03, 31.06, 39.32, 10.82, 34.01, 36.25, 15.81, 41.34, 29.83, 37.85, 36.4, 35.78, 14.0, 42.45, 48.84, 32.65, 9.9, 0.0, 36.88, 26.48, 36.06, 16.12, 14.04, 19.72, 37.1, 5.15, 31.15, 22.95, 31.15], [9.22, 44.78, 32.8, 34.79, 30.0, 38.0, 37.12, 28.07, 3.61, 35.85, 8.6, 27.02, 12.08, 7.28, 36.88, 27.0, 50.93, 31.95, 40.46, 18.97, 34.48, 38.95, 35.23, 33.42, 30.07, 7.21, 22.56, 14.87, 26.93, 18.03, 28.3, 29.15, 46.75, 13.42, 30.61, 21.02, 38.28, 13.0, 29.83, 30.81, 21.95, 26.17, 38.12, 15.81, 31.78, 12.53, 31.02, 33.24, 2.24, 8.94, 27.78, 5.83, 12.04, 39.01, 27.02, 36.88, 0.0, 33.06, 18.87, 42.94, 26.93, 17.8, 2.12, 35.42, 14.08, 23.55, 14.08], [42.0, 42.45, 30.87, 13.0, 21.93, 51.86, 38.48, 43.14, 36.0, 20.1, 28.44, 6.71, 22.2, 35.36, 45.49, 43.93, 39.05, 54.41, 33.73, 33.6, 55.44, 31.78, 22.36, 24.04, 44.55, 37.22, 11.4, 23.41, 14.42, 15.03, 19.24, 4.12, 33.06, 21.38, 29.53, 15.65, 15.3, 36.25, 9.85, 5.83, 48.75, 24.41, 53.81, 21.19, 36.89, 28.46, 47.38, 54.04, 34.23, 38.33, 32.2, 36.12, 41.59, 53.26, 22.47, 26.48, 33.06, 0.0, 18.79, 42.06, 31.4, 27.2, 34.68, 30.04, 38.03, 10.12, 38.03], [26.25, 49.37, 36.22, 27.02, 29.12, 50.6, 43.01, 40.5, 20.62, 31.76, 11.4, 15.56, 7.07, 18.25, 46.69, 40.31, 50.7, 48.26, 42.2, 29.73, 50.25, 40.26, 32.7, 32.57, 42.38, 20.4, 7.81, 5.0, 21.93, 9.22, 26.25, 14.76, 45.19, 5.66, 34.13, 3.16, 30.48, 28.02, 21.4, 14.32, 39.62, 28.16, 51.62, 3.16, 39.12, 10.05, 44.38, 48.88, 20.81, 26.91, 34.06, 19.65, 24.02, 51.87, 27.46, 36.06, 18.87, 18.79, 0.0, 48.17, 33.06, 24.52, 20.94, 37.26, 29.7, 13.73, 29.7], [49.41, 2.24, 12.0, 29.97, 20.4, 20.0, 5.83, 20.59, 46.14, 22.83, 47.43, 37.66, 43.93, 50.09, 12.17, 22.83, 15.03, 32.02, 9.22, 24.41, 30.41, 10.82, 20.12, 18.03, 19.7, 50.12, 43.05, 48.84, 28.44, 39.05, 23.35, 41.98, 16.55, 44.72, 14.04, 47.01, 29.68, 32.02, 32.28, 46.1, 36.36, 20.02, 23.0, 47.52, 11.4, 50.96, 22.14, 29.61, 41.68, 38.42, 15.23, 48.76, 54.71, 21.02, 21.02, 16.12, 42.94, 42.06, 48.17, 0.0, 16.16, 25.63, 42.36, 12.02, 32.22, 36.67, 32.22], [33.97, 17.89, 6.71, 22.47, 11.18, 20.52, 10.44, 13.0, 30.23, 17.72, 31.32, 25.55, 28.16, 34.0, 14.32, 14.56, 25.24, 25.96, 14.42, 9.43, 26.0, 13.42, 15.3, 12.17, 13.89, 34.13, 29.12, 33.14, 17.03, 24.33, 12.81, 30.02, 22.47, 29.07, 5.1, 32.39, 24.17, 17.2, 21.93, 34.0, 25.32, 7.07, 22.67, 32.02, 6.08, 34.93, 17.0, 24.7, 25.81, 23.43, 1.0, 32.76, 38.83, 21.93, 9.22, 14.04, 26.93, 31.4, 33.06, 16.16, 0.0, 9.49, 26.5, 10.12, 17.92, 23.51, 17.92], [25.61, 27.31, 15.0, 22.2, 13.6, 26.4, 19.92, 16.64, 21.26, 20.4, 21.84, 20.62, 19.0, 24.7, 22.2, 17.03, 33.24, 27.2, 22.67, 6.4, 28.32, 21.21, 18.97, 16.55, 18.36, 25.0, 21.95, 24.0, 14.56, 16.55, 13.04, 24.76, 29.41, 20.02, 12.81, 24.35, 25.02, 11.05, 19.31, 28.32, 22.56, 8.94, 27.78, 23.09, 15.13, 25.5, 20.81, 26.91, 16.97, 16.16, 10.44, 23.6, 29.83, 27.73, 10.44, 19.72, 17.8, 27.2, 24.52, 25.63, 9.49, 0.0, 17.68, 17.68, 12.5, 17.68, 12.5], [8.28, 44.25, 32.6, 35.78, 30.37, 36.53, 36.53, 26.73, 3.81, 36.45, 10.7, 28.5, 14.09, 8.51, 35.78, 25.54, 50.92, 30.04, 40.33, 18.12, 32.63, 38.89, 35.67, 33.71, 28.71, 7.91, 24.38, 16.99, 27.83, 19.66, 28.85, 30.83, 46.93, 15.44, 30.44, 23.03, 39.22, 11.6, 30.99, 32.63, 19.91, 26.32, 36.53, 17.9, 31.09, 14.58, 29.5, 31.41, 0.71, 6.96, 27.32, 6.67, 12.35, 37.5, 27.32, 37.1, 2.12, 34.68, 20.94, 42.36, 26.5, 17.68, 0.0, 35.36, 12.5, 25.0, 12.5], [43.23, 12.59, 3.54, 18.18, 8.51, 26.16, 9.19, 21.55, 38.92, 11.34, 38.27, 25.74, 33.89, 42.1, 18.18, 23.51, 15.57, 34.68, 5.15, 19.46, 34.12, 3.54, 8.51, 6.04, 21.78, 42.57, 31.54, 38.58, 16.57, 28.04, 11.51, 30.01, 12.35, 34.47, 5.15, 35.78, 18.4, 27.1, 20.26, 34.12, 35.31, 9.62, 28.89, 37.02, 10.79, 41.38, 24.91, 32.96, 34.65, 33.14, 9.82, 41.16, 47.46, 27.5, 9.82, 5.15, 35.42, 30.04, 37.26, 12.02, 10.12, 17.68, 35.36, 0.0, 27.95, 25.0, 27.95], [17.67, 34.31, 24.62, 34.63, 25.81, 24.05, 26.52, 14.43, 16.07, 32.75, 21.98, 31.32, 22.74, 21.01, 23.96, 13.09, 43.14, 18.61, 32.33, 8.5, 20.81, 31.32, 31.08, 28.38, 16.38, 20.16, 30.22, 27.06, 26.8, 24.6, 25.52, 34.92, 40.26, 24.13, 22.81, 30.81, 37.51, 1.8, 31.29, 37.86, 10.74, 20.89, 24.05, 27.19, 20.86, 26.1, 17.01, 19.5, 12.01, 6.5, 18.45, 19.06, 23.9, 25.0, 22.7, 31.15, 14.08, 38.03, 29.7, 32.22, 17.92, 12.5, 12.5, 27.95, 0.0, 27.95, 0.0], [32.69, 37.53, 24.75, 13.44, 16.51, 43.41, 32.16, 34.12, 26.73, 18.12, 20.36, 3.54, 14.09, 26.88, 37.82, 34.68, 37.32, 44.75, 29.61, 24.05, 45.98, 27.61, 19.3, 19.66, 35.7, 28.5, 6.67, 16.99, 8.63, 6.04, 13.51, 7.11, 31.66, 13.73, 22.95, 11.42, 16.99, 26.16, 7.78, 10.7, 38.68, 17.1, 45.11, 14.85, 29.44, 21.51, 38.35, 44.57, 24.51, 28.26, 24.42, 27.29, 33.2, 44.79, 15.7, 22.95, 23.55, 10.12, 13.73, 36.67, 23.51, 17.68, 25.0, 25.0, 27.95, 0.0, 27.95], [17.67, 34.31, 24.62, 34.63, 25.81, 24.05, 26.52, 14.43, 16.07, 32.75, 21.98, 31.32, 22.74, 21.01, 23.96, 13.09, 43.14, 18.61, 32.33, 8.5, 20.81, 31.32, 31.08, 28.38, 16.38, 20.16, 30.22, 27.06, 26.8, 24.6, 25.52, 34.92, 40.26, 24.13, 22.81, 30.81, 37.51, 1.8, 31.29, 37.86, 10.74, 20.89, 24.05, 27.19, 20.86, 26.1, 17.01, 19.5, 12.01, 6.5, 18.45, 19.06, 23.9, 25.0, 22.7, 31.15, 14.08, 38.03, 29.7, 32.22, 17.92, 12.5, 12.5, 27.95, 0.0, 27.95, 0.0]]
[20, 20, 20, 20, 20, 20]
5
[[0.0, 684.0], [202.0, 215.0], [141.0, 158.0], [102.0, 109.0], [114.0, 123.0], [221.0, 236.0], [199.0, 215.0], [239.0, 259.0], [5.0, 29.0], [103.0, 121.0], [34.0, 55.0], [80.0, 107.0], [45.0, 64.0], [0.0, 13.0], [212.0, 231.0], [237.0, 248.0], [521.0, 560.0], [251.0, 261.0], [177.0, 204.0], [299.0, 320.0], [264.0, 300.0], [169.0, 178.0], [167.0, 191.0], [114.0, 134.0], [292.0, 300.0], [1.0, 16.0], [339.0, 355.0], [58.0, 75.0], [326.0, 329.0], [79.0, 89.0], [107.0, 144.0], [332.0, 357.0], [465.0, 470.0], [36.0, 64.0], [148.0, 173.0], [67.0, 90.0], [511.0, 524.0], [401.0, 426.0], [79.0, 110.0], [338.0, 360.0], [250.0, 283.0], [116.0, 143.0], [226.0, 237.0], [42.0, 59.0], [150.0, 171.0], [351.0, 377.0], [226.0, 242.0], [241.0, 265.0], [15.0, 33.0], [9.0, 24.0], [133.0, 152.0], [583.0, 606.0], [365.0, 404.0], [431.0, 433.0], [111.0, 127.0], [154.0, 180.0], [18.0, 46.0], [615.0, 642.0], [49.0, 72.0], [478.0, 505.0], [561.0, 569.0], [0.0, 684.0], [0.0, 684.0], [0.0, 684.0], [0.0, 684.0], [0.0, 684.0], [0.0, 684.0]]
[[5.0, 9.0], [36.0, 50.0], [34.0, 37.0], [47.0, 22.0], [38.0, 29.0], [14.0, 49.0], [31.0, 44.0], [16.0, 39.0], [11.0, 9.0], [45.0, 29.0], [19.0, 4.0], [41.0, 12.0], [25.0, 6.0], [12.0, 4.0], [22.0, 47.0], [14.0, 38.0], [49.0, 48.0], [3.0, 41.0], [40.0, 42.0], [20.0, 29.0], [4.0, 44.0], [40.0, 40.0], [43.0, 31.0], [40.0, 32.0], [16.0, 41.0], [10.0, 5.0], [36.0, 6.0], [25.0, 1.0], [39.0, 21.0], [32.0, 10.0], [38.0, 26.0], [43.0, 8.0], [49.0, 42.0], [26.0, 5.0], [33.0, 35.0], [33.0, 2.0], [50.0, 24.0], [14.0, 24.0], [43.0, 18.0], [44.0, 4.0], [3.0, 30.0], [33.0, 29.0], [11.0, 49.0], [27.0, 2.0], [27.0, 40.0], [20.0, 0.0], [13.0, 42.0], [5.0, 43.0], [13.0, 13.0], [10.0, 19.0], [28.0, 35.0], [11.0, 6.0], [6.0, 2.0], [13.0, 50.0], [35.0, 28.0], [42.0, 35.0], [14.0, 11.0], [47.0, 9.0], [30.0, 1.0], [34.0, 49.0], [28.0, 34.0], [25.0, 25.0], [12.5, 12.5], [37.5, 37.5], [12.5, 25.0], [37.5, 12.5], [12.5, 25.0]]
[[0.0, 0.0], [0.0, 0.0], [0.0, 0.0], [0.0, 0.0], [0.0, 0.0], [0.0, 0.0], [0.0, 0.0], [0.0, 0.0], [0.0, 0.0], [0.0, 0.0], [0.0, 0.0], [0.0, 0.0], [0.0, 0.0], [0.0, 0.0], [0.0, 0.0], [0.0, 0.0], [0.0, 0.0], [0.0, 0.0], [0.0, 0.0], [0.0, 0.0], [0.0, 0.0], [0.0, 0.0], [0.0, 0.0], [0.0, 0.0], [0.0, 0.0], [0.0, 0.0], [0.0, 0.0], [0.0, 0.0], [0.0, 0.0], [0.0, 0.0], [0.0, 0.0], [0.0, 0.0], [0.0, 0.0], [0.0, 0.0], [0.0, 0.0], [0.0, 0.0], [0.0, 0.0], [0.0, 0.0], [0.0, 0.0], [0.0, 0.0], [0.0, 0.0], [0.0, 0.0], [0.0, 0.0], [0.0, 0.0], [0.0, 0.0], [0.0, 0.0], [0.0, 0.0], [0.0, 0.0], [0.0, 0.0], [0.0, 0.0], [0.0, 0.0], [0.0, 0.0], [0.0, 0.0], [0.0, 0.0], [0.0, 0.0], [0.0, 0.0], [0.0, 0.0], [0.0, 0.0], [0.0, 0.0], [0.0, 0.0], [0.0, 0.0], [0.0, 0.0], [0.0, 0.0], [0.0, 0.0], [0.0, 0.0], [0.0, 0.0], [0.0, 0.0]]
^demand; service time^
!! n60w20.004    19.73 676
