60
[[0.0, 1.0, 18.87, 17.2, 25.5, 22.47, 3.16, 32.25, 36.06, 19.24, 16.55, 24.19, 18.6, 25.46, 16.28, 33.94, 34.23, 1.0, 26.17, 7.62, 26.87, 40.31, 27.59, 43.01, 30.81, 10.82, 26.17, 16.0, 37.11, 22.2, 32.8, 40.79, 12.21, 7.81, 33.24, 22.09, 6.32, 20.4, 24.02, 17.69, 45.28, 38.05, 26.4, 4.47, 41.04, 31.78, 27.07, 14.87, 40.25, 26.91, 8.94, 5.83, 18.6, 17.26, 38.08, 19.7, 19.21, 3.0, 20.1, 21.19, 20.1, 16.76, 8.28, 33.44, 6.1, 29.47, 6.1], [1.0, 0.0, 18.36, 16.4, 26.48, 22.85, 4.12, 32.14, 36.01, 18.25, 17.46, 24.08, 19.21, 24.76, 15.3, 34.66, 34.13, 1.41, 26.91, 6.71, 27.59, 41.04, 26.91, 43.6, 30.23, 11.66, 26.31, 17.0, 37.36, 22.09, 33.6, 40.61, 11.4, 7.07, 33.53, 23.09, 6.08, 20.62, 24.0, 18.38, 45.79, 38.01, 25.81, 5.0, 41.73, 32.02, 27.02, 14.56, 40.71, 26.25, 9.85, 5.39, 17.8, 18.25, 38.33, 18.79, 20.0, 3.16, 20.22, 22.14, 21.1, 17.09, 7.38, 33.98, 6.95, 29.23, 6.95], [18.87, 18.36, 0.0, 7.21, 40.82, 18.68, 19.85, 17.09, 21.54, 21.02, 33.97, 10.63, 21.02, 8.25, 19.92, 34.93, 18.97, 19.72, 29.07, 13.34, 29.15, 40.8, 9.85, 39.82, 12.04, 29.07, 16.4, 30.53, 27.59, 9.22, 36.22, 24.08, 9.0, 21.38, 24.84, 36.72, 12.81, 14.56, 12.04, 22.2, 40.22, 23.41, 7.81, 23.32, 40.5, 22.67, 13.6, 5.39, 34.41, 8.94, 26.91, 13.04, 7.07, 29.97, 28.32, 25.3, 25.32, 21.47, 12.65, 37.8, 34.99, 15.0, 12.75, 30.21, 19.53, 12.75, 19.53], [17.2, 16.4, 7.21, 0.0, 41.79, 24.6, 19.24, 24.17, 28.64, 13.93, 33.62, 17.8, 25.5, 8.94, 13.15, 40.5, 26.0, 17.8, 33.96, 9.9, 34.21, 46.62, 11.18, 46.32, 15.52, 28.02, 23.35, 31.62, 34.71, 16.28, 41.23, 30.59, 5.0, 17.0, 31.83, 37.95, 12.65, 20.59, 19.1, 26.17, 47.01, 30.46, 11.18, 21.26, 46.52, 29.7, 20.81, 9.85, 41.23, 10.77, 26.08, 12.08, 1.41, 31.78, 35.47, 18.44, 29.07, 19.1, 18.87, 38.01, 36.06, 19.92, 9.19, 36.53, 20.08, 19.61, 20.08], [25.5, 26.48, 40.82, 41.79, 0.0, 31.06, 22.8, 47.01, 49.09, 44.05, 10.2, 40.31, 24.41, 48.76, 41.05, 29.02, 48.6, 25.32, 23.77, 32.98, 24.74, 33.24, 50.61, 40.0, 52.43, 16.03, 38.01, 10.3, 44.01, 38.9, 25.02, 55.8, 37.0, 31.0, 40.31, 4.24, 29.15, 32.65, 38.95, 22.2, 44.05, 50.77, 48.55, 23.02, 35.13, 40.25, 41.87, 35.51, 41.59, 49.74, 17.03, 29.73, 43.08, 11.31, 44.94, 43.1, 19.72, 25.08, 33.97, 5.39, 5.83, 29.0, 33.59, 34.33, 21.73, 46.67, 21.73], [22.47, 22.85, 18.68, 24.6, 31.06, 0.0, 20.62, 16.28, 18.03, 36.12, 28.86, 11.4, 6.71, 26.17, 33.94, 16.28, 17.69, 23.41, 11.4, 23.43, 11.18, 22.14, 27.02, 22.02, 26.31, 27.02, 7.07, 22.47, 15.03, 11.05, 18.03, 24.84, 22.8, 29.53, 11.05, 26.93, 18.03, 4.12, 9.49, 8.94, 23.43, 19.72, 24.0, 25.71, 21.93, 10.05, 11.66, 14.76, 18.03, 26.02, 25.0, 19.42, 25.08, 20.12, 16.03, 38.95, 11.4, 25.3, 6.08, 30.46, 25.94, 5.83, 23.38, 12.1, 17.76, 17.22, 17.76], [3.16, 4.12, 19.85, 19.24, 22.8, 20.62, 0.0, 31.78, 35.36, 22.36, 14.42, 23.77, 16.12, 27.02, 19.42, 31.14, 33.73, 3.61, 23.35, 10.2, 24.08, 37.48, 29.07, 40.5, 31.89, 9.22, 25.0, 13.04, 35.51, 21.84, 29.83, 40.52, 14.32, 10.82, 31.58, 19.24, 7.07, 19.03, 23.35, 15.0, 42.94, 37.34, 27.59, 5.1, 38.29, 30.27, 26.48, 15.26, 38.08, 28.32, 7.07, 7.21, 20.59, 14.14, 36.5, 22.85, 16.28, 5.0, 19.03, 18.79, 17.26, 15.13, 10.79, 31.09, 3.2, 29.44, 3.2], [32.25, 32.14, 17.09, 24.17, 47.01, 16.28, 31.78, 0.0, 4.47, 38.08, 43.38, 8.06, 22.67, 19.8, 37.0, 29.12, 2.0, 33.24, 26.93, 29.15, 26.42, 33.24, 19.21, 29.15, 15.65, 40.16, 9.22, 37.74, 13.6, 10.05, 32.31, 8.94, 25.71, 37.05, 13.0, 42.8, 26.08, 14.42, 8.54, 24.84, 27.89, 6.32, 16.28, 36.5, 32.06, 11.05, 5.39, 18.03, 22.36, 18.44, 37.95, 27.02, 23.71, 35.81, 13.93, 42.38, 27.59, 35.23, 13.42, 45.79, 41.62, 18.36, 28.71, 21.78, 29.89, 4.95, 29.89], [36.06, 36.01, 21.54, 28.64, 49.09, 18.03, 35.36, 4.47, 0.0, 42.54, 46.24, 12.04, 24.7, 24.08, 41.44, 28.64, 2.83, 37.05, 27.66, 33.38, 27.02, 32.02, 23.35, 27.02, 19.42, 43.42, 11.18, 40.25, 11.0, 14.04, 32.25, 7.21, 30.08, 41.19, 11.7, 44.94, 30.0, 17.09, 12.04, 26.93, 25.18, 2.0, 20.52, 40.2, 30.59, 10.3, 9.0, 22.2, 20.0, 22.63, 41.23, 31.02, 28.18, 38.08, 11.05, 46.82, 29.41, 39.05, 16.49, 48.3, 43.91, 21.19, 32.96, 20.89, 33.25, 9.3, 33.25], [19.24, 18.25, 21.02, 13.93, 44.05, 36.12, 22.36, 38.08, 42.54, 0.0, 34.23, 31.38, 34.99, 21.02, 3.0, 50.77, 39.92, 19.1, 43.42, 13.42, 43.91, 57.14, 23.0, 58.14, 28.02, 28.16, 36.4, 35.13, 48.01, 29.68, 50.54, 44.38, 13.45, 13.15, 44.82, 41.01, 19.24, 32.53, 32.45, 34.89, 59.4, 44.38, 24.19, 21.02, 57.43, 42.8, 34.48, 22.02, 53.76, 23.02, 27.02, 17.89, 14.56, 36.5, 48.83, 5.1, 37.16, 19.0, 31.14, 39.2, 39.01, 30.61, 13.21, 48.21, 24.86, 33.53, 24.86], [16.55, 17.46, 33.97, 33.62, 10.2, 28.86, 14.42, 43.38, 46.24, 34.23, 0.0, 35.85, 22.36, 41.4, 31.26, 32.28, 45.19, 16.16, 25.32, 24.17, 26.31, 37.7, 43.42, 43.17, 45.97, 6.08, 35.11, 7.07, 43.42, 34.13, 29.15, 52.33, 28.65, 21.1, 39.46, 8.6, 21.4, 29.15, 34.89, 20.22, 46.69, 48.1, 41.77, 13.34, 39.22, 38.83, 38.01, 29.0, 43.1, 42.64, 7.62, 21.63, 34.99, 10.2, 44.41, 33.02, 19.0, 15.52, 29.97, 5.0, 7.07, 25.08, 24.83, 35.59, 14.5, 42.03, 14.5], [24.19, 24.08, 10.63, 17.8, 40.31, 11.4, 23.77, 8.06, 12.04, 31.38, 35.85, 0.0, 16.64, 16.16, 29.97, 27.0, 10.05, 25.18, 22.8, 21.38, 22.56, 32.25, 16.49, 30.08, 15.03, 32.31, 6.32, 30.61, 16.97, 2.0, 29.27, 16.76, 18.38, 29.15, 14.42, 36.07, 18.03, 8.06, 2.0, 18.6, 30.02, 14.04, 13.34, 28.44, 31.58, 12.21, 3.16, 10.2, 24.19, 15.52, 30.08, 19.0, 17.69, 29.0, 17.69, 35.34, 21.63, 27.17, 6.4, 38.6, 34.71, 11.31, 20.99, 20.99, 22.01, 6.36, 22.01], [18.6, 19.21, 21.02, 25.5, 24.41, 6.71, 16.12, 22.67, 24.7, 34.99, 22.36, 16.64, 0.0, 29.15, 32.45, 15.81, 24.21, 19.42, 8.54, 21.63, 8.94, 22.2, 30.41, 24.41, 30.68, 21.1, 13.6, 15.81, 21.1, 15.65, 15.81, 31.4, 22.47, 26.25, 17.12, 20.25, 15.81, 8.6, 15.0, 2.24, 26.83, 26.42, 27.66, 21.02, 22.67, 16.49, 17.69, 16.03, 22.14, 29.43, 19.24, 17.2, 26.31, 13.42, 22.09, 37.01, 5.0, 21.1, 10.3, 23.77, 19.24, 6.08, 21.78, 14.98, 12.97, 22.9, 12.97], [25.46, 24.76, 8.25, 8.94, 48.76, 26.17, 27.02, 19.8, 24.08, 21.02, 41.4, 16.16, 29.15, 0.0, 21.1, 42.43, 21.26, 26.17, 37.0, 18.6, 37.01, 48.05, 2.24, 46.24, 7.0, 36.12, 22.47, 38.47, 32.45, 15.52, 44.05, 24.17, 13.6, 25.94, 30.41, 44.72, 20.0, 22.09, 18.03, 30.41, 46.07, 25.61, 3.61, 29.73, 47.54, 28.18, 18.36, 13.6, 40.25, 2.0, 34.06, 19.85, 7.62, 38.08, 33.02, 26.0, 33.54, 27.66, 20.1, 45.49, 42.94, 23.09, 17.9, 37.02, 27.19, 14.85, 27.19], [16.28, 15.3, 19.92, 13.15, 41.05, 33.94, 19.42, 37.0, 41.44, 3.0, 31.26, 29.97, 32.45, 21.1, 0.0, 48.26, 38.9, 16.12, 40.82, 10.82, 41.34, 54.64, 23.19, 55.9, 28.07, 25.18, 34.67, 32.14, 46.32, 28.18, 47.89, 43.74, 11.66, 10.2, 43.01, 38.01, 16.64, 30.48, 30.89, 32.25, 57.31, 43.32, 24.0, 18.03, 55.0, 41.05, 33.11, 20.25, 51.74, 23.09, 24.02, 15.26, 14.04, 33.54, 47.17, 5.39, 34.44, 16.0, 29.21, 36.22, 36.01, 28.32, 10.7, 45.98, 21.98, 32.63, 21.98], [33.94, 34.66, 34.93, 40.5, 29.02, 16.28, 31.14, 29.12, 28.64, 50.77, 32.28, 27.0, 15.81, 42.43, 48.26, 0.0, 29.73, 34.66, 7.81, 37.44, 7.07, 6.4, 43.19, 11.05, 42.01, 33.54, 21.1, 25.3, 19.21, 27.07, 4.47, 35.78, 38.01, 41.73, 17.0, 26.08, 31.62, 20.4, 25.0, 16.28, 15.03, 29.53, 40.11, 35.61, 7.21, 18.38, 26.17, 30.68, 13.42, 42.19, 32.25, 33.02, 41.11, 22.14, 19.85, 52.8, 15.0, 36.12, 22.36, 31.26, 26.31, 20.62, 37.58, 7.91, 27.95, 31.82, 27.95], [34.23, 34.13, 18.97, 26.0, 48.6, 17.69, 33.73, 2.0, 2.83, 39.92, 45.19, 10.05, 24.21, 21.26, 38.9, 29.73, 0.0, 35.23, 28.02, 31.14, 27.46, 33.54, 20.52, 29.02, 16.64, 42.06, 10.63, 39.45, 13.15, 12.04, 33.11, 7.21, 27.66, 39.05, 13.15, 44.41, 28.07, 16.12, 10.44, 26.4, 27.46, 4.47, 17.69, 38.47, 32.25, 11.4, 7.28, 20.02, 22.09, 19.8, 39.85, 29.02, 25.5, 37.44, 13.34, 44.27, 29.07, 37.22, 15.23, 47.51, 43.27, 20.12, 30.7, 22.19, 31.8, 6.52, 31.8], [1.0, 1.41, 19.72, 17.8, 25.32, 23.41, 3.61, 33.24, 37.05, 19.1, 16.16, 25.18, 19.42, 26.17, 16.12, 34.66, 35.23, 0.0, 26.87, 8.06, 27.59, 41.01, 28.32, 43.83, 31.62, 10.3, 27.17, 16.03, 38.08, 23.19, 33.42, 41.77, 12.81, 7.21, 34.21, 22.02, 7.28, 21.38, 25.02, 18.44, 46.14, 39.05, 27.2, 3.61, 41.77, 32.76, 28.07, 15.81, 41.15, 27.66, 8.54, 6.71, 19.21, 17.46, 39.05, 19.31, 19.85, 2.0, 21.1, 20.88, 20.02, 17.72, 8.75, 34.3, 6.73, 30.44, 6.73], [26.17, 26.91, 29.07, 33.96, 23.77, 11.4, 23.35, 26.93, 27.66, 43.42, 25.32, 22.8, 8.54, 37.0, 40.82, 7.81, 28.02, 26.87, 0.0, 30.02, 1.0, 14.14, 38.05, 18.03, 37.66, 26.0, 17.89, 18.25, 20.59, 22.36, 7.28, 34.83, 31.02, 33.97, 17.2, 20.22, 24.19, 15.13, 20.88, 8.6, 21.38, 29.0, 35.13, 27.8, 15.0, 17.69, 22.85, 24.33, 18.03, 37.05, 24.6, 25.55, 34.71, 15.13, 21.47, 45.22, 7.21, 28.32, 17.12, 25.02, 20.02, 14.14, 30.21, 10.61, 20.16, 28.5, 20.16], [7.62, 6.71, 13.34, 9.9, 32.98, 23.43, 10.2, 29.15, 33.38, 13.42, 24.17, 21.38, 21.63, 18.6, 10.82, 37.44, 31.14, 8.06, 30.02, 0.0, 30.53, 43.83, 20.81, 45.25, 24.6, 18.36, 25.08, 23.19, 36.67, 19.42, 37.12, 37.01, 5.0, 8.06, 33.12, 29.43, 5.83, 20.25, 21.84, 21.47, 46.86, 35.36, 20.12, 11.4, 44.2, 31.3, 24.52, 11.18, 41.4, 20.25, 16.55, 4.47, 11.31, 24.0, 37.58, 15.56, 23.77, 9.22, 19.24, 28.79, 27.46, 17.69, 0.71, 35.36, 12.01, 25.5, 12.01], [26.87, 27.59, 29.15, 34.21, 24.74, 11.18, 24.08, 26.42, 27.02, 43.91, 26.31, 22.56, 8.94, 37.01, 41.34, 7.07, 27.46, 27.59, 1.0, 30.53, 0.0, 13.45, 38.01, 17.09, 37.48, 26.93, 17.46, 19.24, 19.72, 22.2, 7.07, 34.21, 31.38, 34.66, 16.4, 21.21, 24.7, 15.03, 20.62, 9.22, 20.4, 28.32, 35.06, 28.6, 14.21, 16.97, 22.47, 24.52, 17.03, 37.01, 25.5, 26.08, 34.93, 16.12, 20.59, 45.8, 8.06, 29.07, 17.03, 26.02, 21.02, 14.32, 30.7, 9.62, 20.89, 28.15, 20.89], [40.31, 41.04, 40.8, 46.62, 33.24, 22.14, 37.48, 33.24, 32.02, 57.14, 37.7, 32.25, 22.2, 48.05, 54.64, 6.4, 33.54, 41.01, 14.14, 43.83, 13.45, 0.0, 48.66, 8.06, 47.1, 39.45, 26.08, 30.87, 21.54, 32.56, 8.54, 38.9, 44.29, 48.1, 20.4, 30.81, 38.01, 26.25, 30.27, 22.67, 12.53, 32.57, 45.54, 41.87, 2.24, 22.2, 31.02, 36.77, 13.6, 47.68, 38.28, 39.41, 47.17, 27.73, 21.93, 59.2, 21.26, 42.45, 28.16, 36.14, 31.32, 26.83, 43.96, 11.51, 34.3, 36.5, 34.3], [27.59, 26.91, 9.85, 11.18, 50.61, 27.02, 29.07, 19.21, 23.35, 23.0, 43.42, 16.49, 30.41, 2.24, 23.19, 43.19, 20.52, 28.32, 38.05, 20.81, 38.01, 48.66, 0.0, 46.49, 5.1, 38.21, 22.8, 40.31, 32.25, 16.12, 45.0, 22.83, 15.81, 28.18, 30.46, 46.53, 22.02, 23.0, 18.44, 31.78, 46.1, 24.76, 3.16, 31.89, 48.05, 28.23, 18.38, 15.23, 40.31, 1.0, 36.12, 21.93, 9.85, 39.81, 32.76, 28.02, 34.93, 29.83, 21.0, 47.43, 44.78, 24.33, 20.11, 37.48, 29.12, 14.3, 29.12], [43.01, 43.6, 39.82, 46.32, 40.0, 22.02, 40.5, 29.15, 27.02, 58.14, 43.17, 30.08, 24.41, 46.24, 55.9, 11.05, 29.02, 43.83, 18.03, 45.25, 17.09, 8.06, 46.49, 0.0, 44.15, 44.01, 23.77, 36.14, 16.03, 30.87, 15.03, 33.38, 44.82, 50.61, 16.28, 37.12, 39.62, 25.81, 28.23, 25.55, 4.47, 27.17, 43.32, 45.28, 5.83, 18.44, 28.16, 36.62, 7.07, 45.54, 42.54, 41.04, 46.65, 32.98, 16.12, 60.81, 25.08, 45.49, 27.46, 42.3, 37.34, 27.59, 45.26, 9.92, 37.31, 33.14, 37.31], [30.81, 30.23, 12.04, 15.52, 52.43, 26.31, 31.89, 15.65, 19.42, 28.02, 45.97, 15.03, 30.68, 7.0, 28.07, 42.01, 16.64, 31.62, 37.66, 24.6, 37.48, 47.1, 5.1, 44.15, 0.0, 41.11, 21.02, 42.2, 29.15, 15.3, 44.28, 18.03, 19.7, 32.31, 27.89, 48.26, 24.84, 22.56, 17.03, 32.31, 43.32, 20.62, 4.47, 35.23, 46.27, 25.71, 16.12, 17.03, 37.64, 5.0, 38.95, 25.0, 14.32, 41.34, 29.55, 33.0, 35.47, 33.29, 20.62, 49.68, 46.62, 24.7, 23.93, 35.67, 31.48, 11.07, 31.48], [10.82, 11.66, 29.07, 28.02, 16.03, 27.02, 9.22, 40.16, 43.42, 28.16, 6.08, 32.31, 21.1, 36.12, 25.18, 33.54, 42.06, 10.3, 26.0, 18.36, 26.93, 39.45, 38.21, 44.01, 41.11, 0.0, 32.56, 9.22, 42.0, 30.46, 31.06, 49.04, 23.02, 15.03, 38.0, 13.6, 16.28, 26.48, 31.62, 19.24, 47.13, 45.35, 36.8, 7.28, 40.71, 37.05, 34.79, 24.41, 42.95, 37.48, 2.24, 16.28, 29.41, 12.04, 43.0, 27.07, 18.97, 9.49, 26.93, 11.05, 11.7, 22.36, 19.04, 35.53, 10.31, 38.24, 10.31], [26.17, 26.31, 16.4, 23.35, 38.01, 7.07, 25.0, 9.22, 11.18, 36.4, 35.11, 6.32, 13.6, 22.47, 34.67, 21.1, 10.63, 27.17, 17.89, 25.08, 17.46, 26.08, 22.8, 23.77, 21.02, 32.56, 0.0, 29.07, 11.66, 7.21, 23.77, 17.8, 23.02, 32.28, 8.49, 33.84, 20.62, 6.08, 4.47, 15.81, 23.85, 13.0, 19.65, 30.02, 25.32, 6.4, 5.1, 14.42, 18.03, 21.84, 30.41, 21.84, 23.43, 26.93, 12.53, 39.96, 18.44, 29.15, 6.08, 37.12, 32.76, 10.2, 24.83, 14.71, 22.59, 10.79, 22.59], [16.0, 17.0, 30.53, 31.62, 10.3, 22.47, 13.04, 37.74, 40.25, 35.13, 7.07, 30.61, 15.81, 38.47, 32.14, 25.3, 39.45, 16.03, 18.25, 23.19, 19.24, 30.87, 40.31, 36.14, 42.2, 9.22, 29.07, 0.0, 36.67, 29.07, 22.36, 46.65, 26.93, 22.56, 32.76, 6.32, 18.97, 23.32, 29.41, 13.6, 39.62, 42.05, 38.28, 14.56, 32.31, 32.28, 32.45, 25.24, 36.06, 39.45, 8.94, 19.65, 32.89, 3.16, 37.66, 34.93, 12.04, 16.28, 24.41, 8.06, 4.47, 19.42, 23.76, 28.54, 11.54, 36.94, 11.54], [37.11, 37.36, 27.59, 34.71, 44.01, 15.03, 35.51, 13.6, 11.0, 48.01, 43.42, 16.97, 21.1, 32.45, 46.32, 19.21, 13.15, 38.08, 20.59, 36.67, 19.72, 21.54, 32.25, 16.03, 29.15, 42.0, 11.66, 36.67, 0.0, 18.44, 23.35, 17.46, 34.67, 43.66, 4.0, 40.16, 31.95, 16.76, 15.62, 23.19, 14.32, 11.18, 29.15, 40.61, 19.92, 5.39, 14.21, 26.08, 9.0, 31.38, 40.01, 33.24, 34.66, 33.96, 1.0, 51.62, 24.74, 40.02, 17.46, 44.38, 39.56, 20.4, 36.45, 11.34, 32.75, 18.12, 32.75], [22.2, 22.09, 9.22, 16.28, 38.9, 11.05, 21.84, 10.05, 14.04, 29.68, 34.13, 2.0, 15.65, 15.52, 28.18, 27.07, 12.04, 23.19, 22.36, 19.42, 22.2, 32.56, 16.12, 30.87, 15.3, 30.46, 7.21, 29.07, 18.44, 0.0, 29.07, 18.68, 16.55, 27.17, 15.62, 34.66, 16.03, 7.28, 2.83, 17.49, 31.06, 16.03, 13.04, 26.48, 32.02, 13.45, 5.1, 8.25, 25.24, 15.13, 28.23, 17.0, 16.28, 27.59, 19.21, 33.54, 20.59, 25.18, 5.39, 37.01, 33.24, 10.0, 19.04, 21.51, 20.16, 7.91, 20.16], [32.8, 33.6, 36.22, 41.23, 25.02, 18.03, 29.83, 32.31, 32.25, 50.54, 29.15, 29.27, 15.81, 44.05, 47.89, 4.47, 33.11, 33.42, 7.28, 37.12, 7.07, 8.54, 45.0, 15.03, 44.28, 31.06, 23.77, 22.36, 23.35, 29.07, 0.0, 39.45, 38.28, 40.61, 20.81, 22.36, 31.3, 22.0, 27.29, 15.65, 19.24, 33.29, 42.01, 33.94, 10.2, 21.95, 28.86, 31.58, 17.89, 44.0, 30.0, 32.65, 41.98, 19.24, 24.04, 52.15, 13.6, 34.71, 24.0, 27.66, 22.8, 21.38, 37.34, 12.02, 26.71, 34.56, 26.71], [40.79, 40.61, 24.08, 30.59, 55.8, 24.84, 40.52, 8.94, 7.21, 44.38, 52.33, 16.76, 31.4, 24.17, 43.74, 35.78, 7.21, 41.77, 34.83, 37.01, 34.21, 38.9, 22.83, 33.38, 18.03, 49.04, 17.8, 46.65, 17.46, 18.68, 39.45, 0.0, 33.06, 45.04, 18.79, 51.61, 34.53, 23.32, 17.46, 33.6, 31.02, 6.32, 20.62, 45.12, 37.36, 17.49, 14.32, 26.17, 26.31, 22.36, 46.82, 35.36, 29.83, 44.65, 17.26, 49.03, 36.24, 43.74, 22.36, 54.71, 50.48, 27.29, 36.5, 27.97, 38.75, 11.51, 38.75], [12.21, 11.4, 9.0, 5.0, 37.0, 22.8, 14.32, 25.71, 30.08, 13.45, 28.65, 18.38, 22.47, 13.6, 11.66, 38.01, 27.66, 12.81, 31.02, 5.0, 31.38, 44.29, 15.81, 44.82, 19.7, 23.02, 23.02, 26.93, 34.67, 16.55, 38.28, 33.06, 0.0, 12.65, 31.4, 33.24, 8.06, 19.1, 19.24, 22.8, 45.97, 32.02, 15.23, 16.28, 44.42, 29.41, 21.54, 8.6, 40.31, 15.26, 21.1, 7.28, 6.4, 27.29, 35.51, 17.0, 25.5, 14.14, 17.69, 33.11, 31.32, 17.49, 4.3, 34.91, 15.4, 21.64, 15.4], [7.81, 7.07, 21.38, 17.0, 31.0, 29.53, 10.82, 37.05, 41.19, 13.15, 21.1, 29.15, 26.25, 25.94, 10.2, 41.73, 39.05, 7.21, 33.97, 8.06, 34.66, 48.1, 28.18, 50.61, 32.31, 15.03, 32.28, 22.56, 43.66, 27.17, 40.61, 45.04, 12.65, 0.0, 39.92, 28.16, 11.7, 26.93, 29.43, 25.46, 52.7, 43.19, 27.86, 8.06, 48.8, 38.28, 32.25, 19.03, 47.51, 27.73, 14.04, 10.44, 18.36, 24.35, 44.6, 12.37, 27.02, 6.32, 26.25, 26.08, 26.17, 23.71, 8.63, 40.92, 13.9, 33.53, 13.9], [33.24, 33.53, 24.84, 31.83, 40.31, 11.05, 31.58, 13.0, 11.7, 44.82, 39.46, 14.42, 17.12, 30.41, 43.01, 17.0, 13.15, 34.21, 17.2, 33.12, 16.4, 20.4, 30.46, 16.28, 27.89, 38.0, 8.49, 32.76, 4.0, 15.62, 20.81, 18.79, 31.4, 39.92, 0.0, 36.4, 28.23, 13.0, 12.81, 19.24, 15.65, 12.53, 27.31, 36.67, 19.1, 2.24, 12.08, 22.8, 9.85, 29.55, 36.01, 29.55, 31.89, 30.08, 5.0, 48.26, 20.88, 36.14, 13.89, 40.52, 35.74, 16.49, 32.93, 9.19, 28.78, 16.87, 28.78], [22.09, 23.09, 36.72, 37.95, 4.24, 26.93, 19.24, 42.8, 44.94, 41.01, 8.6, 36.07, 20.25, 44.72, 38.01, 26.08, 44.41, 22.02, 20.22, 29.43, 21.21, 30.81, 46.53, 37.12, 48.26, 13.6, 33.84, 6.32, 40.16, 34.66, 22.36, 51.61, 33.24, 28.16, 36.4, 0.0, 25.3, 28.43, 34.71, 18.03, 41.01, 46.65, 44.42, 20.1, 32.56, 36.25, 37.64, 31.38, 38.21, 45.65, 14.14, 25.96, 39.22, 7.07, 41.11, 40.45, 15.65, 22.02, 29.73, 5.39, 2.0, 24.76, 30.01, 30.83, 17.87, 42.43, 17.87], [6.32, 6.08, 12.81, 12.65, 29.15, 18.03, 7.07, 26.08, 30.0, 19.24, 21.4, 18.03, 15.81, 20.0, 16.64, 31.62, 28.07, 7.28, 24.19, 5.83, 24.7, 38.01, 22.02, 39.62, 24.84, 16.28, 20.62, 18.97, 31.95, 16.03, 31.3, 34.53, 8.06, 11.7, 28.23, 25.3, 0.0, 15.23, 18.03, 15.65, 41.4, 32.0, 20.52, 10.77, 38.42, 26.57, 21.0, 8.54, 36.06, 21.26, 14.14, 1.41, 13.93, 19.24, 32.89, 21.26, 18.03, 9.22, 14.56, 25.55, 23.41, 12.21, 6.04, 29.77, 7.43, 23.16, 7.43], [20.4, 20.62, 14.56, 20.59, 32.65, 4.12, 19.03, 14.42, 17.09, 32.53, 29.15, 8.06, 8.6, 22.09, 30.48, 20.4, 16.12, 21.38, 15.13, 20.25, 15.03, 26.25, 23.0, 25.81, 22.56, 26.48, 6.08, 23.32, 16.76, 7.28, 22.0, 23.32, 19.1, 26.93, 13.0, 28.43, 15.23, 0.0, 6.4, 10.63, 26.87, 18.97, 20.02, 24.08, 26.0, 11.4, 9.22, 10.82, 21.26, 22.0, 24.33, 16.55, 21.02, 21.4, 17.72, 35.61, 13.6, 23.35, 2.0, 31.38, 27.2, 4.12, 20.11, 15.95, 16.53, 14.3, 16.53], [24.02, 24.0, 12.04, 19.1, 38.95, 9.49, 23.35, 8.54, 12.04, 32.45, 34.89, 2.0, 15.0, 18.03, 30.89, 25.0, 10.44, 25.02, 20.88, 21.84, 20.62, 30.27, 18.44, 28.23, 17.03, 31.62, 4.47, 29.41, 15.62, 2.83, 27.29, 17.46, 19.24, 29.43, 12.81, 34.71, 18.03, 6.4, 0.0, 17.03, 28.3, 14.04, 15.3, 28.16, 29.61, 10.63, 3.16, 10.77, 22.47, 17.46, 29.41, 19.1, 19.1, 27.66, 16.4, 36.24, 20.0, 27.02, 5.0, 37.44, 33.42, 10.0, 21.51, 19.04, 21.36, 7.91, 21.36], [17.69, 18.38, 22.2, 26.17, 22.2, 8.94, 15.0, 24.84, 26.93, 34.89, 20.22, 18.6, 2.24, 30.41, 32.25, 16.28, 26.4, 18.44, 8.6, 21.47, 9.22, 22.67, 31.78, 25.55, 32.31, 19.24, 15.81, 13.6, 23.19, 17.49, 15.65, 33.6, 22.8, 25.46, 19.24, 18.03, 15.65, 10.63, 17.03, 0.0, 28.23, 28.65, 29.12, 19.72, 23.35, 18.68, 19.8, 17.03, 23.77, 30.81, 17.46, 17.0, 27.07, 11.18, 24.19, 36.62, 3.16, 20.0, 12.21, 21.54, 17.0, 7.62, 21.69, 16.45, 11.8, 24.91, 11.8], [45.28, 45.79, 40.22, 47.01, 44.05, 23.43, 42.94, 27.89, 25.18, 59.4, 46.69, 30.02, 26.83, 46.07, 57.31, 15.03, 27.46, 46.14, 21.38, 46.86, 20.4, 12.53, 46.1, 4.47, 43.32, 47.13, 23.85, 39.62, 14.32, 31.06, 19.24, 31.02, 45.97, 52.7, 15.65, 41.01, 41.4, 26.87, 28.3, 28.23, 0.0, 25.02, 42.95, 47.85, 10.3, 17.89, 27.73, 37.54, 5.83, 45.19, 45.54, 42.8, 47.2, 36.5, 14.14, 62.37, 28.16, 47.89, 28.32, 46.1, 41.11, 29.21, 46.8, 11.85, 39.8, 32.26, 39.8], [38.05, 38.01, 23.41, 30.46, 50.77, 19.72, 37.34, 6.32, 2.0, 44.38, 48.1, 14.04, 26.42, 25.61, 43.32, 29.53, 4.47, 39.05, 29.0, 35.36, 28.32, 32.57, 24.76, 27.17, 20.62, 45.35, 13.0, 42.05, 11.18, 16.03, 33.29, 6.32, 32.02, 43.19, 12.53, 46.65, 32.0, 18.97, 14.04, 28.65, 25.02, 0.0, 22.02, 42.19, 31.05, 11.4, 11.0, 24.19, 20.1, 24.08, 43.17, 33.02, 29.97, 39.82, 11.05, 48.7, 31.06, 41.05, 18.44, 50.09, 45.65, 23.09, 34.94, 21.69, 35.2, 10.98, 35.2], [26.4, 25.81, 7.81, 11.18, 48.55, 24.0, 27.59, 16.28, 20.52, 24.19, 41.77, 13.34, 27.66, 3.61, 24.0, 40.11, 17.69, 27.2, 35.13, 20.12, 35.06, 45.54, 3.16, 43.32, 4.47, 36.8, 19.65, 38.28, 29.15, 13.04, 42.01, 20.62, 15.23, 27.86, 27.31, 44.42, 20.52, 20.02, 15.3, 29.12, 42.95, 22.02, 0.0, 30.81, 44.91, 25.08, 15.23, 13.04, 37.16, 2.24, 34.66, 20.62, 10.05, 37.59, 29.68, 29.07, 32.28, 28.84, 18.03, 45.61, 42.72, 21.59, 19.46, 34.33, 27.34, 11.34, 27.34], [4.47, 5.0, 23.32, 21.26, 23.02, 25.71, 5.1, 36.5, 40.2, 21.02, 13.34, 28.44, 21.02, 29.73, 18.03, 35.61, 38.47, 3.61, 27.8, 11.4, 28.6, 41.87, 31.89, 45.28, 35.23, 7.28, 30.02, 14.56, 40.61, 26.48, 33.94, 45.12, 16.28, 8.06, 36.67, 20.1, 10.77, 24.08, 28.16, 19.72, 47.85, 42.19, 30.81, 0.0, 42.8, 35.36, 31.26, 19.31, 43.08, 31.24, 6.0, 10.3, 22.67, 16.55, 41.59, 20.4, 20.62, 2.24, 24.0, 18.25, 18.11, 20.22, 12.1, 36.01, 8.08, 33.86, 8.08], [41.04, 41.73, 40.5, 46.52, 35.13, 21.93, 38.29, 32.06, 30.59, 57.43, 39.22, 31.58, 22.67, 47.54, 55.0, 7.21, 32.25, 41.77, 15.0, 44.2, 14.21, 2.24, 48.05, 5.83, 46.27, 40.71, 25.32, 32.31, 19.92, 32.02, 10.2, 37.36, 44.42, 48.8, 19.1, 32.56, 38.42, 26.0, 29.61, 23.35, 10.3, 31.05, 44.91, 42.8, 0.0, 21.02, 30.15, 36.67, 11.66, 47.07, 39.45, 39.82, 47.01, 29.15, 20.25, 59.67, 22.2, 43.28, 27.86, 37.85, 32.98, 26.93, 44.3, 10.61, 35.09, 35.53, 35.09], [31.78, 32.02, 22.67, 29.7, 40.25, 10.05, 30.27, 11.05, 10.3, 42.8, 38.83, 12.21, 16.49, 28.18, 41.05, 18.38, 11.4, 32.76, 17.69, 31.3, 16.97, 22.2, 28.23, 18.44, 25.71, 37.05, 6.4, 32.28, 5.39, 13.45, 21.95, 17.49, 29.41, 38.28, 2.24, 36.25, 26.57, 11.4, 10.63, 18.68, 17.89, 11.4, 25.08, 35.36, 21.02, 0.0, 9.85, 20.81, 12.08, 27.31, 35.01, 27.86, 29.73, 29.73, 6.32, 46.32, 20.62, 34.71, 12.08, 40.16, 35.47, 15.13, 31.09, 10.79, 27.57, 14.71, 27.57], [27.07, 27.02, 13.6, 20.81, 41.87, 11.66, 26.48, 5.39, 9.0, 34.48, 38.01, 3.16, 17.69, 18.36, 33.11, 26.17, 7.28, 28.07, 22.85, 24.52, 22.47, 31.02, 18.38, 28.16, 16.12, 34.79, 5.1, 32.45, 14.21, 5.1, 28.86, 14.32, 21.54, 32.25, 12.08, 37.64, 21.0, 9.22, 3.16, 19.8, 27.73, 11.0, 15.23, 31.26, 30.15, 9.85, 0.0, 13.34, 21.93, 17.46, 32.57, 22.02, 20.62, 30.61, 14.87, 38.48, 22.67, 30.07, 8.06, 40.5, 36.4, 13.04, 24.14, 19.56, 24.52, 5.7, 24.52], [14.87, 14.56, 5.39, 9.85, 35.51, 14.76, 15.26, 18.03, 22.2, 22.02, 29.0, 10.2, 16.03, 13.6, 20.25, 30.68, 20.02, 15.81, 24.33, 11.18, 24.52, 36.77, 15.23, 36.62, 17.03, 24.41, 14.42, 25.24, 26.08, 8.25, 31.58, 26.17, 8.6, 19.03, 22.8, 31.38, 8.54, 10.82, 10.77, 17.03, 37.54, 24.19, 13.04, 19.31, 36.67, 20.81, 13.34, 0.0, 31.83, 14.32, 22.2, 9.22, 10.44, 24.6, 26.93, 25.55, 20.1, 17.72, 9.22, 32.65, 29.68, 10.2, 10.79, 26.77, 14.5, 14.71, 14.5], [40.25, 40.71, 34.41, 41.23, 41.59, 18.03, 38.08, 22.36, 20.0, 53.76, 43.1, 24.19, 22.14, 40.25, 51.74, 13.42, 22.09, 41.15, 18.03, 41.4, 17.03, 13.6, 40.31, 7.07, 37.64, 42.95, 18.03, 36.06, 9.0, 25.24, 17.89, 26.31, 40.31, 47.51, 9.85, 38.21, 36.06, 21.26, 22.47, 23.77, 5.83, 20.1, 37.16, 43.08, 11.66, 12.08, 21.93, 31.83, 0.0, 39.4, 41.23, 37.44, 41.4, 33.02, 9.06, 56.85, 24.19, 42.95, 22.63, 43.05, 38.05, 23.85, 41.31, 7.52, 35.0, 26.58, 35.0], [26.91, 26.25, 8.94, 10.77, 49.74, 26.02, 28.32, 18.44, 22.63, 23.02, 42.64, 15.52, 29.43, 2.0, 23.09, 42.19, 19.8, 27.66, 37.05, 20.25, 37.01, 47.68, 1.0, 45.54, 5.0, 37.48, 21.84, 39.45, 31.38, 15.13, 44.0, 22.36, 15.26, 27.73, 29.55, 45.65, 21.26, 22.0, 17.46, 30.81, 45.19, 24.08, 2.24, 31.24, 47.07, 27.31, 17.46, 14.32, 39.4, 0.0, 35.38, 21.21, 9.49, 38.91, 31.91, 28.0, 33.96, 29.21, 20.0, 46.62, 43.91, 23.35, 19.56, 36.5, 28.31, 13.51, 28.31], [8.94, 9.85, 26.91, 26.08, 17.03, 25.0, 7.07, 37.95, 41.23, 27.02, 7.62, 30.08, 19.24, 34.06, 24.02, 32.25, 39.85, 8.54, 24.6, 16.55, 25.5, 38.28, 36.12, 42.54, 38.95, 2.24, 30.41, 8.94, 40.01, 28.23, 30.0, 46.82, 21.1, 14.04, 36.01, 14.14, 14.14, 24.33, 29.41, 17.46, 45.54, 43.17, 34.66, 6.0, 39.45, 35.01, 32.57, 22.2, 41.23, 35.38, 0.0, 14.21, 27.46, 11.4, 41.01, 26.31, 17.46, 8.06, 24.74, 12.37, 12.17, 20.22, 17.22, 33.86, 8.08, 36.01, 8.08], [5.83, 5.39, 13.04, 12.08, 29.73, 19.42, 7.21, 27.02, 31.02, 17.89, 21.63, 19.0, 17.2, 19.85, 15.26, 33.02, 29.02, 6.71, 25.55, 4.47, 26.08, 39.41, 21.93, 41.04, 25.0, 16.28, 21.84, 19.65, 33.24, 17.0, 32.65, 35.36, 7.28, 10.44, 29.55, 25.96, 1.41, 16.55, 19.1, 17.0, 42.8, 33.02, 20.62, 10.3, 39.82, 27.86, 22.02, 9.22, 37.44, 21.21, 14.21, 0.0, 13.42, 20.1, 34.18, 19.85, 19.31, 8.54, 15.81, 25.94, 24.04, 13.6, 4.74, 31.18, 8.14, 23.93, 8.14], [18.6, 17.8, 7.07, 1.41, 43.08, 25.08, 20.59, 23.71, 28.18, 14.56, 34.99, 17.69, 26.31, 7.62, 14.04, 41.11, 25.5, 19.21, 34.71, 11.31, 34.93, 47.17, 9.85, 46.65, 14.32, 29.41, 23.43, 32.89, 34.66, 16.28, 41.98, 29.83, 6.4, 18.36, 31.89, 39.22, 13.93, 21.02, 19.1, 27.07, 47.2, 29.97, 10.05, 22.67, 47.01, 29.73, 20.62, 10.44, 41.4, 9.49, 27.46, 13.42, 0.0, 32.98, 35.38, 19.24, 30.02, 20.52, 19.24, 39.36, 37.34, 20.62, 10.61, 36.91, 21.36, 19.04, 21.36], [17.26, 18.25, 29.97, 31.78, 11.31, 20.12, 14.14, 35.81, 38.08, 36.5, 10.2, 29.0, 13.42, 38.08, 33.54, 22.14, 37.44, 17.46, 15.13, 24.0, 16.12, 27.73, 39.81, 32.98, 41.34, 12.04, 26.93, 3.16, 33.96, 27.59, 19.24, 44.65, 27.29, 24.35, 30.08, 7.07, 19.24, 21.4, 27.66, 11.18, 36.5, 39.82, 37.59, 16.55, 29.15, 29.73, 30.61, 24.6, 33.02, 38.91, 11.4, 20.1, 32.98, 0.0, 34.93, 36.69, 9.22, 18.03, 22.67, 10.44, 5.83, 17.69, 24.51, 25.5, 12.01, 35.36, 12.01], [38.08, 38.33, 28.32, 35.47, 44.94, 16.03, 36.5, 13.93, 11.05, 48.83, 44.41, 17.69, 22.09, 33.02, 47.17, 19.85, 13.34, 39.05, 21.47, 37.58, 20.59, 21.93, 32.76, 16.12, 29.55, 43.0, 12.53, 37.66, 1.0, 19.21, 24.04, 17.26, 35.51, 44.6, 5.0, 41.11, 32.89, 17.72, 16.4, 24.19, 14.14, 11.05, 29.68, 41.59, 20.25, 6.32, 14.87, 26.93, 9.06, 31.91, 41.01, 34.18, 35.38, 34.93, 0.0, 52.48, 25.71, 41.0, 18.38, 45.35, 40.52, 21.38, 37.34, 12.02, 33.74, 18.56, 33.74], [19.7, 18.79, 25.3, 18.44, 43.1, 38.95, 22.85, 42.38, 46.82, 5.1, 33.02, 35.34, 37.01, 26.0, 5.39, 52.8, 44.27, 19.31, 45.22, 15.56, 45.8, 59.2, 28.02, 60.81, 33.0, 27.07, 39.96, 34.93, 51.62, 33.54, 52.15, 49.03, 17.0, 12.37, 48.26, 40.45, 21.26, 35.61, 36.24, 36.62, 62.37, 48.7, 29.07, 20.4, 59.67, 46.32, 38.48, 25.55, 56.85, 28.0, 26.31, 19.85, 19.24, 36.69, 52.48, 0.0, 38.59, 18.68, 34.41, 38.01, 38.47, 33.24, 15.57, 50.92, 25.71, 37.98, 25.71], [19.21, 20.0, 25.32, 29.07, 19.72, 11.4, 16.28, 27.59, 29.41, 37.16, 19.0, 21.63, 5.0, 33.54, 34.44, 15.0, 29.07, 19.85, 7.21, 23.77, 8.06, 21.26, 34.93, 25.08, 35.47, 18.97, 18.44, 12.04, 24.74, 20.59, 13.6, 36.24, 25.5, 27.02, 20.88, 15.65, 18.03, 13.6, 20.0, 3.16, 28.16, 31.06, 32.28, 20.62, 22.2, 20.62, 22.67, 20.1, 24.19, 33.96, 17.46, 19.31, 30.02, 9.22, 25.71, 38.59, 0.0, 21.21, 15.26, 19.65, 14.87, 10.77, 24.05, 16.69, 13.12, 27.9, 13.12], [3.0, 3.16, 21.47, 19.1, 25.08, 25.3, 5.0, 35.23, 39.05, 19.0, 15.52, 27.17, 21.1, 27.66, 16.0, 36.12, 37.22, 2.0, 28.32, 9.22, 29.07, 42.45, 29.83, 45.49, 33.29, 9.49, 29.15, 16.28, 40.02, 25.18, 34.71, 43.74, 14.14, 6.32, 36.14, 22.02, 9.22, 23.35, 27.02, 20.0, 47.89, 41.05, 28.84, 2.24, 43.28, 34.71, 30.07, 17.72, 42.95, 29.21, 8.06, 8.54, 20.52, 18.03, 41.0, 18.68, 21.21, 0.0, 23.09, 20.4, 20.02, 19.65, 9.92, 36.03, 8.2, 32.38, 8.2], [20.1, 20.22, 12.65, 18.87, 33.97, 6.08, 19.03, 13.42, 16.49, 31.14, 29.97, 6.4, 10.3, 20.1, 29.21, 22.36, 15.23, 21.1, 17.12, 19.24, 17.03, 28.16, 21.0, 27.46, 20.62, 26.93, 6.08, 24.41, 17.46, 5.39, 24.0, 22.36, 17.69, 26.25, 13.89, 29.73, 14.56, 2.0, 5.0, 12.21, 28.32, 18.44, 18.03, 24.0, 27.86, 12.08, 8.06, 9.22, 22.63, 20.0, 24.74, 15.81, 19.24, 22.67, 18.38, 34.41, 15.26, 23.09, 0.0, 32.45, 28.43, 5.0, 19.04, 17.68, 16.77, 12.75, 16.77], [21.19, 22.14, 37.8, 38.01, 5.39, 30.46, 18.79, 45.79, 48.3, 39.2, 5.0, 38.6, 23.77, 45.49, 36.22, 31.26, 47.51, 20.88, 25.02, 28.79, 26.02, 36.14, 47.43, 42.3, 49.68, 11.05, 37.12, 8.06, 44.38, 37.01, 27.66, 54.71, 33.11, 26.08, 40.52, 5.39, 25.55, 31.38, 37.44, 21.54, 46.1, 50.09, 45.61, 18.25, 37.85, 40.16, 40.5, 32.65, 43.05, 46.62, 12.37, 25.94, 39.36, 10.44, 45.35, 38.01, 19.65, 20.4, 32.45, 0.0, 5.0, 27.46, 29.44, 35.59, 18.31, 44.91, 18.31], [20.1, 21.1, 34.99, 36.06, 5.83, 25.94, 17.26, 41.62, 43.91, 39.01, 7.07, 34.71, 19.24, 42.94, 36.01, 26.31, 43.27, 20.02, 20.02, 27.46, 21.02, 31.32, 44.78, 37.34, 46.62, 11.7, 32.76, 4.47, 39.56, 33.24, 22.8, 50.48, 31.32, 26.17, 35.74, 2.0, 23.41, 27.2, 33.42, 17.0, 41.11, 45.65, 42.72, 18.11, 32.98, 35.47, 36.4, 29.68, 38.05, 43.91, 12.17, 24.04, 37.34, 5.83, 40.52, 38.47, 14.87, 20.02, 28.43, 5.0, 0.0, 23.43, 28.04, 30.6, 15.98, 41.07, 15.98], [16.76, 17.09, 15.0, 19.92, 29.0, 5.83, 15.13, 18.36, 21.19, 30.61, 25.08, 11.31, 6.08, 23.09, 28.32, 20.62, 20.12, 17.72, 14.14, 17.69, 14.32, 26.83, 24.33, 27.59, 24.7, 22.36, 10.2, 19.42, 20.4, 10.0, 21.38, 27.29, 17.49, 23.71, 16.49, 24.76, 12.21, 4.12, 10.0, 7.62, 29.21, 23.09, 21.59, 20.22, 26.93, 15.13, 13.04, 10.2, 23.85, 23.35, 20.22, 13.6, 20.62, 17.69, 21.38, 33.24, 10.77, 19.65, 5.0, 27.46, 23.43, 0.0, 17.68, 17.68, 12.5, 17.68, 12.5], [8.28, 7.38, 12.75, 9.19, 33.59, 23.38, 10.79, 28.71, 32.96, 13.21, 24.83, 20.99, 21.78, 17.9, 10.7, 37.58, 30.7, 8.75, 30.21, 0.71, 30.7, 43.96, 20.11, 45.26, 23.93, 19.04, 24.83, 23.76, 36.45, 19.04, 37.34, 36.5, 4.3, 8.63, 32.93, 30.01, 6.04, 20.11, 21.51, 21.69, 46.8, 34.94, 19.46, 12.1, 44.3, 31.09, 24.14, 10.79, 41.31, 19.56, 17.22, 4.74, 10.61, 24.51, 37.34, 15.57, 24.05, 9.92, 19.04, 29.44, 28.04, 17.68, 0.0, 35.36, 12.5, 25.0, 12.5], [33.44, 33.98, 30.21, 36.53, 34.33, 12.1, 31.09, 21.78, 20.89, 48.21, 35.59, 20.99, 14.98, 37.02, 45.98, 7.91, 22.19, 34.3, 10.61, 35.36, 9.62, 11.51, 37.48, 9.92, 35.67, 35.53, 14.71, 28.54, 11.34, 21.51, 12.02, 27.97, 34.91, 40.92, 9.19, 30.83, 29.77, 15.95, 19.04, 16.45, 11.85, 21.69, 34.33, 36.01, 10.61, 10.79, 19.56, 26.77, 7.52, 36.5, 33.86, 31.18, 36.91, 25.5, 12.02, 50.92, 16.69, 36.03, 17.68, 35.59, 30.6, 17.68, 35.36, 0.0, 27.95, 25.0, 27.95], [6.1, 6.95, 19.53, 20.08, 21.73, 17.76, 3.2, 29.89, 33.25, 24.86, 14.5, 22.01, 12.97, 27.19, 21.98, 27.95, 31.8, 6.73, 20.16, 12.01, 20.89, 34.3, 29.12, 37.31, 31.48, 10.31, 22.59, 11.54, 32.75, 20.16, 26.71, 38.75, 15.4, 13.9, 28.78, 17.87, 7.43, 16.53, 21.36, 11.8, 39.8, 35.2, 27.34, 8.08, 35.09, 27.57, 24.52, 14.5, 35.0, 28.31, 8.08, 8.14, 21.36, 12.01, 33.74, 25.71, 13.12, 8.2, 16.77, 18.31, 15.98, 12.5, 12.5, 27.95, 0.0, 27.95, 0.0], [29.47, 29.23, 12.75, 19.61, 46.67, 17.22, 29.44, 4.95, 9.3, 33.53, 42.03, 6.36, 22.9, 14.85, 32.63, 31.82, 6.52, 30.44, 28.5, 25.5, 28.15, 36.5, 14.3, 33.14, 11.07, 38.24, 10.79, 36.94, 18.12, 7.91, 34.56, 11.51, 21.64, 33.53, 16.87, 42.43, 23.16, 14.3, 7.91, 24.91, 32.26, 10.98, 11.34, 33.86, 35.53, 14.71, 5.7, 14.71, 26.58, 13.51, 36.01, 23.93, 19.04, 35.36, 18.56, 37.98, 27.9, 32.38, 12.75, 44.91, 41.07, 17.68, 25.0, 25.0, 27.95, 0.0, 27.95], [6.1, 6.95, 19.53, 20.08, 21.73, 17.76, 3.2, 29.89, 33.25, 24.86, 14.5, 22.01, 12.97, 27.19, 21.98, 27.95, 31.8, 6.73, 20.16, 12.01, 20.89, 34.3, 29.12, 37.31, 31.48, 10.31, 22.59, 11.54, 32.75, 20.16, 26.71, 38.75, 15.4, 13.9, 28.78, 17.87, 7.43, 16.53, 21.36, 11.8, 39.8, 35.2, 27.34, 8.08, 35.09, 27.57, 24.52, 14.5, 35.0, 28.31, 8.08, 8.14, 21.36, 12.01, 33.74, 25.71, 13.12, 8.2, 16.77, 18.31, 15.98, 12.5, 12.5, 27.95, 0.0, 27.95, 0.0]]
[20, 20, 20, 20, 20, 20]
5
[[0.0, 586.0], [0.0, 93.0], [224.0, 370.0], [398.0, 545.0], [308.0, 375.0], [6.0, 153.0], [0.0, 79.0], [163.0, 320.0], [148.0, 296.0], [439.0, 523.0], [363.0, 419.0], [428.0, 461.0], [37.0, 165.0], [227.0, 360.0], [232.0, 337.0], [123.0, 250.0], [158.0, 283.0], [0.0, 62.0], [53.0, 176.0], [0.0, 73.0], [75.0, 151.0], [399.0, 470.0], [184.0, 290.0], [110.0, 171.0], [172.0, 303.0], [254.0, 405.0], [0.0, 70.0], [331.0, 435.0], [123.0, 221.0], [41.0, 63.0], [60.0, 127.0], [209.0, 297.0], [210.0, 301.0], [256.0, 342.0], [73.0, 181.0], [292.0, 434.0], [0.0, 105.0], [6.0, 171.0], [0.0, 68.0], [25.0, 134.0], [179.0, 253.0], [193.0, 238.0], [226.0, 333.0], [0.0, 39.0], [113.0, 215.0], [137.0, 167.0], [46.0, 130.0], [0.0, 93.0], [83.0, 202.0], [518.0, 559.0], [0.0, 52.0], [0.0, 105.0], [260.0, 375.0], [513.0, 531.0], [181.0, 259.0], [232.0, 319.0], [31.0, 189.0], [0.0, 87.0], [105.0, 202.0], [274.0, 394.0], [496.0, 517.0], [0.0, 586.0], [0.0, 586.0], [0.0, 586.0], [0.0, 586.0], [0.0, 586.0], [0.0, 586.0]]
[[9.0, 20.0], [9.0, 19.0], [25.0, 10.0], [19.0, 6.0], [4.0, 45.0], [30.0, 28.0], [10.0, 23.0], [41.0, 16.0], [45.0, 18.0], [6.0, 1.0], [2.0, 35.0], [33.0, 17.0], [24.0, 31.0], [27.0, 2.0], [6.0, 4.0], [33.0, 44.0], [43.0, 16.0], [8.0, 20.0], [27.0, 39.0], [12.0, 13.0], [28.0, 39.0], [37.0, 49.0], [29.0, 1.0], [44.0, 45.0], [34.0, 2.0], [3.0, 29.0], [35.0, 23.0], [9.0, 36.0], [45.0, 29.0], [31.0, 17.0], [29.0, 46.0], [49.0, 12.0], [16.0, 10.0], [4.0, 14.0], [41.0, 29.0], [7.0, 42.0], [15.0, 18.0], [29.0, 24.0], [33.0, 19.0], [22.0, 32.0], [48.0, 43.0], [47.0, 18.0], [30.0, 4.0], [5.0, 22.0], [39.0, 48.0], [40.0, 27.0], [36.0, 18.0], [23.0, 15.0], [45.0, 38.0], [29.0, 2.0], [5.0, 28.0], [14.0, 17.0], [20.0, 5.0], [12.0, 37.0], [46.0, 29.0], [1.0, 2.0], [21.0, 35.0], [6.0, 20.0], [29.0, 22.0], [2.0, 40.0], [7.0, 40.0], [25.0, 25.0], [12.5, 12.5], [37.5, 37.5], [12.5, 25.0], [37.5, 12.5], [12.5, 25.0]]
[[0.0, 0.0], [0.0, 0.0], [0.0, 0.0], [0.0, 0.0], [0.0, 0.0], [0.0, 0.0], [0.0, 0.0], [0.0, 0.0], [0.0, 0.0], [0.0, 0.0], [0.0, 0.0], [0.0, 0.0], [0.0, 0.0], [0.0, 0.0], [0.0, 0.0], [0.0, 0.0], [0.0, 0.0], [0.0, 0.0], [0.0, 0.0], [0.0, 0.0], [0.0, 0.0], [0.0, 0.0], [0.0, 0.0], [0.0, 0.0], [0.0, 0.0], [0.0, 0.0], [0.0, 0.0], [0.0, 0.0], [0.0, 0.0], [0.0, 0.0], [0.0, 0.0], [0.0, 0.0], [0.0, 0.0], [0.0, 0.0], [0.0, 0.0], [0.0, 0.0], [0.0, 0.0], [0.0, 0.0], [0.0, 0.0], [0.0, 0.0], [0.0, 0.0], [0.0, 0.0], [0.0, 0.0], [0.0, 0.0], [0.0, 0.0], [0.0, 0.0], [0.0, 0.0], [0.0, 0.0], [0.0, 0.0], [0.0, 0.0], [0.0, 0.0], [0.0, 0.0], [0.0, 0.0], [0.0, 0.0], [0.0, 0.0], [0.0, 0.0], [0.0, 0.0], [0.0, 0.0], [0.0, 0.0], [0.0, 0.0], [0.0, 0.0], [0.0, 0.0], [0.0, 0.0], [0.0, 0.0], [0.0, 0.0], [0.0, 0.0], [0.0, 0.0]]
^demand; service time^
!! n60w100.001    93.73 582
