60
[[0.0, 26.93, 20.1, 45.54, 12.73, 26.17, 43.28, 28.02, 26.08, 43.66, 27.07, 18.68, 31.06, 18.25, 33.11, 44.15, 43.01, 17.69, 14.32, 28.02, 48.85, 55.32, 34.13, 51.88, 49.4, 27.86, 19.65, 36.06, 41.01, 36.36, 62.24, 26.25, 58.6, 47.71, 30.81, 48.02, 33.54, 31.3, 37.66, 56.4, 42.72, 37.01, 51.62, 51.97, 17.03, 45.88, 18.03, 44.28, 41.59, 48.85, 48.92, 44.29, 42.19, 28.07, 54.04, 42.94, 20.25, 58.14, 43.0, 30.08, 21.1, 31.11, 35.78, 35.78, 23.96, 48.79, 23.96], [26.93, 0.0, 9.43, 18.68, 16.03, 32.25, 19.7, 30.0, 28.02, 16.76, 8.25, 21.54, 7.07, 29.12, 6.4, 36.25, 18.03, 13.34, 12.65, 15.81, 35.51, 31.06, 20.25, 25.24, 22.47, 21.93, 21.93, 9.22, 40.46, 21.84, 38.59, 8.6, 38.33, 30.02, 8.0, 21.93, 8.94, 21.1, 32.45, 31.24, 33.62, 13.6, 25.5, 25.61, 25.0, 34.21, 25.3, 17.49, 35.85, 35.51, 25.06, 17.8, 38.28, 8.54, 33.24, 16.4, 8.06, 36.4, 20.59, 25.5, 7.07, 12.37, 9.51, 28.99, 3.04, 26.28, 3.04], [20.1, 9.43, 0.0, 26.42, 13.04, 33.24, 29.07, 32.2, 30.0, 24.7, 7.0, 21.93, 16.16, 28.02, 15.62, 42.2, 27.46, 13.6, 8.06, 21.38, 43.01, 40.5, 27.07, 34.06, 30.53, 26.0, 22.67, 17.2, 44.29, 29.02, 48.02, 15.0, 47.43, 38.47, 16.76, 31.14, 13.6, 26.68, 37.34, 40.61, 39.81, 22.85, 34.66, 34.66, 24.21, 41.19, 24.84, 26.25, 41.11, 43.01, 34.48, 26.87, 43.08, 8.0, 42.38, 25.46, 9.49, 45.69, 23.09, 29.55, 9.22, 20.1, 16.32, 34.15, 7.76, 35.59, 7.76], [45.54, 18.68, 26.42, 0.0, 34.53, 47.3, 16.4, 43.97, 42.45, 2.0, 20.62, 38.12, 17.12, 46.1, 13.04, 43.28, 12.81, 31.06, 31.32, 28.16, 38.42, 21.02, 28.65, 9.49, 4.24, 34.79, 38.21, 9.49, 51.11, 28.84, 28.07, 23.09, 32.98, 30.23, 18.25, 10.2, 13.45, 31.78, 42.19, 19.1, 40.46, 16.12, 12.04, 11.18, 42.05, 38.9, 42.11, 5.0, 44.41, 38.42, 18.03, 7.21, 47.43, 19.85, 28.46, 7.07, 26.31, 29.43, 15.0, 37.7, 25.32, 22.14, 10.12, 38.76, 21.71, 21.27, 21.71], [12.73, 16.03, 13.04, 34.53, 0.0, 20.81, 30.61, 20.62, 18.38, 32.56, 19.31, 9.85, 18.79, 15.0, 21.59, 34.01, 30.53, 5.0, 5.0, 15.65, 37.36, 42.64, 21.93, 39.92, 38.08, 17.03, 10.77, 25.18, 33.53, 24.17, 49.52, 13.6, 46.04, 35.36, 18.36, 35.78, 24.19, 19.65, 28.07, 43.83, 32.14, 24.41, 39.36, 39.81, 11.31, 34.71, 12.04, 32.57, 32.06, 37.36, 36.24, 32.31, 33.38, 20.25, 41.4, 31.02, 8.25, 45.45, 35.17, 20.02, 9.22, 18.38, 25.5, 25.5, 13.01, 36.06, 13.01], [26.17, 32.25, 33.24, 47.3, 20.81, 0.0, 36.06, 4.47, 5.0, 45.35, 38.42, 11.31, 30.36, 8.0, 35.11, 21.4, 38.01, 19.85, 25.61, 19.24, 29.07, 46.1, 21.21, 49.04, 49.65, 13.0, 10.63, 39.56, 15.13, 22.56, 50.92, 24.7, 43.42, 32.2, 29.12, 44.01, 41.18, 17.12, 14.87, 48.66, 21.21, 32.14, 47.01, 48.0, 9.85, 25.5, 8.94, 43.57, 18.03, 29.07, 40.45, 42.3, 17.46, 39.2, 40.31, 41.44, 25.0, 44.78, 52.84, 11.4, 25.81, 25.32, 40.97, 15.12, 29.95, 38.45, 29.95], [43.28, 19.7, 29.07, 16.4, 30.61, 36.06, 0.0, 32.0, 31.06, 15.26, 26.68, 29.73, 13.04, 37.36, 14.32, 27.46, 3.61, 25.81, 29.73, 17.72, 22.02, 12.04, 15.03, 13.6, 16.4, 23.09, 29.41, 16.03, 36.4, 14.32, 19.21, 17.03, 19.1, 13.89, 12.81, 8.54, 22.0, 19.0, 27.51, 13.42, 24.7, 6.4, 11.05, 12.17, 33.84, 22.67, 33.53, 11.4, 29.07, 22.02, 5.66, 9.22, 32.2, 26.48, 14.04, 9.43, 23.35, 16.76, 29.73, 25.02, 22.67, 12.53, 18.56, 24.38, 21.52, 6.67, 21.52], [28.02, 30.0, 32.2, 43.97, 20.62, 4.47, 32.0, 0.0, 2.24, 42.06, 36.77, 10.77, 27.31, 10.77, 32.2, 17.49, 34.13, 18.6, 25.06, 15.81, 24.76, 41.77, 17.03, 45.18, 46.1, 9.22, 9.85, 36.67, 13.15, 18.25, 46.49, 21.95, 38.95, 27.73, 26.0, 40.11, 38.83, 13.0, 10.82, 44.41, 17.03, 28.44, 43.01, 44.05, 11.0, 21.21, 10.0, 40.02, 14.32, 24.76, 36.22, 38.64, 14.32, 37.48, 35.85, 37.85, 23.35, 40.31, 50.48, 7.07, 24.04, 21.84, 38.27, 10.7, 27.99, 34.12, 27.99], [26.08, 28.02, 30.0, 42.45, 18.38, 5.0, 31.06, 2.24, 0.0, 40.52, 34.66, 8.54, 25.63, 9.43, 30.46, 18.79, 33.02, 16.4, 22.83, 14.32, 25.5, 41.23, 16.28, 44.05, 44.72, 8.0, 7.62, 34.93, 15.3, 17.72, 46.24, 20.12, 39.12, 27.78, 24.35, 39.01, 36.89, 12.17, 12.08, 43.74, 18.03, 27.17, 42.01, 43.0, 9.06, 22.02, 8.06, 38.64, 15.81, 25.5, 35.51, 37.34, 16.12, 35.38, 35.78, 36.5, 21.21, 40.25, 48.55, 6.71, 21.93, 20.4, 36.45, 11.34, 25.93, 33.59, 25.93], [43.66, 16.76, 24.7, 2.0, 32.56, 45.35, 15.26, 42.06, 40.52, 0.0, 19.1, 36.12, 15.13, 44.1, 11.05, 41.77, 11.66, 29.07, 29.41, 26.25, 37.2, 21.02, 26.93, 10.3, 5.83, 32.89, 36.22, 7.62, 49.4, 27.2, 28.28, 21.1, 32.56, 29.15, 16.28, 10.0, 12.04, 29.97, 40.5, 19.42, 38.95, 14.42, 12.37, 11.7, 40.05, 37.54, 40.11, 4.12, 42.8, 37.2, 17.46, 6.32, 45.8, 18.38, 27.89, 5.83, 24.33, 29.15, 15.13, 35.85, 23.35, 20.25, 8.51, 37.05, 19.78, 20.55, 19.78], [27.07, 8.25, 7.0, 20.62, 19.31, 38.42, 26.68, 36.77, 34.66, 19.1, 0.0, 27.2, 15.03, 34.0, 12.37, 44.38, 24.35, 18.6, 14.56, 23.71, 43.74, 37.16, 28.46, 29.07, 24.84, 29.41, 27.8, 12.21, 48.01, 30.08, 44.78, 16.55, 45.71, 38.01, 16.12, 26.93, 7.21, 29.07, 40.31, 36.72, 41.79, 21.1, 30.23, 30.0, 30.02, 42.45, 30.53, 21.4, 43.83, 43.74, 31.62, 22.47, 46.14, 1.0, 40.61, 21.1, 13.45, 43.42, 16.12, 33.02, 12.73, 20.62, 10.61, 36.91, 9.01, 33.35, 9.01], [18.68, 21.54, 21.93, 38.12, 9.85, 11.31, 29.73, 10.77, 8.54, 36.12, 27.2, 0.0, 21.02, 8.0, 25.32, 25.5, 30.81, 8.6, 14.42, 12.08, 30.41, 41.15, 17.03, 41.44, 41.0, 9.43, 1.0, 29.61, 23.77, 19.1, 47.17, 15.03, 41.73, 30.41, 20.0, 36.67, 30.46, 13.45, 19.1, 43.08, 24.04, 24.52, 40.02, 40.79, 4.12, 27.31, 4.0, 35.01, 23.09, 30.41, 34.93, 34.13, 24.02, 28.02, 37.64, 33.06, 13.89, 42.01, 42.05, 11.4, 14.76, 17.46, 30.7, 17.1, 19.01, 33.8, 19.01], [31.06, 7.07, 16.16, 17.12, 18.79, 30.36, 13.04, 27.31, 25.63, 15.13, 15.03, 21.02, 0.0, 29.02, 5.0, 30.53, 12.04, 14.56, 17.03, 11.66, 28.86, 24.84, 14.42, 21.19, 20.02, 18.36, 21.1, 9.43, 36.12, 15.65, 32.2, 6.0, 31.32, 23.0, 1.41, 17.0, 13.04, 16.28, 27.59, 25.5, 27.78, 6.71, 20.59, 21.02, 25.0, 27.86, 25.02, 14.14, 30.61, 28.86, 18.6, 13.6, 33.3, 15.13, 26.25, 12.37, 10.82, 29.55, 24.04, 21.63, 10.0, 6.4, 11.34, 24.05, 8.5, 19.46, 8.5], [18.25, 29.12, 28.02, 46.1, 15.0, 8.0, 37.36, 10.77, 9.43, 44.1, 34.0, 8.0, 29.02, 0.0, 33.24, 28.18, 38.64, 15.81, 20.0, 19.65, 34.83, 48.47, 23.71, 49.37, 49.0, 15.26, 8.06, 37.48, 23.09, 25.55, 54.12, 23.02, 47.8, 36.4, 28.0, 44.55, 37.95, 19.72, 21.47, 50.6, 27.46, 32.39, 47.85, 48.66, 4.12, 31.4, 4.0, 43.01, 25.08, 34.83, 42.38, 42.11, 25.0, 34.89, 44.1, 41.05, 21.19, 48.55, 49.4, 15.56, 22.14, 25.32, 38.45, 20.7, 26.41, 40.97, 26.41], [33.11, 6.4, 15.62, 13.04, 21.59, 35.11, 14.32, 32.2, 30.46, 11.05, 12.37, 25.32, 5.0, 33.24, 0.0, 35.23, 12.08, 18.03, 18.79, 16.64, 32.89, 25.06, 19.21, 18.87, 16.49, 23.32, 25.5, 4.47, 41.11, 20.25, 32.65, 10.44, 33.38, 26.31, 6.4, 15.56, 8.54, 21.26, 32.53, 25.0, 32.45, 9.06, 19.1, 19.21, 29.15, 32.2, 29.27, 11.18, 35.47, 32.89, 19.31, 11.4, 38.21, 12.17, 28.28, 10.0, 13.34, 31.05, 19.1, 26.63, 12.37, 11.31, 6.36, 28.99, 9.18, 20.99, 9.18], [44.15, 36.25, 42.2, 43.28, 34.01, 21.4, 27.46, 17.49, 18.79, 41.77, 44.38, 25.5, 30.53, 28.18, 35.23, 0.0, 30.81, 30.07, 37.12, 20.88, 9.22, 32.76, 16.12, 40.71, 43.83, 17.0, 24.52, 39.2, 11.18, 15.0, 35.0, 27.86, 25.32, 16.28, 29.15, 35.85, 43.57, 15.52, 6.71, 36.14, 2.83, 27.59, 37.58, 38.91, 27.51, 6.0, 26.57, 38.42, 3.61, 9.22, 29.15, 36.4, 6.08, 44.78, 24.02, 36.24, 32.76, 28.02, 54.2, 14.14, 32.98, 24.19, 41.5, 8.51, 35.58, 25.93, 35.58], [43.01, 18.03, 27.46, 12.81, 30.53, 38.01, 3.61, 34.13, 33.02, 11.66, 24.35, 30.81, 12.04, 38.64, 12.08, 30.81, 0.0, 25.94, 29.07, 19.1, 25.61, 13.04, 17.46, 11.05, 13.04, 25.02, 30.59, 13.04, 39.4, 17.09, 20.59, 17.0, 22.0, 17.49, 12.21, 6.0, 19.1, 21.21, 30.46, 13.45, 28.02, 6.32, 9.22, 10.05, 34.93, 26.17, 34.71, 7.81, 32.25, 25.61, 7.28, 5.66, 35.36, 24.04, 17.03, 5.83, 22.8, 19.24, 26.25, 27.29, 22.02, 13.34, 15.51, 27.21, 20.23, 9.51, 20.23], [17.69, 13.34, 13.6, 31.06, 5.0, 19.85, 25.81, 18.6, 16.4, 29.07, 18.6, 8.6, 14.56, 15.81, 18.03, 30.07, 25.94, 0.0, 7.07, 10.77, 32.76, 37.8, 17.09, 35.74, 34.37, 13.15, 9.22, 22.02, 30.87, 19.31, 44.6, 8.94, 41.05, 30.41, 13.93, 31.38, 22.14, 15.13, 24.52, 39.12, 28.0, 19.72, 34.93, 35.47, 11.7, 30.27, 12.08, 28.64, 28.44, 32.76, 31.4, 28.16, 30.08, 19.42, 36.4, 26.93, 5.39, 40.46, 33.62, 16.49, 6.32, 13.45, 22.77, 21.64, 10.59, 31.12, 10.59], [14.32, 12.65, 8.06, 31.32, 5.0, 25.61, 29.73, 25.06, 22.83, 29.41, 14.56, 14.42, 17.03, 20.0, 18.79, 37.12, 29.07, 7.07, 0.0, 17.26, 39.46, 41.73, 23.54, 37.59, 35.11, 20.22, 15.26, 21.84, 37.7, 25.71, 48.92, 13.04, 46.53, 36.4, 16.97, 33.84, 20.0, 22.02, 31.58, 42.52, 35.01, 23.35, 37.44, 37.74, 16.28, 37.12, 16.97, 29.97, 35.51, 39.46, 35.38, 30.02, 37.11, 15.52, 41.68, 28.65, 6.4, 45.49, 30.59, 23.54, 7.07, 18.36, 21.78, 28.71, 9.66, 35.7, 9.66], [28.02, 15.81, 21.38, 28.16, 15.65, 19.24, 17.72, 15.81, 14.32, 26.25, 23.71, 12.08, 11.66, 19.65, 16.64, 20.88, 19.1, 10.77, 17.26, 0.0, 22.2, 29.07, 6.32, 30.02, 30.41, 6.71, 11.7, 21.1, 24.76, 8.54, 35.23, 7.21, 30.61, 19.72, 10.3, 25.08, 24.04, 5.39, 16.64, 31.02, 18.44, 13.0, 28.28, 29.15, 16.16, 20.0, 15.81, 24.33, 20.12, 22.2, 22.85, 23.09, 22.47, 24.19, 26.17, 22.2, 12.04, 30.41, 35.47, 10.0, 12.17, 6.08, 22.9, 13.21, 14.77, 21.78, 14.77], [48.85, 35.51, 43.01, 38.42, 37.36, 29.07, 22.02, 24.76, 25.5, 37.2, 43.74, 30.41, 28.86, 34.83, 32.89, 9.22, 25.61, 32.76, 39.46, 22.2, 0.0, 24.7, 16.03, 34.21, 38.18, 21.02, 29.53, 36.25, 20.4, 14.0, 26.08, 28.02, 16.12, 8.6, 27.66, 29.73, 41.44, 17.72, 14.42, 28.23, 8.06, 24.17, 30.81, 32.2, 33.29, 3.61, 32.45, 33.42, 12.65, 0.0, 22.2, 31.24, 15.3, 43.93, 15.3, 31.4, 34.06, 19.03, 51.0, 19.42, 34.01, 23.19, 38.74, 14.16, 35.63, 18.72, 35.63], [55.32, 31.06, 40.5, 21.02, 42.64, 46.1, 12.04, 41.77, 41.23, 21.02, 37.16, 41.15, 24.84, 48.47, 25.06, 32.76, 13.04, 37.8, 41.73, 29.07, 24.7, 0.0, 25.0, 12.65, 18.44, 33.53, 40.72, 25.3, 43.29, 23.54, 7.62, 29.07, 13.04, 16.49, 24.76, 11.05, 31.32, 29.12, 35.01, 3.61, 30.41, 18.38, 9.22, 10.44, 45.19, 26.93, 44.78, 17.12, 35.36, 24.7, 6.4, 15.3, 38.47, 36.77, 10.0, 16.49, 35.36, 8.94, 36.01, 34.71, 34.66, 24.41, 27.54, 32.53, 33.2, 7.65, 33.2], [34.13, 20.25, 27.07, 28.65, 21.93, 21.21, 15.03, 17.03, 16.28, 26.93, 28.46, 17.03, 14.42, 23.71, 19.21, 16.12, 17.46, 17.09, 23.54, 6.32, 16.03, 25.0, 0.0, 28.44, 30.08, 8.54, 16.4, 23.35, 22.47, 2.24, 30.41, 12.17, 24.76, 13.6, 13.04, 23.35, 27.46, 4.12, 13.6, 27.46, 13.42, 12.53, 26.08, 27.17, 20.81, 14.14, 20.25, 24.17, 16.28, 16.03, 19.24, 22.47, 19.1, 28.79, 20.62, 21.93, 18.03, 25.0, 38.29, 10.0, 18.0, 8.06, 25.54, 10.12, 19.91, 17.39, 19.91], [51.88, 25.24, 34.06, 9.49, 39.92, 49.04, 13.6, 45.18, 44.05, 10.3, 29.07, 41.44, 21.19, 49.37, 18.87, 40.71, 11.05, 35.74, 37.59, 30.02, 34.21, 12.65, 28.44, 0.0, 6.0, 36.06, 41.3, 16.97, 49.98, 27.89, 19.03, 26.93, 25.5, 25.61, 21.84, 5.1, 22.2, 32.25, 41.11, 10.05, 38.01, 17.03, 3.61, 2.24, 45.54, 35.51, 45.4, 7.81, 42.54, 34.21, 12.04, 7.62, 45.69, 28.43, 21.63, 8.94, 31.78, 21.54, 24.19, 38.33, 30.87, 24.08, 18.51, 37.98, 28.04, 15.57, 28.04], [49.4, 22.47, 30.53, 4.24, 38.08, 49.65, 16.4, 46.1, 44.72, 5.83, 24.84, 41.0, 20.02, 49.0, 16.49, 43.83, 13.04, 34.37, 35.11, 30.41, 38.18, 18.44, 30.08, 6.0, 0.0, 36.88, 41.01, 13.42, 52.33, 29.97, 25.02, 26.02, 31.02, 29.73, 21.0, 8.6, 17.69, 33.53, 43.38, 16.03, 41.05, 17.72, 9.22, 8.06, 45.01, 39.05, 45.0, 6.08, 45.28, 38.18, 16.64, 7.62, 48.37, 24.08, 26.83, 8.25, 29.83, 27.2, 18.25, 39.56, 28.86, 24.33, 14.3, 40.06, 25.46, 20.11, 25.46], [27.86, 21.93, 26.0, 34.79, 17.03, 13.0, 23.09, 9.22, 8.0, 32.89, 29.41, 9.43, 18.36, 15.26, 23.32, 17.0, 25.02, 13.15, 20.22, 6.71, 21.02, 33.53, 8.54, 36.06, 36.88, 0.0, 8.6, 27.78, 18.6, 10.3, 38.91, 13.45, 32.65, 21.26, 17.0, 31.02, 30.48, 4.47, 11.4, 35.9, 15.13, 19.24, 34.01, 35.0, 12.73, 18.03, 12.04, 30.81, 15.3, 21.02, 27.66, 29.43, 17.09, 30.0, 28.84, 28.64, 16.55, 33.29, 42.01, 3.61, 17.0, 12.65, 29.54, 8.51, 20.4, 25.93, 20.4], [19.65, 21.93, 22.67, 38.21, 10.77, 10.63, 29.41, 9.85, 7.62, 36.22, 27.8, 1.0, 21.1, 8.06, 25.5, 24.52, 30.59, 9.22, 15.26, 11.7, 29.53, 40.72, 16.4, 41.3, 41.01, 8.6, 0.0, 29.83, 22.8, 18.44, 46.65, 15.13, 41.04, 29.7, 20.02, 36.5, 30.87, 12.73, 18.11, 42.72, 23.09, 24.33, 39.81, 40.61, 4.47, 26.4, 4.12, 35.0, 22.09, 29.53, 34.54, 34.06, 23.02, 28.6, 37.01, 33.02, 14.42, 41.4, 42.49, 10.44, 15.26, 17.26, 30.99, 16.14, 19.47, 33.32, 19.47], [36.06, 9.22, 17.2, 9.49, 25.18, 39.56, 16.03, 36.67, 34.93, 7.62, 12.21, 29.61, 9.43, 37.48, 4.47, 39.2, 13.04, 22.02, 21.84, 21.1, 36.25, 25.3, 23.35, 16.97, 13.42, 27.78, 29.83, 0.0, 45.45, 24.21, 32.89, 14.87, 35.01, 29.12, 10.82, 14.76, 6.08, 25.61, 36.8, 24.6, 36.4, 12.08, 18.03, 17.8, 33.38, 35.85, 33.54, 9.22, 39.62, 36.25, 20.22, 10.3, 42.43, 11.66, 30.0, 8.94, 17.03, 32.25, 15.0, 31.06, 16.03, 15.62, 2.55, 33.26, 12.26, 22.51, 12.26], [41.01, 40.46, 44.29, 51.11, 33.53, 15.13, 36.4, 13.15, 15.3, 49.4, 48.01, 23.77, 36.12, 23.09, 41.11, 11.18, 39.4, 30.87, 37.7, 24.76, 20.4, 43.29, 22.47, 49.98, 52.33, 18.6, 22.8, 45.45, 0.0, 22.36, 46.04, 31.89, 36.5, 27.02, 34.71, 44.94, 48.8, 19.85, 8.94, 46.53, 13.0, 34.99, 47.13, 48.38, 24.08, 17.12, 23.09, 46.53, 8.0, 20.4, 39.05, 44.72, 5.1, 48.6, 35.01, 44.29, 34.99, 39.12, 60.14, 15.0, 35.51, 29.83, 47.46, 12.35, 39.0, 36.09, 39.0], [36.36, 21.84, 29.02, 28.84, 24.17, 22.56, 14.32, 18.25, 17.72, 27.2, 30.08, 19.1, 15.65, 25.55, 20.25, 15.0, 17.09, 19.31, 25.71, 8.54, 14.0, 23.54, 2.24, 27.89, 29.97, 10.3, 18.44, 24.21, 22.36, 0.0, 28.64, 14.04, 22.63, 11.4, 14.32, 22.8, 28.65, 5.83, 13.42, 26.17, 12.21, 12.81, 25.32, 26.48, 22.8, 12.37, 22.2, 24.19, 15.62, 14.0, 18.03, 22.36, 18.6, 30.36, 18.6, 21.95, 20.1, 23.02, 39.2, 11.18, 20.02, 9.49, 26.5, 10.12, 21.71, 15.89, 21.71], [62.24, 38.59, 48.02, 28.07, 49.52, 50.92, 19.21, 46.49, 46.24, 28.28, 44.78, 47.17, 32.2, 54.12, 32.65, 35.0, 20.59, 44.6, 48.92, 35.23, 26.08, 7.62, 30.41, 19.03, 25.02, 38.91, 46.65, 32.89, 46.04, 28.64, 0.0, 36.07, 10.77, 19.24, 32.02, 18.44, 38.9, 34.44, 38.47, 9.0, 33.06, 25.61, 16.03, 17.0, 51.11, 29.0, 50.61, 24.52, 38.05, 26.08, 13.6, 22.8, 41.01, 44.38, 11.05, 24.04, 42.52, 7.07, 43.05, 39.56, 41.87, 31.14, 35.11, 36.5, 40.64, 13.51, 40.64], [26.25, 8.6, 15.0, 23.09, 13.6, 24.7, 17.03, 21.95, 20.12, 21.1, 16.55, 15.03, 6.0, 23.02, 10.44, 27.86, 17.0, 8.94, 13.04, 7.21, 28.02, 29.07, 12.17, 26.93, 26.02, 13.45, 15.13, 14.87, 31.89, 14.04, 36.07, 0.0, 33.54, 23.77, 5.1, 22.47, 17.03, 12.53, 23.85, 30.23, 25.3, 10.82, 26.0, 26.57, 19.0, 26.31, 19.03, 20.1, 27.29, 28.02, 22.67, 19.42, 29.68, 17.0, 28.65, 18.25, 6.71, 32.45, 28.6, 16.97, 6.32, 5.39, 16.32, 20.41, 7.76, 22.73, 7.76], [58.6, 38.33, 47.43, 32.98, 46.04, 43.42, 19.1, 38.95, 39.12, 32.56, 45.71, 41.73, 31.32, 47.8, 33.38, 25.32, 22.0, 41.05, 46.53, 30.61, 16.12, 13.04, 24.76, 25.5, 31.02, 32.65, 41.04, 35.01, 36.5, 22.63, 10.77, 33.54, 0.0, 11.4, 30.68, 22.8, 41.05, 28.32, 29.73, 16.4, 23.77, 24.74, 21.93, 23.26, 45.34, 19.42, 44.69, 28.44, 28.64, 16.12, 15.13, 26.31, 31.4, 45.54, 5.1, 27.17, 40.25, 4.24, 47.68, 32.45, 39.81, 28.18, 37.5, 28.4, 39.69, 12.51, 39.69], [47.71, 30.02, 38.47, 30.23, 35.36, 32.2, 13.89, 27.73, 27.78, 29.15, 38.01, 30.41, 23.0, 36.4, 26.31, 16.28, 17.49, 30.41, 36.4, 19.72, 8.6, 16.49, 13.6, 25.61, 29.73, 21.26, 29.7, 29.12, 27.02, 11.4, 19.24, 23.77, 11.4, 0.0, 22.02, 21.21, 34.71, 16.97, 19.24, 19.92, 14.04, 17.26, 22.2, 23.6, 33.97, 10.44, 33.3, 25.24, 19.03, 8.6, 13.6, 23.02, 22.09, 38.05, 8.25, 23.32, 30.36, 12.65, 43.46, 21.1, 30.08, 18.44, 31.66, 17.39, 30.76, 10.12, 30.76], [30.81, 8.0, 16.76, 18.25, 18.36, 29.12, 12.81, 26.0, 24.35, 16.28, 16.12, 20.0, 1.41, 28.0, 6.4, 29.15, 12.21, 13.93, 16.97, 10.3, 27.66, 24.76, 13.04, 21.84, 21.0, 17.0, 20.02, 10.82, 34.71, 14.32, 32.02, 5.1, 30.68, 22.02, 0.0, 17.46, 14.42, 14.87, 26.17, 25.61, 26.42, 6.4, 21.02, 21.54, 24.02, 26.57, 24.0, 15.03, 29.21, 27.66, 18.44, 14.32, 31.89, 16.28, 25.63, 13.15, 10.63, 29.07, 25.46, 20.25, 9.9, 5.0, 12.75, 22.64, 9.01, 19.04, 9.01], [48.02, 21.93, 31.14, 10.2, 35.78, 44.01, 8.54, 40.11, 39.01, 10.0, 26.93, 36.67, 17.0, 44.55, 15.56, 35.85, 6.0, 31.38, 33.84, 25.08, 29.73, 11.05, 23.35, 5.1, 8.6, 31.02, 36.5, 14.76, 44.94, 22.8, 18.44, 22.47, 22.8, 21.21, 17.46, 0.0, 20.62, 27.17, 36.06, 9.85, 33.12, 12.17, 3.61, 4.12, 40.79, 30.81, 40.61, 6.08, 37.58, 29.73, 8.06, 4.47, 40.72, 26.42, 18.38, 5.83, 27.78, 19.24, 25.08, 33.24, 26.93, 19.24, 16.81, 32.9, 24.52, 11.51, 24.52], [33.54, 8.94, 13.6, 13.45, 24.19, 41.18, 22.0, 38.83, 36.89, 12.04, 7.21, 30.46, 13.04, 37.95, 8.54, 43.57, 19.1, 22.14, 20.0, 24.04, 41.44, 31.32, 27.46, 22.2, 17.69, 30.48, 30.87, 6.08, 48.8, 28.65, 38.9, 17.03, 41.05, 34.71, 14.42, 20.62, 0.0, 29.07, 40.46, 30.46, 40.82, 17.46, 23.71, 23.32, 33.84, 40.72, 34.18, 14.76, 43.6, 41.44, 26.31, 16.16, 46.23, 6.4, 36.01, 14.87, 16.76, 38.33, 11.66, 33.97, 15.81, 19.42, 3.81, 36.94, 11.54, 28.54, 11.54], [31.3, 21.1, 26.68, 31.78, 19.65, 17.12, 19.0, 13.0, 12.17, 29.97, 29.07, 13.45, 16.28, 19.72, 21.26, 15.52, 21.21, 15.13, 22.02, 5.39, 17.72, 29.12, 4.12, 32.25, 33.53, 4.47, 12.73, 25.61, 19.85, 5.83, 34.44, 12.53, 28.32, 16.97, 14.87, 27.17, 29.07, 0.0, 11.4, 31.58, 13.15, 15.81, 30.02, 31.06, 17.03, 15.13, 16.4, 27.51, 14.76, 17.72, 23.35, 25.96, 17.2, 29.53, 24.41, 25.3, 17.26, 28.84, 40.31, 6.08, 17.46, 10.0, 27.61, 7.91, 20.16, 21.51, 20.16], [37.66, 32.45, 37.34, 42.19, 28.07, 14.87, 27.51, 10.82, 12.08, 40.5, 40.31, 19.1, 27.59, 21.47, 32.53, 6.71, 30.46, 24.52, 31.58, 16.64, 14.42, 35.01, 13.6, 41.11, 43.38, 11.4, 18.11, 36.8, 8.94, 13.42, 38.47, 23.85, 29.73, 19.24, 26.17, 36.06, 40.46, 11.4, 0.0, 38.12, 6.4, 26.08, 38.33, 39.56, 20.88, 10.82, 19.92, 37.59, 4.0, 14.42, 30.41, 35.78, 5.83, 40.82, 27.46, 35.36, 27.86, 31.78, 51.62, 8.06, 28.23, 21.21, 38.89, 3.54, 31.32, 27.61, 31.32], [56.4, 31.24, 40.61, 19.1, 43.83, 48.66, 13.42, 44.41, 43.74, 19.42, 36.72, 43.08, 25.5, 50.6, 25.0, 36.14, 13.45, 39.12, 42.52, 31.02, 28.23, 3.61, 27.46, 10.05, 16.03, 35.9, 42.72, 24.6, 46.53, 26.17, 9.0, 30.23, 16.4, 19.92, 25.61, 9.85, 30.46, 31.58, 38.12, 0.0, 33.73, 19.42, 7.07, 8.0, 47.17, 30.36, 46.82, 15.81, 38.64, 28.23, 8.25, 14.32, 41.77, 36.24, 13.6, 15.65, 36.24, 12.21, 34.06, 37.34, 35.47, 25.94, 26.66, 35.5, 33.6, 10.51, 33.6], [42.72, 33.62, 39.81, 40.46, 32.14, 21.21, 24.7, 17.03, 18.03, 38.95, 41.79, 24.04, 27.78, 27.46, 32.45, 2.83, 28.02, 28.0, 35.01, 18.44, 8.06, 30.41, 13.42, 38.01, 41.05, 15.13, 23.09, 36.4, 13.0, 12.21, 33.06, 25.3, 23.77, 14.04, 26.42, 33.12, 40.82, 13.15, 6.4, 33.73, 0.0, 24.76, 34.93, 36.25, 26.4, 4.47, 25.5, 35.61, 5.0, 8.06, 26.57, 33.6, 8.06, 42.15, 22.02, 33.42, 30.41, 26.17, 51.4, 12.65, 30.59, 21.47, 38.71, 6.96, 33.05, 23.42, 33.05], [37.01, 13.6, 22.85, 16.12, 24.41, 32.14, 6.4, 28.44, 27.17, 14.42, 21.1, 24.52, 6.71, 32.39, 9.06, 27.59, 6.32, 19.72, 23.35, 13.0, 24.17, 18.38, 12.53, 17.03, 17.72, 19.24, 24.33, 12.08, 34.99, 12.81, 25.61, 10.82, 24.74, 17.26, 6.4, 12.17, 17.46, 15.81, 26.08, 19.42, 24.76, 0.0, 15.52, 16.28, 28.64, 23.85, 28.44, 11.7, 28.43, 24.17, 12.04, 10.2, 31.4, 21.02, 19.65, 9.49, 16.97, 22.85, 26.93, 21.84, 16.28, 7.07, 14.58, 22.64, 15.21, 12.75, 15.21], [51.62, 25.5, 34.66, 12.04, 39.36, 47.01, 11.05, 43.01, 42.01, 12.37, 30.23, 40.02, 20.59, 47.85, 19.1, 37.58, 9.22, 34.93, 37.44, 28.28, 30.81, 9.22, 26.08, 3.61, 9.22, 34.01, 39.81, 18.03, 47.13, 25.32, 16.03, 26.0, 21.93, 22.2, 21.02, 3.61, 23.71, 30.02, 38.33, 7.07, 34.93, 15.52, 0.0, 1.41, 44.15, 32.25, 43.93, 8.94, 39.56, 30.81, 8.6, 7.81, 42.72, 29.68, 18.03, 9.22, 31.38, 18.03, 27.02, 36.06, 30.53, 22.56, 19.91, 35.31, 28.11, 12.1, 28.11], [51.97, 25.61, 34.66, 11.18, 39.81, 48.0, 12.17, 44.05, 43.0, 11.7, 30.0, 40.79, 21.02, 48.66, 19.21, 38.91, 10.05, 35.47, 37.74, 29.15, 32.2, 10.44, 27.17, 2.24, 8.06, 35.0, 40.61, 17.8, 48.38, 26.48, 17.0, 26.57, 23.26, 23.6, 21.54, 4.12, 23.32, 31.06, 39.56, 8.0, 36.25, 16.28, 1.41, 0.0, 44.91, 33.62, 44.72, 8.6, 40.85, 32.2, 10.0, 7.81, 44.01, 29.41, 19.42, 9.22, 31.76, 19.31, 26.08, 37.12, 30.89, 23.35, 19.56, 36.5, 28.31, 13.51, 28.31], [17.03, 25.0, 24.21, 42.05, 11.31, 9.85, 33.84, 11.0, 9.06, 40.05, 30.02, 4.12, 25.0, 4.12, 29.15, 27.51, 34.93, 11.7, 16.28, 16.16, 33.29, 45.19, 20.81, 45.54, 45.01, 12.73, 4.47, 33.38, 24.08, 22.8, 51.11, 19.0, 45.34, 33.97, 24.02, 40.79, 33.84, 17.03, 20.88, 47.17, 26.4, 28.64, 44.15, 44.91, 0.0, 30.02, 1.0, 39.05, 24.74, 33.29, 39.0, 38.21, 25.18, 30.89, 41.4, 37.12, 17.09, 45.8, 45.31, 13.89, 18.03, 21.59, 34.33, 19.46, 22.3, 37.8, 22.3], [45.88, 34.21, 41.19, 38.9, 34.71, 25.5, 22.67, 21.21, 22.02, 37.54, 42.45, 27.31, 27.86, 31.4, 32.2, 6.0, 26.17, 30.27, 37.12, 20.0, 3.61, 26.93, 14.14, 35.51, 39.05, 18.03, 26.4, 35.85, 17.12, 12.37, 29.0, 26.31, 19.42, 10.44, 26.57, 30.81, 40.72, 15.13, 10.82, 30.36, 4.47, 23.85, 32.25, 33.62, 30.02, 0.0, 29.15, 33.94, 9.22, 3.61, 23.71, 31.83, 12.04, 42.72, 18.03, 31.83, 32.02, 22.02, 50.77, 16.12, 32.06, 21.84, 38.27, 10.7, 34.03, 20.36, 34.03], [18.03, 25.3, 24.84, 42.11, 12.04, 8.94, 33.53, 10.0, 8.06, 40.11, 30.53, 4.0, 25.02, 4.0, 29.27, 26.57, 34.71, 12.08, 16.97, 15.81, 32.45, 44.78, 20.25, 45.4, 45.0, 12.04, 4.12, 33.54, 23.09, 22.2, 50.61, 19.03, 44.69, 33.3, 24.0, 40.61, 34.18, 16.4, 19.92, 46.82, 25.5, 28.44, 43.93, 44.72, 1.0, 29.15, 0.0, 39.01, 23.77, 32.45, 38.63, 38.12, 24.19, 31.38, 40.8, 37.05, 17.46, 45.22, 45.69, 13.04, 18.38, 21.38, 34.56, 18.56, 22.66, 37.34, 22.66], [44.28, 17.49, 26.25, 5.0, 32.57, 43.57, 11.4, 40.02, 38.64, 4.12, 21.4, 35.01, 14.14, 43.01, 11.18, 38.42, 7.81, 28.64, 29.97, 24.33, 33.42, 17.12, 24.17, 7.81, 6.08, 30.81, 35.0, 9.22, 46.53, 24.19, 24.52, 20.1, 28.44, 25.24, 15.03, 6.08, 14.76, 27.51, 37.59, 15.81, 35.61, 11.7, 8.94, 8.6, 39.05, 33.94, 39.01, 0.0, 39.66, 33.42, 13.34, 2.24, 42.72, 20.81, 23.77, 2.24, 24.35, 25.08, 19.24, 33.53, 23.41, 18.25, 10.98, 34.21, 20.35, 16.45, 20.35], [41.59, 35.85, 41.11, 44.41, 32.06, 18.03, 29.07, 14.32, 15.81, 42.8, 43.83, 23.09, 30.61, 25.08, 35.47, 3.61, 32.25, 28.44, 35.51, 20.12, 12.65, 35.36, 16.28, 42.54, 45.28, 15.3, 22.09, 39.62, 8.0, 15.62, 38.05, 27.29, 28.64, 19.03, 29.21, 37.58, 43.6, 14.76, 4.0, 38.64, 5.0, 28.43, 39.56, 40.85, 24.74, 9.22, 23.77, 39.66, 0.0, 12.65, 31.32, 37.74, 3.16, 44.29, 27.02, 37.44, 31.62, 31.14, 54.56, 12.04, 31.95, 24.21, 41.82, 6.96, 34.89, 28.26, 34.89], [48.85, 35.51, 43.01, 38.42, 37.36, 29.07, 22.02, 24.76, 25.5, 37.2, 43.74, 30.41, 28.86, 34.83, 32.89, 9.22, 25.61, 32.76, 39.46, 22.2, 0.0, 24.7, 16.03, 34.21, 38.18, 21.02, 29.53, 36.25, 20.4, 14.0, 26.08, 28.02, 16.12, 8.6, 27.66, 29.73, 41.44, 17.72, 14.42, 28.23, 8.06, 24.17, 30.81, 32.2, 33.29, 3.61, 32.45, 33.42, 12.65, 0.0, 22.2, 31.24, 15.3, 43.93, 15.3, 31.4, 34.06, 19.03, 51.0, 19.42, 34.01, 23.19, 38.74, 14.16, 35.63, 18.72, 35.63], [48.92, 25.06, 34.48, 18.03, 36.24, 40.45, 5.66, 36.22, 35.51, 17.46, 31.62, 34.93, 18.6, 42.38, 19.31, 29.15, 7.28, 31.4, 35.38, 22.85, 22.2, 6.4, 19.24, 12.04, 16.64, 27.66, 34.54, 20.22, 39.05, 18.03, 13.6, 22.67, 15.13, 13.6, 18.44, 8.06, 26.31, 23.35, 30.41, 8.25, 26.57, 12.04, 8.6, 10.0, 39.0, 23.71, 38.63, 13.34, 31.32, 22.2, 0.0, 11.18, 34.48, 31.32, 10.44, 12.04, 29.0, 12.04, 32.56, 29.15, 28.32, 18.03, 22.64, 27.61, 27.04, 3.54, 27.04], [44.29, 17.8, 26.87, 7.21, 32.31, 42.3, 9.22, 38.64, 37.34, 6.32, 22.47, 34.13, 13.6, 42.11, 11.4, 36.4, 5.66, 28.16, 30.02, 23.09, 31.24, 15.3, 22.47, 7.62, 7.62, 29.43, 34.06, 10.3, 44.72, 22.36, 22.8, 19.42, 26.31, 23.02, 14.32, 4.47, 16.16, 25.96, 35.78, 14.32, 33.6, 10.2, 7.81, 7.81, 38.21, 31.83, 38.12, 2.24, 37.74, 31.24, 11.18, 0.0, 40.82, 21.95, 21.59, 1.41, 24.17, 23.02, 21.38, 32.02, 23.26, 17.03, 12.35, 32.44, 20.52, 14.23, 20.52], [42.19, 38.28, 43.08, 47.43, 33.38, 17.46, 32.2, 14.32, 16.12, 45.8, 46.14, 24.02, 33.3, 25.0, 38.21, 6.08, 35.36, 30.08, 37.11, 22.47, 15.3, 38.47, 19.1, 45.69, 48.37, 17.09, 23.02, 42.43, 5.1, 18.6, 41.01, 29.68, 31.4, 22.09, 31.89, 40.72, 46.23, 17.2, 5.83, 41.77, 8.06, 31.4, 42.72, 44.01, 25.18, 12.04, 24.19, 42.72, 3.16, 15.3, 34.48, 40.82, 0.0, 46.65, 30.0, 40.5, 33.62, 34.06, 57.31, 13.6, 34.01, 26.91, 44.57, 9.3, 37.15, 31.41, 37.15], [28.07, 8.54, 8.0, 19.85, 20.25, 39.2, 26.48, 37.48, 35.38, 18.38, 1.0, 28.02, 15.13, 34.89, 12.17, 44.78, 24.04, 19.42, 15.52, 24.19, 43.93, 36.77, 28.79, 28.43, 24.08, 30.0, 28.6, 11.66, 48.6, 30.36, 44.38, 17.0, 45.54, 38.05, 16.28, 26.42, 6.4, 29.53, 40.82, 36.24, 42.15, 21.02, 29.68, 29.41, 30.89, 42.72, 31.38, 20.81, 44.29, 43.93, 31.32, 21.95, 46.65, 0.0, 40.45, 20.59, 14.21, 43.17, 15.13, 33.6, 13.45, 20.88, 9.92, 37.4, 9.6, 33.14, 9.6], [54.04, 33.24, 42.38, 28.46, 41.4, 40.31, 14.04, 35.85, 35.78, 27.89, 40.61, 37.64, 26.25, 44.1, 28.28, 24.02, 17.03, 36.4, 41.68, 26.17, 15.3, 10.0, 20.62, 21.63, 26.83, 28.84, 37.01, 30.0, 35.01, 18.6, 11.05, 28.65, 5.1, 8.25, 25.63, 18.38, 36.01, 24.41, 27.46, 13.6, 22.02, 19.65, 18.03, 19.42, 41.4, 18.03, 40.8, 23.77, 27.02, 15.3, 10.44, 21.59, 30.0, 40.45, 0.0, 22.36, 35.36, 4.47, 42.95, 29.07, 34.89, 23.32, 32.5, 25.62, 34.64, 7.52, 34.64], [42.94, 16.4, 25.46, 7.07, 31.02, 41.44, 9.43, 37.85, 36.5, 5.83, 21.1, 33.06, 12.37, 41.05, 10.0, 36.24, 5.83, 26.93, 28.65, 22.2, 31.4, 16.49, 21.93, 8.94, 8.25, 28.64, 33.02, 8.94, 44.29, 21.95, 24.04, 18.25, 27.17, 23.32, 13.15, 5.83, 14.87, 25.3, 35.36, 15.65, 33.42, 9.49, 9.22, 9.22, 37.12, 31.83, 37.05, 2.24, 37.44, 31.4, 12.04, 1.41, 40.5, 20.59, 22.36, 0.0, 22.85, 24.0, 20.62, 31.32, 21.93, 16.12, 11.07, 31.98, 19.14, 14.92, 19.14], [20.25, 8.06, 9.49, 26.31, 8.25, 25.0, 23.35, 23.35, 21.21, 24.33, 13.45, 13.89, 10.82, 21.19, 13.34, 32.76, 22.8, 5.39, 6.4, 12.04, 34.06, 35.36, 18.03, 31.78, 29.83, 16.55, 14.42, 17.03, 34.99, 20.1, 42.52, 6.71, 40.25, 30.36, 10.63, 27.78, 16.76, 17.26, 27.86, 36.24, 30.41, 16.97, 31.38, 31.76, 17.09, 32.02, 17.46, 24.35, 31.62, 34.06, 29.0, 24.17, 33.62, 14.21, 35.36, 22.85, 0.0, 39.12, 28.23, 20.12, 1.0, 12.08, 17.56, 24.67, 5.22, 29.3, 5.22], [58.14, 36.4, 45.69, 29.43, 45.45, 44.78, 16.76, 40.31, 40.25, 29.15, 43.42, 42.01, 29.55, 48.55, 31.05, 28.02, 19.24, 40.46, 45.49, 30.41, 19.03, 8.94, 25.0, 21.54, 27.2, 33.29, 41.4, 32.25, 39.12, 23.02, 7.07, 32.45, 4.24, 12.65, 29.07, 19.24, 38.33, 28.84, 31.78, 12.21, 26.17, 22.85, 18.03, 19.31, 45.8, 22.02, 45.22, 25.08, 31.14, 19.03, 12.04, 23.02, 34.06, 43.17, 4.47, 24.0, 39.12, 0.0, 44.28, 33.54, 38.59, 27.2, 34.68, 30.04, 38.03, 10.12, 38.03], [43.0, 20.59, 23.09, 15.0, 35.17, 52.84, 29.73, 50.48, 48.55, 15.13, 16.12, 42.05, 24.04, 49.4, 19.1, 54.2, 26.25, 33.62, 30.59, 35.47, 51.0, 36.01, 38.29, 24.19, 18.25, 42.01, 42.49, 15.0, 60.14, 39.2, 43.05, 28.6, 47.68, 43.46, 25.46, 25.08, 11.66, 40.31, 51.62, 34.06, 51.4, 26.93, 27.02, 26.08, 45.31, 50.77, 45.69, 19.24, 54.56, 51.0, 32.56, 21.38, 57.31, 15.13, 42.95, 20.62, 28.23, 44.28, 0.0, 45.45, 27.31, 30.41, 12.75, 48.09, 23.05, 35.53, 23.05], [30.08, 25.5, 29.55, 37.7, 20.02, 11.4, 25.02, 7.07, 6.71, 35.85, 33.02, 11.4, 21.63, 15.56, 26.63, 14.14, 27.29, 16.49, 23.54, 10.0, 19.42, 34.71, 10.0, 38.33, 39.56, 3.61, 10.44, 31.06, 15.0, 11.18, 39.56, 16.97, 32.45, 21.1, 20.25, 33.24, 33.97, 6.08, 8.06, 37.34, 12.65, 21.84, 36.06, 37.12, 13.89, 16.12, 13.04, 33.53, 12.04, 19.42, 29.15, 32.02, 13.6, 33.6, 29.07, 31.32, 20.12, 33.54, 45.45, 0.0, 20.59, 15.65, 32.9, 5.7, 24.01, 27.06, 24.01], [21.1, 7.07, 9.22, 25.32, 9.22, 25.81, 22.67, 24.04, 21.93, 23.35, 12.73, 14.76, 10.0, 22.14, 12.37, 32.98, 22.02, 6.32, 7.07, 12.17, 34.01, 34.66, 18.0, 30.87, 28.86, 17.0, 15.26, 16.03, 35.51, 20.02, 41.87, 6.32, 39.81, 30.08, 9.9, 26.93, 15.81, 17.46, 28.23, 35.47, 30.59, 16.28, 30.53, 30.89, 18.03, 32.06, 18.38, 23.41, 31.95, 34.01, 28.32, 23.26, 34.01, 13.45, 34.89, 21.93, 1.0, 38.59, 27.31, 20.59, 0.0, 11.7, 16.57, 24.99, 4.27, 28.71, 4.27], [31.11, 12.37, 20.1, 22.14, 18.38, 25.32, 12.53, 21.84, 20.4, 20.25, 20.62, 17.46, 6.4, 25.32, 11.31, 24.19, 13.34, 13.45, 18.36, 6.08, 23.19, 24.41, 8.06, 24.08, 24.33, 12.65, 17.26, 15.62, 29.83, 9.49, 31.14, 5.39, 28.18, 18.44, 5.0, 19.24, 19.42, 10.0, 21.21, 25.94, 21.47, 7.07, 22.56, 23.35, 21.59, 21.84, 21.38, 18.25, 24.21, 23.19, 18.03, 17.03, 26.91, 20.88, 23.32, 16.12, 12.08, 27.2, 30.41, 15.65, 11.7, 0.0, 17.68, 17.68, 12.5, 17.68, 12.5], [35.78, 9.51, 16.32, 10.12, 25.5, 40.97, 18.56, 38.27, 36.45, 8.51, 10.61, 30.7, 11.34, 38.45, 6.36, 41.5, 15.51, 22.77, 21.78, 22.9, 38.74, 27.54, 25.54, 18.51, 14.3, 29.54, 30.99, 2.55, 47.46, 26.5, 35.11, 16.32, 37.5, 31.66, 12.75, 16.81, 3.81, 27.61, 38.89, 26.66, 38.71, 14.58, 19.91, 19.56, 34.33, 38.27, 34.56, 10.98, 41.82, 38.74, 22.64, 12.35, 44.57, 9.92, 32.5, 11.07, 17.56, 34.68, 12.75, 32.9, 16.57, 17.68, 0.0, 35.36, 12.5, 25.0, 12.5], [35.78, 28.99, 34.15, 38.76, 25.5, 15.12, 24.38, 10.7, 11.34, 37.05, 36.91, 17.1, 24.05, 20.7, 28.99, 8.51, 27.21, 21.64, 28.71, 13.21, 14.16, 32.53, 10.12, 37.98, 40.06, 8.51, 16.14, 33.26, 12.35, 10.12, 36.5, 20.41, 28.4, 17.39, 22.64, 32.9, 36.94, 7.91, 3.54, 35.5, 6.96, 22.64, 35.31, 36.5, 19.46, 10.7, 18.56, 34.21, 6.96, 14.16, 27.61, 32.44, 9.3, 37.4, 25.62, 31.98, 24.67, 30.04, 48.09, 5.7, 24.99, 17.68, 35.36, 0.0, 27.95, 25.0, 27.95], [23.96, 3.04, 7.76, 21.71, 13.01, 29.95, 21.52, 27.99, 25.93, 19.78, 9.01, 19.01, 8.5, 26.41, 9.18, 35.58, 20.23, 10.59, 9.66, 14.77, 35.63, 33.2, 19.91, 28.04, 25.46, 20.4, 19.47, 12.26, 39.0, 21.71, 40.64, 7.76, 39.69, 30.76, 9.01, 24.52, 11.54, 20.16, 31.32, 33.6, 33.05, 15.21, 28.11, 28.31, 22.3, 34.03, 22.66, 20.35, 34.89, 35.63, 27.04, 20.52, 37.15, 9.6, 34.64, 19.14, 5.22, 38.03, 23.05, 24.01, 4.27, 12.5, 12.5, 27.95, 0.0, 27.95, 0.0], [48.79, 26.28, 35.59, 21.27, 36.06, 38.45, 6.67, 34.12, 33.59, 20.55, 33.35, 33.8, 19.46, 40.97, 20.99, 25.93, 9.51, 31.12, 35.7, 21.78, 18.72, 7.65, 17.39, 15.57, 20.11, 25.93, 33.32, 22.51, 36.09, 15.89, 13.51, 22.73, 12.51, 10.12, 19.04, 11.51, 28.54, 21.51, 27.61, 10.51, 23.42, 12.75, 12.1, 13.51, 37.8, 20.36, 37.34, 16.45, 28.26, 18.72, 3.54, 14.23, 31.41, 33.14, 7.52, 14.92, 29.3, 10.12, 35.53, 27.06, 28.71, 17.68, 25.0, 25.0, 27.95, 0.0, 27.95], [23.96, 3.04, 7.76, 21.71, 13.01, 29.95, 21.52, 27.99, 25.93, 19.78, 9.01, 19.01, 8.5, 26.41, 9.18, 35.58, 20.23, 10.59, 9.66, 14.77, 35.63, 33.2, 19.91, 28.04, 25.46, 20.4, 19.47, 12.26, 39.0, 21.71, 40.64, 7.76, 39.69, 30.76, 9.01, 24.52, 11.54, 20.16, 31.32, 33.6, 33.05, 15.21, 28.11, 28.31, 22.3, 34.03, 22.66, 20.35, 34.89, 35.63, 27.04, 20.52, 37.15, 9.6, 34.64, 19.14, 5.22, 38.03, 23.05, 24.01, 4.27, 12.5, 12.5, 27.95, 0.0, 27.95, 0.0]]
[20, 20, 20, 20, 20, 20]
5
[[0.0, 606.0], [38.0, 56.0], [517.0, 539.0], [279.0, 287.0], [543.0, 559.0], [161.0, 171.0], [310.0, 323.0], [156.0, 163.0], [175.0, 208.0], [257.0, 278.0], [471.0, 499.0], [182.0, 211.0], [23.0, 37.0], [151.0, 185.0], [30.0, 41.0], [101.0, 115.0], [236.0, 264.0], [199.0, 216.0], [0.0, 17.0], [46.0, 69.0], [78.0, 109.0], [340.0, 359.0], [56.0, 77.0], [240.0, 259.0], [244.0, 279.0], [203.0, 229.0], [162.0, 183.0], [274.0, 302.0], [407.0, 418.0], [61.0, 86.0], [342.0, 361.0], [11.0, 32.0], [361.0, 383.0], [85.0, 96.0], [41.0, 54.0], [250.0, 258.0], [492.0, 497.0], [64.0, 90.0], [112.0, 140.0], [328.0, 359.0], [130.0, 146.0], [220.0, 247.0], [309.0, 335.0], [247.0, 276.0], [162.0, 193.0], [91.0, 112.0], [164.0, 179.0], [256.0, 275.0], [111.0, 120.0], [91.0, 113.0], [325.0, 336.0], [285.0, 314.0], [113.0, 142.0], [563.0, 578.0], [362.0, 367.0], [269.0, 286.0], [14.0, 36.0], [441.0, 465.0], [494.0, 524.0], [148.0, 152.0], [521.0, 558.0], [0.0, 606.0], [0.0, 606.0], [0.0, 606.0], [0.0, 606.0], [0.0, 606.0], [0.0, 606.0]]
[[3.0, 47.0], [13.0, 22.0], [5.0, 27.0], [18.0, 4.0], [12.0, 38.0], [29.0, 50.0], [31.0, 14.0], [31.0, 46.0], [29.0, 45.0], [18.0, 6.0], [5.0, 20.0], [21.0, 42.0], [20.0, 21.0], [21.0, 50.0], [17.0, 17.0], [46.0, 37.0], [28.0, 12.0], [16.0, 35.0], [9.0, 34.0], [26.0, 31.0], [48.0, 28.0], [39.0, 5.0], [32.0, 29.0], [27.0, 1.0], [21.0, 1.0], [29.0, 37.0], [22.0, 42.0], [15.0, 13.0], [44.0, 48.0], [34.0, 28.0], [46.0, 2.0], [20.0, 27.0], [50.0, 12.0], [43.0, 21.0], [21.0, 22.0], [28.0, 6.0], [9.0, 14.0], [31.0, 33.0], [40.0, 40.0], [37.0, 2.0], [44.0, 35.0], [26.0, 18.0], [30.0, 3.0], [29.0, 2.0], [20.0, 46.0], [46.0, 31.0], [21.0, 46.0], [22.0, 7.0], [44.0, 40.0], [48.0, 28.0], [35.0, 10.0], [24.0, 8.0], [45.0, 43.0], [5.0, 19.0], [45.0, 13.0], [23.0, 9.0], [14.0, 30.0], [47.0, 9.0], [3.0, 4.0], [32.0, 39.0], [14.0, 29.0], [25.0, 25.0], [12.5, 12.5], [37.5, 37.5], [12.5, 25.0], [37.5, 12.5], [12.5, 25.0]]
[[0.0, 0.0], [0.0, 0.0], [0.0, 0.0], [0.0, 0.0], [0.0, 0.0], [0.0, 0.0], [0.0, 0.0], [0.0, 0.0], [0.0, 0.0], [0.0, 0.0], [0.0, 0.0], [0.0, 0.0], [0.0, 0.0], [0.0, 0.0], [0.0, 0.0], [0.0, 0.0], [0.0, 0.0], [0.0, 0.0], [0.0, 0.0], [0.0, 0.0], [0.0, 0.0], [0.0, 0.0], [0.0, 0.0], [0.0, 0.0], [0.0, 0.0], [0.0, 0.0], [0.0, 0.0], [0.0, 0.0], [0.0, 0.0], [0.0, 0.0], [0.0, 0.0], [0.0, 0.0], [0.0, 0.0], [0.0, 0.0], [0.0, 0.0], [0.0, 0.0], [0.0, 0.0], [0.0, 0.0], [0.0, 0.0], [0.0, 0.0], [0.0, 0.0], [0.0, 0.0], [0.0, 0.0], [0.0, 0.0], [0.0, 0.0], [0.0, 0.0], [0.0, 0.0], [0.0, 0.0], [0.0, 0.0], [0.0, 0.0], [0.0, 0.0], [0.0, 0.0], [0.0, 0.0], [0.0, 0.0], [0.0, 0.0], [0.0, 0.0], [0.0, 0.0], [0.0, 0.0], [0.0, 0.0], [0.0, 0.0], [0.0, 0.0], [0.0, 0.0], [0.0, 0.0], [0.0, 0.0], [0.0, 0.0], [0.0, 0.0], [0.0, 0.0]]
^demand; service time^
!! n60w20.003    20.35 597
