60
[[0.0, 31.58, 19.24, 4.0, 33.02, 40.05, 6.32, 55.9, 14.0, 35.13, 35.51, 33.24, 44.41, 32.14, 33.84, 17.26, 38.33, 48.6, 37.8, 48.27, 57.63, 44.15, 38.29, 47.85, 45.49, 35.36, 5.0, 31.14, 40.0, 51.62, 26.0, 43.27, 32.56, 24.35, 33.6, 58.0, 11.0, 46.87, 19.24, 41.59, 46.01, 14.04, 40.11, 37.01, 25.02, 26.02, 47.8, 51.0, 30.08, 41.76, 26.4, 42.3, 7.81, 21.02, 4.0, 46.75, 33.62, 51.74, 21.95, 14.0, 43.19, 29.21, 46.8, 11.85, 38.2, 35.92, 38.2], [31.58, 0.0, 14.32, 27.66, 41.87, 47.38, 35.11, 33.53, 32.02, 40.31, 38.29, 34.06, 13.0, 3.16, 5.1, 16.64, 13.04, 24.35, 17.03, 25.71, 33.11, 12.65, 19.1, 19.21, 32.56, 19.92, 27.17, 19.72, 18.03, 31.4, 36.89, 30.81, 20.12, 28.6, 23.71, 35.74, 20.88, 33.38, 24.6, 33.24, 15.81, 31.05, 44.05, 7.81, 9.22, 36.06, 32.06, 22.8, 5.83, 10.82, 21.21, 44.41, 27.31, 12.21, 27.66, 25.32, 26.93, 29.12, 13.0, 18.03, 23.02, 14.42, 24.91, 20.51, 25.77, 4.53, 25.77], [19.24, 14.32, 0.0, 15.81, 30.0, 36.36, 24.21, 37.64, 17.72, 29.53, 28.23, 24.35, 27.17, 16.16, 15.13, 12.0, 25.24, 29.73, 19.1, 29.73, 38.9, 26.02, 20.0, 28.64, 30.08, 17.89, 14.32, 14.56, 21.21, 33.84, 24.04, 27.89, 15.81, 16.64, 18.25, 39.82, 10.82, 31.32, 11.31, 28.07, 30.08, 16.76, 34.01, 21.54, 12.81, 23.35, 31.38, 31.76, 11.18, 23.19, 12.04, 35.11, 17.8, 10.77, 15.81, 28.43, 20.0, 33.3, 2.83, 9.49, 25.0, 10.82, 28.36, 7.38, 22.32, 18.83, 22.32], [4.0, 27.66, 15.81, 0.0, 33.38, 40.45, 8.49, 53.04, 14.56, 35.01, 35.06, 32.39, 40.45, 28.16, 30.08, 13.34, 34.37, 45.45, 34.71, 45.28, 54.56, 40.26, 35.36, 44.29, 43.42, 32.65, 3.0, 28.6, 36.88, 48.92, 26.31, 41.18, 30.0, 23.35, 31.38, 55.17, 7.0, 44.78, 17.72, 39.92, 42.01, 14.32, 40.01, 33.02, 21.02, 26.17, 45.49, 47.51, 26.4, 37.95, 24.19, 42.01, 5.39, 17.03, 0.0, 43.84, 31.78, 48.8, 18.6, 10.0, 40.31, 26.17, 43.85, 8.51, 35.93, 31.98, 35.93], [33.02, 41.87, 30.0, 33.38, 0.0, 7.07, 39.01, 42.3, 19.03, 4.47, 7.28, 10.05, 52.48, 44.6, 39.66, 40.25, 54.45, 40.2, 32.57, 38.05, 46.1, 49.65, 31.05, 45.61, 26.48, 27.2, 30.41, 24.17, 34.21, 37.22, 7.07, 25.18, 24.7, 13.45, 21.84, 43.57, 35.11, 27.66, 18.87, 20.4, 56.86, 19.1, 8.06, 49.68, 42.8, 7.28, 30.41, 46.87, 36.4, 46.07, 20.81, 10.82, 38.64, 40.5, 33.38, 36.06, 18.44, 40.01, 29.73, 36.25, 33.24, 28.3, 36.59, 29.81, 24.13, 45.7, 24.13], [40.05, 47.38, 36.36, 40.45, 7.07, 0.0, 46.0, 43.05, 26.08, 7.07, 9.43, 13.6, 57.2, 50.25, 44.69, 47.01, 60.21, 42.45, 36.24, 40.02, 47.17, 54.08, 34.44, 48.85, 27.07, 30.89, 37.48, 28.6, 37.58, 38.12, 14.14, 26.31, 28.84, 19.72, 25.55, 44.0, 42.06, 28.02, 25.5, 21.21, 61.85, 26.17, 5.0, 55.15, 49.09, 14.32, 31.06, 49.65, 41.73, 50.48, 26.17, 7.28, 45.71, 47.01, 40.45, 38.08, 21.95, 41.44, 35.81, 43.08, 35.74, 33.3, 38.68, 36.69, 26.74, 50.96, 26.74], [6.32, 35.11, 24.21, 8.49, 39.01, 46.0, 0.0, 61.52, 20.1, 41.3, 41.77, 39.56, 47.54, 35.17, 38.01, 19.24, 40.01, 53.91, 43.19, 53.76, 63.03, 47.76, 43.84, 52.48, 51.62, 41.11, 10.82, 37.01, 45.34, 57.38, 32.06, 49.4, 38.42, 30.68, 39.66, 63.66, 14.32, 53.0, 25.5, 47.85, 48.51, 20.22, 46.27, 39.62, 27.46, 32.14, 53.82, 55.76, 34.48, 45.69, 32.45, 48.51, 8.06, 23.54, 8.49, 52.33, 39.82, 57.28, 27.02, 17.09, 48.8, 34.66, 52.33, 16.99, 44.24, 39.22, 44.24], [55.9, 33.53, 37.64, 53.04, 42.3, 43.05, 61.52, 0.0, 47.51, 38.12, 35.13, 32.56, 32.14, 36.14, 28.46, 47.51, 43.1, 9.22, 18.6, 8.06, 4.47, 28.07, 17.69, 17.12, 16.0, 20.62, 50.93, 25.0, 16.64, 5.1, 42.72, 17.12, 23.6, 36.25, 23.71, 2.24, 48.41, 15.03, 38.28, 22.02, 37.34, 46.65, 38.05, 37.22, 42.15, 41.76, 12.0, 14.56, 29.97, 26.02, 30.23, 36.22, 55.44, 43.83, 53.04, 9.22, 25.63, 4.47, 34.83, 46.62, 12.73, 26.91, 9.3, 44.57, 19.5, 32.96, 19.5], [14.0, 32.02, 17.72, 14.56, 19.03, 26.08, 20.1, 47.51, 0.0, 21.21, 21.84, 20.12, 44.72, 33.84, 32.14, 24.04, 42.49, 41.79, 31.32, 40.72, 50.09, 43.19, 31.02, 43.57, 34.66, 27.31, 11.7, 22.85, 33.53, 42.72, 12.0, 32.56, 24.17, 12.04, 23.85, 49.4, 17.8, 36.07, 9.49, 29.83, 47.8, 1.0, 26.17, 39.22, 29.15, 12.04, 37.64, 46.1, 28.16, 40.05, 17.46, 28.44, 19.92, 25.81, 14.56, 38.91, 22.67, 43.83, 19.24, 19.8, 35.34, 23.35, 39.15, 13.51, 28.31, 36.5, 28.31], [35.13, 40.31, 29.53, 35.01, 4.47, 7.07, 41.3, 38.12, 21.21, 0.0, 3.0, 6.71, 50.22, 43.19, 37.64, 40.5, 53.15, 36.5, 29.55, 34.23, 42.01, 47.17, 27.86, 42.38, 22.2, 24.17, 32.02, 21.63, 31.02, 33.06, 9.49, 21.02, 21.95, 13.0, 18.79, 39.32, 35.9, 23.35, 18.97, 16.12, 54.82, 21.1, 5.0, 48.08, 42.19, 9.22, 26.17, 43.42, 34.66, 43.57, 19.1, 7.28, 40.11, 40.25, 35.01, 32.25, 15.23, 36.01, 28.84, 36.69, 29.61, 26.25, 32.81, 30.44, 20.5, 43.89, 20.5], [35.51, 38.29, 28.23, 35.06, 7.28, 9.43, 41.77, 35.13, 21.84, 3.0, 0.0, 4.24, 47.8, 41.23, 35.38, 39.56, 51.22, 33.54, 26.83, 31.26, 39.01, 44.65, 25.08, 39.56, 19.24, 21.47, 32.06, 19.21, 28.23, 30.07, 10.82, 18.03, 19.42, 12.17, 16.12, 36.35, 35.36, 20.4, 18.25, 13.15, 52.5, 21.59, 5.83, 46.01, 40.71, 10.3, 23.19, 40.52, 32.56, 41.05, 17.2, 7.07, 40.0, 39.0, 35.06, 29.27, 12.53, 33.02, 27.29, 35.9, 26.68, 24.04, 29.84, 29.84, 17.59, 41.72, 17.59], [33.24, 34.06, 24.35, 32.39, 10.05, 13.6, 39.56, 32.56, 20.12, 6.71, 4.24, 0.0, 43.6, 37.01, 31.14, 35.9, 47.01, 30.15, 22.85, 28.02, 36.22, 40.5, 21.19, 35.74, 17.09, 17.46, 29.43, 15.0, 24.35, 27.46, 10.82, 15.52, 15.26, 9.06, 12.08, 33.96, 32.06, 18.38, 15.0, 11.18, 48.27, 19.7, 10.0, 41.77, 36.67, 10.0, 20.88, 36.88, 28.32, 36.89, 13.04, 10.77, 37.12, 35.11, 32.39, 26.02, 8.54, 30.07, 23.26, 32.39, 23.19, 19.8, 26.54, 26.54, 14.08, 37.48, 14.08], [44.41, 13.0, 27.17, 40.45, 52.48, 57.2, 47.54, 32.14, 44.72, 50.22, 47.8, 43.6, 0.0, 12.37, 13.0, 28.46, 12.53, 23.54, 22.02, 25.96, 30.02, 4.12, 24.21, 15.03, 37.22, 26.87, 40.11, 28.6, 21.63, 32.02, 48.33, 36.06, 28.43, 39.81, 31.89, 34.06, 33.54, 37.59, 36.69, 39.82, 5.39, 43.74, 53.26, 8.6, 20.25, 47.42, 35.34, 18.03, 16.76, 7.21, 31.76, 53.08, 39.56, 24.04, 40.45, 26.57, 35.47, 28.44, 25.5, 30.59, 25.94, 24.19, 25.93, 33.5, 32.27, 8.51, 32.27], [32.14, 3.16, 16.16, 28.16, 44.6, 50.25, 35.17, 36.14, 33.84, 43.19, 41.23, 37.01, 12.37, 0.0, 8.0, 16.16, 10.0, 26.93, 20.1, 28.44, 35.47, 13.04, 22.2, 21.1, 35.69, 23.09, 28.0, 22.83, 21.0, 34.23, 39.41, 33.96, 23.26, 31.24, 26.83, 38.33, 21.21, 36.5, 26.93, 36.4, 14.14, 32.89, 47.01, 5.39, 8.06, 38.6, 35.13, 24.7, 8.94, 12.04, 24.08, 47.43, 27.2, 11.7, 28.16, 28.16, 30.02, 31.78, 15.26, 18.25, 26.0, 17.49, 27.72, 21.64, 28.94, 4.3, 28.94], [33.84, 5.1, 15.13, 30.08, 39.66, 44.69, 38.01, 28.46, 32.14, 37.64, 35.38, 31.14, 13.0, 8.0, 0.0, 20.52, 17.09, 19.31, 12.17, 20.62, 28.18, 11.05, 14.32, 14.87, 27.89, 15.65, 29.12, 16.28, 13.0, 26.31, 35.34, 26.25, 16.4, 26.83, 20.0, 30.68, 23.71, 28.64, 23.77, 29.07, 17.2, 31.14, 41.01, 11.18, 13.89, 34.44, 27.17, 18.38, 4.0, 8.06, 18.87, 41.11, 30.53, 16.28, 30.08, 20.22, 23.43, 24.04, 13.0, 21.1, 18.0, 11.4, 19.81, 22.19, 21.48, 6.52, 21.48], [17.26, 16.64, 12.0, 13.34, 40.25, 47.01, 19.24, 47.51, 24.04, 40.5, 39.56, 35.9, 28.46, 16.16, 20.52, 0.0, 21.1, 38.83, 29.07, 39.45, 48.01, 29.07, 30.46, 35.38, 41.77, 29.12, 14.32, 26.31, 30.89, 44.28, 33.62, 39.62, 27.46, 27.51, 30.15, 49.74, 6.71, 42.95, 21.54, 40.05, 29.27, 23.35, 45.22, 20.4, 8.25, 33.12, 42.72, 38.9, 17.8, 27.46, 24.02, 46.57, 11.18, 4.47, 13.34, 38.47, 32.0, 43.05, 14.14, 4.24, 35.34, 21.84, 38.27, 10.7, 34.03, 20.36, 34.03], [38.33, 13.04, 25.24, 34.37, 54.45, 60.21, 40.01, 43.1, 42.49, 53.15, 51.22, 47.01, 12.53, 10.0, 17.09, 21.1, 0.0, 34.01, 29.12, 36.01, 41.59, 15.81, 31.32, 26.48, 44.92, 32.7, 34.93, 32.76, 29.61, 42.05, 49.04, 43.32, 33.12, 41.04, 36.72, 45.18, 27.46, 45.61, 36.4, 46.1, 10.0, 41.59, 57.01, 6.08, 13.6, 48.27, 43.93, 29.83, 18.87, 17.12, 34.06, 57.43, 32.0, 17.46, 34.37, 36.12, 39.96, 39.01, 24.84, 24.52, 34.53, 27.46, 35.59, 29.44, 38.54, 10.79, 38.54], [48.6, 24.35, 29.73, 45.45, 40.2, 42.45, 53.91, 9.22, 41.79, 36.5, 33.54, 30.15, 23.54, 26.93, 19.31, 38.83, 34.01, 0.0, 10.82, 2.83, 9.22, 19.42, 10.77, 8.94, 16.64, 14.56, 43.6, 18.97, 8.6, 8.54, 39.12, 16.55, 17.72, 31.58, 19.1, 11.4, 40.31, 16.4, 32.31, 21.54, 28.86, 40.85, 37.64, 28.07, 33.11, 38.12, 13.45, 7.81, 21.1, 17.03, 24.35, 36.4, 47.38, 34.99, 45.45, 4.47, 22.0, 5.0, 26.91, 38.29, 7.0, 19.42, 3.81, 36.94, 16.07, 23.76, 16.07], [37.8, 17.03, 19.1, 34.71, 32.57, 36.24, 43.19, 18.6, 31.32, 29.55, 26.83, 22.85, 22.02, 20.1, 12.17, 29.07, 29.12, 10.82, 0.0, 10.63, 19.85, 18.38, 2.24, 13.15, 15.81, 5.39, 32.8, 9.0, 2.24, 15.23, 30.15, 14.32, 8.06, 22.0, 10.77, 20.81, 29.83, 16.49, 21.84, 17.8, 27.2, 30.36, 31.91, 23.09, 24.52, 29.15, 15.03, 15.03, 12.17, 14.87, 14.14, 31.4, 36.88, 25.63, 34.71, 9.43, 14.32, 14.21, 16.28, 28.02, 6.32, 8.6, 9.3, 26.2, 10.26, 18.34, 10.26], [48.27, 25.71, 29.73, 45.28, 38.05, 40.02, 53.76, 8.06, 40.72, 34.23, 31.26, 28.02, 25.96, 28.44, 20.62, 39.45, 36.01, 2.83, 10.63, 0.0, 9.43, 21.84, 10.0, 11.66, 13.89, 13.42, 43.28, 17.89, 8.6, 6.08, 37.34, 13.93, 16.55, 30.08, 17.46, 10.3, 40.46, 13.6, 31.3, 18.97, 31.32, 39.81, 35.17, 30.0, 34.18, 36.35, 10.63, 10.63, 21.93, 19.24, 23.26, 33.84, 47.51, 35.78, 45.28, 2.0, 20.1, 3.61, 26.91, 38.6, 5.39, 19.1, 1.58, 36.78, 14.01, 25.54, 14.01], [57.63, 33.11, 38.9, 54.56, 46.1, 47.17, 63.03, 4.47, 50.09, 42.01, 39.01, 36.22, 30.02, 35.47, 28.18, 48.01, 41.59, 9.22, 19.85, 9.43, 0.0, 26.08, 19.42, 15.13, 20.1, 22.83, 52.63, 27.29, 17.69, 9.06, 46.1, 21.0, 25.94, 39.22, 26.57, 5.0, 49.52, 19.24, 40.71, 26.02, 35.01, 49.19, 42.19, 35.9, 42.06, 45.12, 16.12, 12.0, 30.23, 24.52, 32.65, 40.45, 56.59, 44.1, 54.56, 11.18, 28.86, 6.32, 36.07, 47.51, 14.76, 28.43, 10.98, 46.05, 22.68, 31.95, 22.68], [44.15, 12.65, 26.02, 40.26, 49.65, 54.08, 47.76, 28.07, 43.19, 47.17, 44.65, 40.5, 4.12, 13.04, 11.05, 29.07, 15.81, 19.42, 18.38, 21.84, 26.08, 0.0, 20.52, 11.0, 33.29, 23.43, 39.62, 25.55, 17.8, 27.89, 45.88, 32.2, 25.24, 37.34, 28.6, 30.02, 33.53, 33.62, 34.71, 36.12, 9.49, 42.19, 50.0, 10.82, 21.1, 44.94, 31.3, 14.14, 15.03, 3.61, 29.15, 49.68, 39.92, 24.6, 40.26, 22.47, 32.2, 24.33, 24.02, 30.68, 21.95, 21.54, 21.83, 32.81, 28.64, 8.75, 28.64], [38.29, 19.1, 20.0, 35.36, 31.05, 34.44, 43.84, 17.69, 31.02, 27.86, 25.08, 21.19, 24.21, 22.2, 14.32, 30.46, 31.32, 10.77, 2.24, 10.0, 19.42, 20.52, 0.0, 14.56, 13.6, 4.0, 33.3, 8.25, 3.16, 13.89, 29.02, 12.08, 7.07, 21.1, 9.22, 19.85, 30.81, 14.32, 21.54, 15.62, 29.41, 30.08, 30.02, 25.3, 26.31, 28.02, 13.0, 16.03, 14.04, 17.03, 13.6, 29.41, 37.8, 27.2, 35.36, 8.49, 12.65, 13.45, 17.2, 29.15, 5.0, 9.22, 8.51, 26.88, 8.14, 20.55, 8.14], [47.85, 19.21, 28.64, 44.29, 45.61, 48.85, 52.48, 17.12, 43.57, 42.38, 39.56, 35.74, 15.03, 21.1, 14.87, 35.38, 26.48, 8.94, 13.15, 11.66, 15.13, 11.0, 14.56, 0.0, 24.76, 18.44, 42.95, 22.09, 11.4, 17.46, 43.29, 24.21, 21.21, 35.06, 23.77, 19.03, 38.28, 24.76, 34.23, 28.84, 20.22, 42.58, 44.28, 20.88, 28.43, 42.3, 22.02, 3.61, 18.03, 9.49, 27.0, 43.42, 45.22, 31.11, 44.29, 12.81, 27.2, 13.6, 26.0, 35.81, 13.6, 20.22, 12.1, 36.01, 22.14, 17.22, 22.14], [45.49, 32.56, 30.08, 43.42, 26.48, 27.07, 51.62, 16.0, 34.66, 22.2, 19.24, 17.09, 37.22, 35.69, 27.89, 41.77, 44.92, 16.64, 15.81, 13.89, 20.1, 33.29, 13.6, 24.76, 0.0, 13.0, 40.82, 15.52, 15.65, 11.05, 27.73, 2.24, 14.32, 22.67, 12.08, 17.12, 40.5, 1.41, 26.4, 6.08, 42.54, 33.94, 22.09, 38.9, 39.0, 26.83, 4.0, 24.41, 27.17, 30.02, 19.24, 20.4, 47.01, 39.2, 43.42, 12.21, 12.04, 14.56, 27.66, 39.56, 11.4, 20.1, 12.9, 35.59, 7.76, 34.15, 7.76], [35.36, 19.92, 17.89, 32.65, 27.2, 30.89, 41.11, 20.62, 27.31, 24.17, 21.47, 17.46, 26.87, 23.09, 15.65, 29.12, 32.7, 14.56, 5.39, 13.42, 22.83, 23.43, 4.0, 18.44, 13.0, 0.0, 30.41, 4.47, 7.07, 16.28, 25.02, 11.05, 3.16, 17.12, 5.39, 22.67, 28.65, 14.04, 17.89, 13.42, 31.89, 26.4, 26.63, 26.83, 26.0, 24.02, 13.6, 20.02, 14.32, 19.85, 9.85, 26.25, 35.51, 26.31, 32.65, 11.66, 8.94, 16.64, 15.23, 27.31, 8.06, 7.28, 11.85, 24.3, 5.85, 22.15, 5.85], [5.0, 27.17, 14.32, 3.0, 30.41, 37.48, 10.82, 50.93, 11.7, 32.02, 32.06, 29.43, 40.11, 28.0, 29.12, 14.32, 34.93, 43.6, 32.8, 43.28, 52.63, 39.62, 33.3, 42.95, 40.82, 30.41, 0.0, 26.25, 35.0, 46.69, 23.35, 38.59, 27.66, 20.4, 28.84, 53.04, 7.62, 42.19, 14.87, 37.16, 42.05, 11.4, 37.01, 33.06, 21.38, 23.19, 43.01, 46.07, 25.3, 37.11, 21.63, 39.01, 8.25, 17.46, 3.0, 41.77, 29.07, 46.75, 17.0, 10.44, 38.21, 24.21, 41.82, 6.96, 33.43, 31.6, 33.43], [31.14, 19.72, 14.56, 28.6, 24.17, 28.6, 37.01, 25.0, 22.85, 21.63, 19.21, 15.0, 28.6, 22.83, 16.28, 26.31, 32.76, 18.97, 9.0, 17.89, 27.29, 25.55, 8.25, 22.09, 15.52, 4.47, 26.25, 0.0, 11.05, 20.52, 21.21, 13.34, 1.41, 13.0, 4.12, 27.02, 25.08, 16.76, 13.42, 14.14, 33.3, 21.93, 24.76, 27.2, 24.33, 20.22, 17.0, 24.02, 13.89, 21.95, 5.39, 24.84, 31.76, 24.0, 28.6, 16.12, 7.21, 21.1, 12.17, 24.04, 12.53, 5.39, 16.32, 20.41, 7.76, 22.73, 7.76], [40.0, 18.03, 21.21, 36.88, 34.21, 37.58, 45.34, 16.64, 33.53, 31.02, 28.23, 24.35, 21.63, 21.0, 13.0, 30.89, 29.61, 8.6, 2.24, 8.6, 17.69, 17.8, 3.16, 11.4, 15.65, 7.07, 35.0, 11.05, 0.0, 13.6, 32.06, 14.42, 10.0, 24.02, 12.37, 18.87, 31.89, 16.16, 24.04, 18.38, 26.93, 32.57, 33.12, 23.54, 25.96, 31.06, 14.32, 13.0, 13.6, 14.42, 16.28, 32.45, 38.95, 27.31, 36.88, 7.62, 15.81, 12.21, 18.38, 30.0, 5.0, 10.82, 7.38, 28.36, 11.1, 18.83, 11.1], [51.62, 31.4, 33.84, 48.92, 37.22, 38.12, 57.38, 5.1, 42.72, 33.06, 30.07, 27.46, 32.02, 34.23, 26.31, 44.28, 42.05, 8.54, 15.23, 6.08, 9.06, 27.89, 13.89, 17.46, 11.05, 16.28, 46.69, 20.52, 13.6, 0.0, 37.64, 12.04, 19.1, 31.3, 18.87, 6.71, 44.65, 10.2, 33.6, 17.0, 37.36, 41.88, 33.14, 36.01, 39.56, 36.69, 7.07, 15.81, 27.2, 25.32, 25.61, 31.4, 51.61, 40.85, 48.92, 6.08, 20.62, 4.24, 31.06, 43.05, 8.94, 23.02, 6.52, 40.53, 14.53, 31.5, 14.53], [26.0, 36.89, 24.04, 26.31, 7.07, 14.14, 32.06, 42.72, 12.0, 9.49, 10.82, 10.82, 48.33, 39.41, 35.34, 33.62, 49.04, 39.12, 30.15, 37.34, 46.1, 45.88, 29.02, 43.29, 27.73, 25.02, 23.35, 21.21, 32.06, 37.64, 0.0, 26.0, 22.09, 8.54, 20.02, 44.27, 28.23, 29.07, 12.73, 21.95, 52.35, 12.04, 14.32, 44.65, 36.8, 1.0, 31.38, 45.04, 31.76, 42.38, 16.76, 16.76, 31.58, 34.21, 26.31, 35.36, 17.26, 39.81, 24.21, 29.53, 32.14, 24.35, 35.78, 23.03, 23.44, 40.99, 23.44], [43.27, 30.81, 27.89, 41.18, 25.18, 26.31, 49.4, 17.12, 32.56, 21.02, 18.03, 15.52, 36.06, 33.96, 26.25, 39.62, 43.32, 16.55, 14.32, 13.93, 21.0, 32.2, 12.08, 24.21, 2.24, 11.05, 38.59, 13.34, 14.42, 12.04, 26.0, 0.0, 12.17, 20.62, 9.85, 18.44, 38.28, 3.61, 24.21, 5.1, 41.34, 31.83, 21.38, 37.34, 37.01, 25.08, 5.39, 24.19, 25.32, 28.84, 17.0, 19.92, 44.78, 37.12, 41.18, 12.08, 9.9, 15.13, 25.5, 37.36, 10.63, 18.03, 12.75, 33.35, 5.59, 32.6, 5.59], [32.56, 20.12, 15.81, 30.0, 24.7, 28.84, 38.42, 23.6, 24.17, 21.95, 19.42, 15.26, 28.43, 23.26, 16.4, 27.46, 33.12, 17.72, 8.06, 16.55, 25.94, 25.24, 7.07, 21.21, 14.32, 3.16, 27.66, 1.41, 10.0, 19.1, 22.09, 12.17, 0.0, 14.04, 3.61, 25.61, 26.4, 15.52, 14.76, 13.34, 33.24, 23.26, 24.84, 27.46, 25.18, 21.1, 15.65, 23.0, 14.32, 21.63, 6.71, 24.76, 33.12, 25.02, 30.0, 14.76, 7.07, 19.72, 13.34, 25.3, 11.18, 6.08, 14.98, 21.78, 6.58, 22.9, 6.58], [24.35, 28.6, 16.64, 23.35, 13.45, 19.72, 30.68, 36.25, 12.04, 13.0, 12.17, 9.06, 39.81, 31.24, 26.83, 27.51, 41.04, 31.58, 22.0, 30.08, 39.22, 37.34, 21.1, 35.06, 22.67, 17.12, 20.4, 13.0, 24.02, 31.3, 8.54, 20.62, 14.04, 0.0, 12.65, 38.01, 23.19, 24.08, 6.08, 17.8, 43.91, 11.4, 17.72, 36.4, 29.41, 7.62, 25.81, 37.01, 23.32, 33.84, 8.25, 19.24, 28.07, 27.29, 23.35, 28.16, 10.82, 32.89, 16.28, 23.77, 24.74, 15.81, 28.5, 17.68, 16.77, 32.6, 16.77], [33.6, 23.71, 18.25, 31.38, 21.84, 25.55, 39.66, 23.71, 23.85, 18.79, 16.12, 12.08, 31.89, 26.83, 20.0, 30.15, 36.72, 19.1, 10.77, 17.46, 26.57, 28.6, 9.22, 23.77, 12.08, 5.39, 28.84, 4.12, 12.37, 18.87, 20.02, 9.85, 3.61, 12.65, 0.0, 25.55, 28.46, 13.42, 14.87, 10.05, 36.77, 23.02, 21.4, 31.06, 28.44, 19.03, 14.21, 25.18, 17.89, 25.0, 7.21, 21.21, 34.93, 28.02, 31.38, 15.52, 3.61, 20.25, 16.03, 27.66, 12.17, 9.49, 15.89, 23.51, 4.61, 26.5, 4.61], [58.0, 35.74, 39.82, 55.17, 43.57, 44.0, 63.66, 2.24, 49.4, 39.32, 36.35, 33.96, 34.06, 38.33, 30.68, 49.74, 45.18, 11.4, 20.81, 10.3, 5.0, 30.02, 19.85, 19.03, 17.12, 22.67, 53.04, 27.02, 18.87, 6.71, 44.27, 18.44, 25.61, 38.01, 25.55, 0.0, 50.61, 16.03, 40.22, 23.19, 39.2, 48.55, 39.0, 39.32, 44.38, 43.32, 13.15, 16.28, 32.2, 28.07, 32.2, 37.05, 57.63, 46.07, 55.17, 11.4, 27.31, 6.71, 37.01, 48.83, 14.87, 29.07, 11.51, 46.72, 21.24, 35.11, 21.24], [11.0, 20.88, 10.82, 7.0, 35.11, 42.06, 14.32, 48.41, 17.8, 35.9, 35.36, 32.06, 33.54, 21.21, 23.71, 6.71, 27.46, 40.31, 29.83, 40.46, 49.52, 33.53, 30.81, 38.28, 40.5, 28.65, 7.62, 25.08, 31.89, 44.65, 28.23, 38.28, 26.4, 23.19, 28.46, 50.61, 0.0, 41.79, 17.12, 37.85, 35.01, 17.2, 40.79, 26.02, 14.04, 27.86, 42.05, 41.62, 20.25, 31.38, 21.59, 42.43, 7.07, 10.05, 7.0, 39.2, 29.61, 44.05, 13.6, 3.0, 35.81, 21.63, 39.12, 5.52, 32.78, 25.11, 32.78], [46.87, 33.38, 31.32, 44.78, 27.66, 28.02, 53.0, 15.03, 36.07, 23.35, 20.4, 18.38, 37.59, 36.5, 28.64, 42.95, 45.61, 16.4, 16.49, 13.6, 19.24, 33.62, 14.32, 24.76, 1.41, 14.04, 42.19, 16.76, 16.16, 10.2, 29.07, 3.61, 15.52, 24.08, 13.42, 16.03, 41.79, 0.0, 27.8, 7.28, 42.94, 35.36, 23.02, 39.56, 40.01, 28.18, 3.16, 24.21, 28.07, 30.41, 20.59, 21.21, 48.33, 40.31, 44.78, 12.04, 13.45, 13.93, 28.86, 40.8, 11.66, 21.21, 12.75, 36.91, 9.01, 34.82, 9.01], [19.24, 24.6, 11.31, 17.72, 18.87, 25.5, 25.5, 38.28, 9.49, 18.97, 18.25, 15.0, 36.69, 26.93, 23.77, 21.54, 36.4, 32.31, 21.84, 31.3, 40.71, 34.71, 21.54, 34.23, 26.4, 17.89, 14.87, 13.42, 24.04, 33.6, 12.73, 24.21, 14.76, 6.08, 14.87, 40.22, 17.12, 27.8, 0.0, 22.36, 40.31, 8.54, 23.77, 32.25, 24.08, 12.04, 29.0, 36.67, 19.92, 31.4, 8.06, 25.32, 22.2, 21.63, 17.72, 29.53, 14.42, 34.48, 11.66, 17.72, 25.94, 14.04, 29.74, 11.6, 19.45, 28.89, 19.45], [41.59, 33.24, 28.07, 39.92, 20.4, 21.21, 47.85, 22.02, 29.83, 16.12, 13.15, 11.18, 39.82, 36.4, 29.07, 40.05, 46.1, 21.54, 17.8, 18.97, 26.02, 36.12, 15.62, 28.84, 6.08, 13.42, 37.16, 14.14, 18.38, 17.0, 21.95, 5.1, 13.34, 17.8, 10.05, 23.19, 37.85, 7.28, 22.36, 0.0, 45.0, 29.21, 16.28, 40.25, 38.47, 21.1, 10.05, 29.07, 27.51, 32.65, 16.28, 14.87, 43.97, 38.05, 39.92, 17.09, 8.25, 20.22, 26.0, 37.34, 15.26, 19.42, 17.73, 32.63, 7.63, 35.56, 7.63], [46.01, 15.81, 30.08, 42.01, 56.86, 61.85, 48.51, 37.34, 47.8, 54.82, 52.5, 48.27, 5.39, 14.14, 17.2, 29.27, 10.0, 28.86, 27.2, 31.32, 35.01, 9.49, 29.41, 20.22, 42.54, 31.89, 42.05, 33.3, 26.93, 37.36, 52.35, 41.34, 33.24, 43.91, 36.77, 39.2, 35.01, 42.94, 40.31, 45.0, 0.0, 46.84, 58.05, 9.0, 21.1, 51.48, 40.72, 23.02, 20.59, 12.53, 36.06, 57.98, 40.45, 25.08, 42.01, 31.95, 40.31, 33.73, 28.79, 32.02, 31.3, 28.6, 31.31, 35.78, 37.41, 11.42, 37.41], [14.04, 31.05, 16.76, 14.32, 19.1, 26.17, 20.22, 46.65, 1.0, 21.1, 21.59, 19.7, 43.74, 32.89, 31.14, 23.35, 41.59, 40.85, 30.36, 39.81, 49.19, 42.19, 30.08, 42.58, 33.94, 26.4, 11.4, 21.93, 32.57, 41.88, 12.04, 31.83, 23.26, 11.4, 23.02, 48.55, 17.2, 35.36, 8.54, 29.21, 46.84, 0.0, 26.08, 38.28, 28.3, 12.0, 36.88, 45.12, 27.17, 39.05, 16.55, 28.28, 19.65, 25.0, 14.32, 38.01, 21.93, 42.94, 18.25, 19.1, 34.44, 22.36, 38.24, 12.75, 27.5, 35.53, 27.5], [40.11, 44.05, 34.01, 40.01, 8.06, 5.0, 46.27, 38.05, 26.17, 5.0, 5.83, 10.0, 53.26, 47.01, 41.01, 45.22, 57.01, 37.64, 31.91, 35.17, 42.19, 50.0, 30.02, 44.28, 22.09, 26.63, 37.01, 24.76, 33.12, 33.14, 14.32, 21.38, 24.84, 17.72, 21.4, 39.0, 40.79, 23.02, 23.77, 16.28, 58.05, 26.08, 0.0, 51.74, 46.53, 14.14, 26.08, 44.94, 38.29, 46.4, 23.02, 2.83, 45.1, 44.78, 40.01, 33.24, 17.8, 36.5, 33.12, 41.48, 31.02, 29.73, 33.86, 35.31, 22.14, 47.4, 22.14], [37.01, 7.81, 21.54, 33.02, 49.68, 55.15, 39.62, 37.22, 39.22, 48.08, 46.01, 41.77, 8.6, 5.39, 11.18, 20.4, 6.08, 28.07, 23.09, 30.0, 35.9, 10.82, 25.3, 20.88, 38.9, 26.83, 33.06, 27.2, 23.54, 36.01, 44.65, 37.34, 27.46, 36.4, 31.06, 39.32, 26.02, 39.56, 32.25, 40.25, 9.0, 38.28, 51.74, 0.0, 12.17, 43.83, 37.85, 24.35, 13.45, 11.4, 29.0, 52.01, 31.58, 16.12, 33.02, 30.07, 34.41, 33.06, 20.59, 23.02, 28.44, 22.02, 29.54, 26.88, 32.65, 4.74, 32.65], [25.02, 9.22, 12.81, 21.02, 42.8, 49.09, 27.46, 42.15, 29.15, 42.19, 40.71, 36.67, 20.25, 8.06, 13.89, 8.25, 13.6, 33.11, 24.52, 34.18, 42.06, 21.1, 26.31, 28.43, 39.0, 26.0, 21.38, 24.33, 25.96, 39.56, 36.8, 37.01, 25.18, 29.41, 28.44, 44.38, 14.04, 40.01, 24.08, 38.47, 21.1, 28.3, 46.53, 12.17, 0.0, 36.12, 39.2, 32.02, 12.37, 19.85, 23.77, 47.42, 19.42, 4.0, 21.02, 33.53, 31.05, 37.7, 13.42, 11.05, 30.81, 19.1, 33.2, 15.89, 31.56, 12.35, 31.56], [26.02, 36.06, 23.35, 26.17, 7.28, 14.32, 32.14, 41.76, 12.04, 9.22, 10.3, 10.0, 47.42, 38.6, 34.44, 33.12, 48.27, 38.12, 29.15, 36.35, 45.12, 44.94, 28.02, 42.3, 26.83, 24.02, 23.19, 20.22, 31.06, 36.69, 1.0, 25.08, 21.1, 7.62, 19.03, 43.32, 27.86, 28.18, 12.04, 21.1, 51.48, 12.0, 14.14, 43.83, 36.12, 0.0, 30.46, 44.05, 30.89, 41.44, 15.81, 16.49, 31.4, 33.6, 26.17, 34.37, 16.28, 38.83, 23.43, 29.07, 31.14, 23.41, 34.79, 22.59, 22.46, 40.13, 22.46], [47.8, 32.06, 31.38, 45.49, 30.41, 31.06, 53.82, 12.0, 37.64, 26.17, 23.19, 20.88, 35.34, 35.13, 27.17, 42.72, 43.93, 13.45, 15.03, 10.63, 16.12, 31.3, 13.0, 22.02, 4.0, 13.6, 43.01, 17.0, 14.32, 7.07, 31.38, 5.39, 15.65, 25.81, 14.21, 13.15, 42.05, 3.16, 29.0, 10.05, 40.72, 36.88, 26.08, 37.85, 39.2, 30.46, 0.0, 21.26, 27.02, 28.23, 21.4, 24.33, 48.76, 39.81, 45.49, 9.22, 15.0, 10.77, 28.79, 40.85, 9.49, 20.88, 9.92, 37.4, 9.6, 33.14, 9.6], [51.0, 22.8, 31.76, 47.51, 46.87, 49.65, 55.76, 14.56, 46.1, 43.42, 40.52, 36.88, 18.03, 24.7, 18.38, 38.9, 29.83, 7.81, 15.03, 10.63, 12.0, 14.14, 16.03, 3.61, 24.41, 20.02, 46.07, 24.02, 13.0, 15.81, 45.04, 24.19, 23.0, 37.01, 25.18, 16.28, 41.62, 24.21, 36.67, 29.07, 23.02, 45.12, 44.94, 24.35, 32.02, 44.05, 21.26, 0.0, 21.4, 13.0, 29.15, 43.86, 48.6, 34.66, 47.51, 12.21, 28.44, 11.66, 29.07, 39.2, 13.93, 22.8, 11.51, 39.15, 22.94, 20.8, 22.94], [30.08, 5.83, 11.18, 26.4, 36.4, 41.73, 34.48, 29.97, 28.16, 34.66, 32.56, 28.32, 16.76, 8.94, 4.0, 17.8, 18.87, 21.1, 12.17, 21.93, 30.23, 15.03, 14.04, 18.03, 27.17, 14.32, 25.3, 13.89, 13.6, 27.2, 31.76, 25.32, 14.32, 23.32, 17.89, 32.2, 20.25, 28.07, 19.92, 27.51, 20.59, 27.17, 38.29, 13.45, 12.37, 30.89, 27.02, 21.4, 0.0, 12.04, 15.62, 38.6, 27.2, 13.89, 26.4, 21.19, 21.1, 25.5, 9.0, 17.8, 18.44, 8.6, 20.89, 18.34, 20.13, 9.3, 20.13], [41.76, 10.82, 23.19, 37.95, 46.07, 50.48, 45.69, 26.02, 40.05, 43.57, 41.05, 36.89, 7.21, 12.04, 8.06, 27.46, 17.12, 17.03, 14.87, 19.24, 24.52, 3.61, 17.03, 9.49, 30.02, 19.85, 37.11, 21.95, 14.42, 25.32, 42.38, 28.84, 21.63, 33.84, 25.0, 28.07, 31.38, 30.41, 31.4, 32.65, 12.53, 39.05, 46.4, 11.4, 19.85, 41.44, 28.23, 13.0, 12.04, 0.0, 25.63, 46.1, 38.01, 23.02, 37.95, 19.65, 28.6, 22.02, 21.02, 28.64, 18.79, 18.03, 19.04, 30.21, 25.12, 7.91, 25.12], [26.4, 21.21, 12.04, 24.19, 20.81, 26.17, 32.45, 30.23, 17.46, 19.1, 17.2, 13.04, 31.76, 24.08, 18.87, 24.02, 34.06, 24.35, 14.14, 23.26, 32.65, 29.15, 13.6, 27.0, 19.24, 9.85, 21.63, 5.39, 16.28, 25.61, 16.76, 17.0, 6.71, 8.25, 7.21, 32.2, 21.59, 20.59, 8.06, 16.28, 36.06, 16.55, 23.02, 29.0, 23.77, 15.81, 21.4, 29.15, 15.62, 25.63, 0.0, 23.71, 27.86, 22.56, 24.19, 21.47, 8.06, 26.42, 10.44, 21.1, 17.89, 7.62, 21.69, 16.45, 11.8, 24.91, 11.8], [42.3, 44.41, 35.11, 42.01, 10.82, 7.28, 48.51, 36.22, 28.44, 7.28, 7.07, 10.77, 53.08, 47.43, 41.11, 46.57, 57.43, 36.4, 31.4, 33.84, 40.45, 49.68, 29.41, 43.42, 20.4, 26.25, 39.01, 24.84, 32.45, 31.4, 16.76, 19.92, 24.76, 19.24, 21.21, 37.05, 42.43, 21.21, 25.32, 14.87, 57.98, 28.28, 2.83, 52.01, 47.42, 16.49, 24.33, 43.86, 38.6, 46.1, 23.71, 0.0, 47.01, 45.88, 42.01, 31.95, 17.69, 34.93, 34.01, 42.95, 29.97, 30.0, 32.6, 36.91, 21.36, 47.57, 21.36], [7.81, 27.31, 17.8, 5.39, 38.64, 45.71, 8.06, 55.44, 19.92, 40.11, 40.0, 37.12, 39.56, 27.2, 30.53, 11.18, 32.0, 47.38, 36.88, 47.51, 56.59, 39.92, 37.8, 45.22, 47.01, 35.51, 8.25, 31.76, 38.95, 51.61, 31.58, 44.78, 33.12, 28.07, 34.93, 57.63, 7.07, 48.33, 22.2, 43.97, 40.45, 19.65, 45.1, 31.58, 19.42, 31.4, 48.76, 48.6, 27.2, 38.01, 27.86, 47.01, 0.0, 15.52, 5.39, 46.23, 35.74, 51.09, 20.62, 9.43, 42.8, 28.6, 46.16, 11.42, 39.36, 31.31, 39.36], [21.02, 12.21, 10.77, 17.03, 40.5, 47.01, 23.54, 43.83, 25.81, 40.25, 39.0, 35.11, 24.04, 11.7, 16.28, 4.47, 17.46, 34.99, 25.63, 35.78, 44.1, 24.6, 27.2, 31.11, 39.2, 26.31, 17.46, 24.0, 27.31, 40.85, 34.21, 37.12, 25.02, 27.29, 28.02, 46.07, 10.05, 40.31, 21.63, 38.05, 25.08, 25.0, 44.78, 16.12, 4.0, 33.6, 39.81, 34.66, 13.89, 23.02, 22.56, 45.88, 15.52, 0.0, 17.03, 34.93, 30.27, 39.36, 12.17, 7.07, 31.95, 19.1, 34.68, 12.35, 31.56, 15.89, 31.56], [4.0, 27.66, 15.81, 0.0, 33.38, 40.45, 8.49, 53.04, 14.56, 35.01, 35.06, 32.39, 40.45, 28.16, 30.08, 13.34, 34.37, 45.45, 34.71, 45.28, 54.56, 40.26, 35.36, 44.29, 43.42, 32.65, 3.0, 28.6, 36.88, 48.92, 26.31, 41.18, 30.0, 23.35, 31.38, 55.17, 7.0, 44.78, 17.72, 39.92, 42.01, 14.32, 40.01, 33.02, 21.02, 26.17, 45.49, 47.51, 26.4, 37.95, 24.19, 42.01, 5.39, 17.03, 0.0, 43.84, 31.78, 48.8, 18.6, 10.0, 40.31, 26.17, 43.85, 8.51, 35.93, 31.98, 35.93], [46.75, 25.32, 28.43, 43.84, 36.06, 38.08, 52.33, 9.22, 38.91, 32.25, 29.27, 26.02, 26.57, 28.16, 20.22, 38.47, 36.12, 4.47, 9.43, 2.0, 11.18, 22.47, 8.49, 12.81, 12.21, 11.66, 41.77, 16.12, 7.62, 6.08, 35.36, 12.08, 14.76, 28.16, 15.52, 11.4, 39.2, 12.04, 29.53, 17.09, 31.95, 38.01, 33.24, 30.07, 33.53, 34.37, 9.22, 12.21, 21.19, 19.65, 21.47, 31.95, 46.23, 34.93, 43.84, 0.0, 18.11, 5.0, 25.61, 37.44, 3.61, 17.69, 0.71, 35.36, 12.01, 25.5, 12.01], [33.62, 26.93, 20.0, 31.78, 18.44, 21.95, 39.82, 25.63, 22.67, 15.23, 12.53, 8.54, 35.47, 30.02, 23.43, 32.0, 39.96, 22.0, 14.32, 20.1, 28.86, 32.2, 12.65, 27.2, 12.04, 8.94, 29.07, 7.21, 15.81, 20.62, 17.26, 9.9, 7.07, 10.82, 3.61, 27.31, 29.61, 13.45, 14.42, 8.25, 40.31, 21.93, 17.8, 34.41, 31.05, 16.28, 15.0, 28.44, 21.1, 28.6, 8.06, 17.69, 35.74, 30.27, 31.78, 18.11, 0.0, 22.56, 18.11, 29.15, 15.0, 12.53, 18.56, 24.38, 6.18, 29.91, 6.18], [51.74, 29.12, 33.3, 48.8, 40.01, 41.44, 57.28, 4.47, 43.83, 36.01, 33.02, 30.07, 28.44, 31.78, 24.04, 43.05, 39.01, 5.0, 14.21, 3.61, 6.32, 24.33, 13.45, 13.6, 14.56, 16.64, 46.75, 21.1, 12.21, 4.24, 39.81, 15.13, 19.72, 32.89, 20.25, 6.71, 44.05, 13.93, 34.48, 20.22, 33.73, 42.94, 36.5, 33.06, 37.7, 38.83, 10.77, 11.66, 25.5, 22.02, 26.42, 34.93, 51.09, 39.36, 48.8, 5.0, 22.56, 0.0, 30.48, 42.2, 8.6, 22.63, 4.95, 40.31, 16.38, 28.71, 16.38], [21.95, 13.0, 2.83, 18.6, 29.73, 35.81, 27.02, 34.83, 19.24, 28.84, 27.29, 23.26, 25.5, 15.26, 13.0, 14.14, 24.84, 26.91, 16.28, 26.91, 36.07, 24.02, 17.2, 26.0, 27.66, 15.23, 17.0, 12.17, 18.38, 31.06, 24.21, 25.5, 13.34, 16.28, 16.03, 37.01, 13.6, 28.86, 11.66, 26.0, 28.79, 18.25, 33.12, 20.59, 13.42, 23.43, 28.79, 29.07, 9.0, 21.02, 10.44, 34.01, 20.62, 12.17, 18.6, 25.61, 18.11, 30.48, 0.0, 12.08, 22.2, 8.06, 25.54, 10.12, 19.91, 17.39, 19.91], [14.0, 18.03, 9.49, 10.0, 36.25, 43.08, 17.09, 46.62, 19.8, 36.69, 35.9, 32.39, 30.59, 18.25, 21.1, 4.24, 24.52, 38.29, 28.02, 38.6, 47.51, 30.68, 29.15, 35.81, 39.56, 27.31, 10.44, 24.04, 30.0, 43.05, 29.53, 37.36, 25.3, 23.77, 27.66, 48.83, 3.0, 40.8, 17.72, 37.34, 32.02, 19.1, 41.48, 23.02, 11.05, 29.07, 40.85, 39.2, 17.8, 28.64, 21.1, 42.95, 9.43, 7.07, 10.0, 37.44, 29.15, 42.2, 12.08, 0.0, 34.13, 20.12, 37.32, 6.52, 31.8, 22.19, 31.8], [43.19, 23.02, 25.0, 40.31, 33.24, 35.74, 48.8, 12.73, 35.34, 29.61, 26.68, 23.19, 25.94, 26.0, 18.0, 35.34, 34.53, 7.0, 6.32, 5.39, 14.76, 21.95, 5.0, 13.6, 11.4, 8.06, 38.21, 12.53, 5.0, 8.94, 32.14, 10.63, 11.18, 24.74, 12.17, 14.87, 35.81, 11.66, 25.94, 15.26, 31.3, 34.44, 31.02, 28.44, 30.81, 31.14, 9.49, 13.93, 18.44, 18.79, 17.89, 29.97, 42.8, 31.95, 40.31, 3.61, 15.0, 8.6, 22.2, 34.13, 0.0, 14.21, 3.81, 31.85, 9.12, 23.76, 9.12], [29.21, 14.42, 10.82, 26.17, 28.3, 33.3, 34.66, 26.91, 23.35, 26.25, 24.04, 19.8, 24.19, 17.49, 11.4, 21.84, 27.46, 19.42, 8.6, 19.1, 28.43, 21.54, 9.22, 20.22, 20.1, 7.28, 24.21, 5.39, 10.82, 23.02, 24.35, 18.03, 6.08, 15.81, 9.49, 29.07, 21.63, 21.21, 14.04, 19.42, 28.6, 22.36, 29.73, 22.02, 19.1, 23.41, 20.88, 22.8, 8.6, 18.03, 7.62, 30.0, 28.6, 19.1, 26.17, 17.69, 12.53, 22.63, 8.06, 20.12, 14.21, 0.0, 17.68, 17.68, 12.5, 17.68, 12.5], [46.8, 24.91, 28.36, 43.85, 36.59, 38.68, 52.33, 9.3, 39.15, 32.81, 29.84, 26.54, 25.93, 27.72, 19.81, 38.27, 35.59, 3.81, 9.3, 1.58, 10.98, 21.83, 8.51, 12.1, 12.9, 11.85, 41.82, 16.32, 7.38, 6.52, 35.78, 12.75, 14.98, 28.5, 15.89, 11.51, 39.12, 12.75, 29.74, 17.73, 31.31, 38.24, 33.86, 29.54, 33.2, 34.79, 9.92, 11.51, 20.89, 19.04, 21.69, 32.6, 46.16, 34.68, 43.85, 0.71, 18.56, 4.95, 25.54, 37.32, 3.81, 17.68, 0.0, 35.36, 12.5, 25.0, 12.5], [11.85, 20.51, 7.38, 8.51, 29.81, 36.69, 16.99, 44.57, 13.51, 30.44, 29.84, 26.54, 33.5, 21.64, 22.19, 10.7, 29.44, 36.94, 26.2, 36.78, 46.05, 32.81, 26.88, 36.01, 35.59, 24.3, 6.96, 20.41, 28.36, 40.53, 23.03, 33.35, 21.78, 17.68, 23.51, 46.72, 5.52, 36.91, 11.6, 32.63, 35.78, 12.75, 35.31, 26.88, 15.89, 22.59, 37.4, 39.15, 18.34, 30.21, 16.45, 36.91, 11.42, 12.35, 8.51, 35.36, 24.38, 40.31, 10.12, 6.52, 31.85, 17.68, 35.36, 0.0, 27.95, 25.0, 27.95], [38.2, 25.77, 22.32, 35.93, 24.13, 26.74, 44.24, 19.5, 28.31, 20.5, 17.59, 14.08, 32.27, 28.94, 21.48, 34.03, 38.54, 16.07, 10.26, 14.01, 22.68, 28.64, 8.14, 22.14, 7.76, 5.85, 33.43, 7.76, 11.1, 14.53, 23.44, 5.59, 6.58, 16.77, 4.61, 21.24, 32.78, 9.01, 19.45, 7.63, 37.41, 27.5, 22.14, 32.65, 31.56, 22.46, 9.6, 22.94, 20.13, 25.12, 11.8, 21.36, 39.36, 31.56, 35.93, 12.01, 6.18, 16.38, 19.91, 31.8, 9.12, 12.5, 12.5, 27.95, 0.0, 27.95, 0.0], [35.92, 4.53, 18.83, 31.98, 45.7, 50.96, 39.22, 32.96, 36.5, 43.89, 41.72, 37.48, 8.51, 4.3, 6.52, 20.36, 10.79, 23.76, 18.34, 25.54, 31.95, 8.75, 20.55, 17.22, 34.15, 22.15, 31.6, 22.73, 18.83, 31.5, 40.99, 32.6, 22.9, 32.6, 26.5, 35.11, 25.11, 34.82, 28.89, 35.56, 11.42, 35.53, 47.4, 4.74, 12.35, 40.13, 33.14, 20.8, 9.3, 7.91, 24.91, 47.57, 31.31, 15.89, 31.98, 25.5, 29.91, 28.71, 17.39, 22.19, 23.76, 17.68, 25.0, 25.0, 27.95, 0.0, 27.95], [38.2, 25.77, 22.32, 35.93, 24.13, 26.74, 44.24, 19.5, 28.31, 20.5, 17.59, 14.08, 32.27, 28.94, 21.48, 34.03, 38.54, 16.07, 10.26, 14.01, 22.68, 28.64, 8.14, 22.14, 7.76, 5.85, 33.43, 7.76, 11.1, 14.53, 23.44, 5.59, 6.58, 16.77, 4.61, 21.24, 32.78, 9.01, 19.45, 7.63, 37.41, 27.5, 22.14, 32.65, 31.56, 22.46, 9.6, 22.94, 20.13, 25.12, 11.8, 21.36, 39.36, 31.56, 35.93, 12.01, 6.18, 16.38, 19.91, 31.8, 9.12, 12.5, 12.5, 27.95, 0.0, 27.95, 0.0]]
[20, 20, 20, 20, 20, 20]
5
[[0.0, 673.0], [325.0, 337.0], [24.0, 55.0], [524.0, 542.0], [166.0, 174.0], [187.0, 209.0], [546.0, 557.0], [87.0, 125.0], [256.0, 279.0], [160.0, 177.0], [172.0, 192.0], [157.0, 159.0], [364.0, 381.0], [316.0, 332.0], [352.0, 364.0], [6.0, 23.0], [496.0, 518.0], [111.0, 140.0], [464.0, 490.0], [417.0, 444.0], [109.0, 120.0], [361.0, 385.0], [120.0, 147.0], [401.0, 436.0], [86.0, 99.0], [45.0, 75.0], [0.0, 11.0], [51.0, 69.0], [129.0, 143.0], [85.0, 116.0], [233.0, 252.0], [88.0, 101.0], [56.0, 65.0], [211.0, 213.0], [133.0, 162.0], [452.0, 459.0], [4.0, 24.0], [597.0, 609.0], [28.0, 56.0], [71.0, 100.0], [385.0, 410.0], [218.0, 227.0], [234.0, 250.0], [305.0, 338.0], [330.0, 358.0], [192.0, 209.0], [75.0, 98.0], [434.0, 457.0], [337.0, 354.0], [374.0, 400.0], [48.0, 57.0], [183.0, 198.0], [645.0, 665.0], [293.0, 313.0], [0.0, 20.0], [121.0, 145.0], [66.0, 78.0], [112.0, 133.0], [288.0, 314.0], [8.0, 38.0], [583.0, 614.0], [0.0, 673.0], [0.0, 673.0], [0.0, 673.0], [0.0, 673.0], [0.0, 673.0], [0.0, 673.0]]
[[43.0, 48.0], [37.0, 17.0], [34.0, 31.0], [43.0, 44.0], [10.0, 49.0], [3.0, 50.0], [49.0, 50.0], [5.0, 7.0], [29.0, 48.0], [8.0, 45.0], [8.0, 42.0], [11.0, 39.0], [37.0, 4.0], [40.0, 16.0], [32.0, 16.0], [46.0, 31.0], [48.0, 10.0], [14.0, 9.0], [20.0, 18.0], [12.0, 11.0], [7.0, 3.0], [33.0, 5.0], [18.0, 19.0], [22.0, 5.0], [5.0, 23.0], [18.0, 23.0], [40.0, 44.0], [20.0, 27.0], [19.0, 16.0], [6.0, 12.0], [17.0, 48.0], [7.0, 24.0], [19.0, 26.0], [20.0, 40.0], [16.0, 28.0], [3.0, 6.0], [43.0, 37.0], [4.0, 22.0], [26.0, 39.0], [6.0, 29.0], [42.0, 2.0], [29.0, 47.0], [3.0, 45.0], [42.0, 11.0], [44.0, 23.0], [17.0, 47.0], [5.0, 19.0], [19.0, 3.0], [32.0, 20.0], [31.0, 8.0], [22.0, 32.0], [1.0, 43.0], [48.0, 42.0], [44.0, 27.0], [43.0, 44.0], [12.0, 13.0], [14.0, 31.0], [9.0, 9.0], [32.0, 29.0], [43.0, 34.0], [14.0, 16.0], [25.0, 25.0], [12.5, 12.5], [37.5, 37.5], [12.5, 25.0], [37.5, 12.5], [12.5, 25.0]]
[[0.0, 0.0], [0.0, 0.0], [0.0, 0.0], [0.0, 0.0], [0.0, 0.0], [0.0, 0.0], [0.0, 0.0], [0.0, 0.0], [0.0, 0.0], [0.0, 0.0], [0.0, 0.0], [0.0, 0.0], [0.0, 0.0], [0.0, 0.0], [0.0, 0.0], [0.0, 0.0], [0.0, 0.0], [0.0, 0.0], [0.0, 0.0], [0.0, 0.0], [0.0, 0.0], [0.0, 0.0], [0.0, 0.0], [0.0, 0.0], [0.0, 0.0], [0.0, 0.0], [0.0, 0.0], [0.0, 0.0], [0.0, 0.0], [0.0, 0.0], [0.0, 0.0], [0.0, 0.0], [0.0, 0.0], [0.0, 0.0], [0.0, 0.0], [0.0, 0.0], [0.0, 0.0], [0.0, 0.0], [0.0, 0.0], [0.0, 0.0], [0.0, 0.0], [0.0, 0.0], [0.0, 0.0], [0.0, 0.0], [0.0, 0.0], [0.0, 0.0], [0.0, 0.0], [0.0, 0.0], [0.0, 0.0], [0.0, 0.0], [0.0, 0.0], [0.0, 0.0], [0.0, 0.0], [0.0, 0.0], [0.0, 0.0], [0.0, 0.0], [0.0, 0.0], [0.0, 0.0], [0.0, 0.0], [0.0, 0.0], [0.0, 0.0], [0.0, 0.0], [0.0, 0.0], [0.0, 0.0], [0.0, 0.0], [0.0, 0.0], [0.0, 0.0]]
^demand; service time^
!! n60w20.002    19.92 663
